Car 0 0 1.984 327.8528 176.7896 622.6026 361.0815 1.5873 1.5766 3.7419 -1.2451 1.6374 8.1344 1.8321 0.8964 0.8337 0.713
Car 0 0 -1.3209 600.3487 178.386 718.9416 261.5466 1.4498 1.5502 3.4139 1.0449 1.5734 14.5261 -1.2491 0.8565 0.8437 0.8378
Car 0 0 -1.6551 884.5054 178.3208 956.5273 241.7459 1.5801 1.6316 3.4982 8.5329 1.7425 20.1617 -1.2547 0.7769 0.8281 0.6851
Car 0 0 -1.8821 950.9692 197.6874 1279.0 374.6203 1.4569 1.5183 3.1932 3.7069 1.6997 5.8681 -1.3187 0.6758 0.7714 0.7525
Car 0 0 1.689 739.118 169.8147 786.6442 207.5588 1.5378 1.5607 3.6672 6.5567 1.4012 30.8235 1.8986 0.6653 0.6436 0.1788
Car 0 0 -1.6073 860.9421 173.1998 886.2457 195.0405 1.4257 1.5894 3.5375 17.8714 1.4585 49.0636 -1.258 0.4263 0.1719 0.0
Car 0 0 -1.5275 767.9578 173.0013 801.865 201.7064 1.5165 1.5717 3.8414 9.6772 1.5271 39.9585 -1.2899 0.4049 0.3517 0.0
Car 0 0 -0.7981 906.4651 177.9724 1038.8284 241.9609 1.4757 1.581 3.3821 9.079 1.6087 18.136 -0.334 0.3691 0.0714 0.012
Car 0 0 -1.6185 877.141 182.0998 929.0109 228.9778 1.4926 1.6063 3.6027 10.1377 1.8302 25.2663 -1.237 0.2981 0.0714 0.0
Car 0 0 -0.8976 0.0 175.1775 409.1846 368.4466 1.5327 1.6099 3.8154 -2.7022 1.5962 3.4975 -1.5554 0.2914 3.0 0.599
Car 0 0 1.7285 803.7748 165.5474 829.048 184.6824 1.6555 1.6646 4.0073 18.6749 0.9977 65.2869 2.0071 0.2635 0.0096 0.0