Pedestrian 0 0 -1.044 949.1371 156.7778 1017.1154 285.7557 1.7179 0.6131 0.8529 5.2245 1.3863 9.9352 -0.5599 0.6586 0.5114 0.0
Pedestrian 0 0 -1.5068 575.0354 161.5098 607.9234 237.9304 1.7904 0.6358 0.8541 -0.2719 1.3147 17.4327 -1.5223 0.6509 0.4174 0.3361
Pedestrian 0 0 1.7404 432.6602 169.568 489.7838 288.8017 1.697 0.6526 0.8583 -2.1243 1.5256 10.7638 1.5456 0.625 0.3226 0.0
Cyclist 0 0 -1.1458 682.2631 156.4488 747.0695 246.008 1.8704 0.5919 2.0019 2.5003 1.3337 16.076 -0.9915 0.4941 0.0602 0.0
Pedestrian 0 0 1.2816 553.4988 166.3295 579.2532 223.6394 1.7474 0.6245 0.8094 -1.1192 1.2721 22.4079 1.2317 0.4917 0.01 0.4226
Cyclist 0 0 1.7458 512.5417 158.3808 547.6962 234.5601 1.7995 0.591 1.8927 -1.7932 1.2442 17.8533 1.6457 0.4833 0.0012 0.0
Pedestrian 0 0 1.889 156.4176 186.906 281.8036 373.4595 1.5728 0.6626 0.7731 -2.8256 1.6014 5.1493 1.3871 0.4801 0.0302 0.3147
Cyclist 0 0 1.7789 517.4086 173.2039 549.4726 234.0068 1.6878 0.5582 1.8877 -1.9863 1.4457 20.7307 1.6834 0.471 0.0714 0.0
Cyclist 0 0 -0.9217 929.2409 155.3858 1027.8351 286.7578 1.7366 0.5525 1.7795 5.2523 1.3939 10.0672 -0.4408 0.4567 0.0714 0.0
Pedestrian 0 0 1.8464 513.4124 157.6916 547.879 232.5968 1.8463 0.6274 0.884 -1.8274 1.2546 18.316 1.747 0.4438 0.1793 0.0
Cyclist 0 0 1.483 428.8693 171.7022 487.3423 287.4256 1.657 0.5981 1.7845 -2.2203 1.5184 10.9483 1.2829 0.4211 0.1056 0.5548
Pedestrian 0 0 0.5274 173.0413 160.389 351.1319 380.7724 1.6438 0.6252 0.7357 -2.2076 1.5187 4.2672 0.05 0.4161 0.0028 0.0791
Pedestrian 0 0 1.65 549.9544 161.6351 575.6767 222.3174 1.7941 0.6493 0.8613 -1.188 1.2008 21.8493 1.5957 0.4054 0.1945 0.0309
Pedestrian 0 0 1.934 140.3724 167.6843 299.3052 383.0 1.6172 0.6442 0.7258 -2.2996 1.5533 4.1262 1.4256 0.3914 11.0 0.0601
Pedestrian 0 0 -1.3926 604.0562 166.1826 624.6562 208.6891 1.7161 0.6149 0.7514 0.5037 1.0988 28.8563 -1.3752 0.3911 0.0714 0.0
Pedestrian 0 0 0.5702 196.658 175.8744 308.6326 348.3358 1.6032 0.5274 0.7788 -3.3662 1.5502 6.8815 0.1153 0.3613 0.014 0.0533
Pedestrian 0 0 0.6229 209.0952 172.0047 292.4256 339.966 1.7088 0.5573 0.6365 -3.7962 1.6024 7.6872 0.1642 0.3405 0.0371 0.2263
Pedestrian 0 0 1.3853 701.5899 157.6191 729.5438 223.9402 1.8972 0.668 0.8568 3.3462 1.2142 21.3828 1.5405 0.2915 0.0221 0.5617
Cyclist 0 0 -1.0451 686.5642 169.0518 736.7082 247.8429 1.6679 0.5689 1.4724 2.4221 1.4085 16.067 -0.8954 0.2823 0.0714 0.0