Car 0 0 -2.0241 790.7352 164.048 1156.7893 379.4281 1.6663 1.6067 3.6663 2.8463 1.6093 6.7465 -1.6248 0.8583 0.8265 0.7311
Car 0 0 -1.7129 676.1402 181.6617 750.1712 239.569 1.5155 1.6312 3.8909 2.8956 1.7925 21.3034 -1.5778 0.7974 0.7974 0.4821
Car 0 0 -0.3954 719.0385 175.9582 854.5362 224.7316 1.5472 1.6722 4.1032 5.9111 1.6659 24.5035 -0.1587 0.6623 0.5078 0.2077
Car 0 0 -2.5286 137.0295 189.4859 350.3665 283.2279 1.5223 1.5776 3.5234 -6.7487 1.8417 13.2479 -2.9998 0.5619 0.053 0.6343
Car 0 0 -2.9876 364.7391 179.3016 497.9004 228.5746 1.5241 1.6403 3.9712 -5.8384 1.7385 23.5958 3.0531 0.5504 0.267 0.3168
Car 0 0 -2.8433 210.4603 187.4888 434.0806 255.4816 1.4131 1.6553 4.0949 -6.3346 1.7516 16.1159 3.0653 0.5167 0.4839 0.5259
Car 0 0 0.6896 0.0 187.9913 285.854 349.1278 1.4291 1.6251 4.2303 -5.9931 1.636 7.6341 0.024 0.4767 0.3056 0.4989
Car 0 0 0.2226 306.7019 178.2207 469.058 248.2776 1.5925 1.6241 3.6959 -5.43 1.7384 17.57 -0.0772 0.4721 0.1105 0.4947
Car 0 0 -3.005 431.5946 178.5099 528.4916 213.642 1.5982 1.6839 4.1852 -6.1103 1.8637 33.9646 3.1002 0.4274 0.0492 0.0
Car 0 0 -1.6173 633.7988 177.5599 659.279 201.5151 1.5527 1.6093 4.0041 2.4536 1.8925 49.9221 -1.5682 0.4145 0.4327 0.0
Car 0 0 -2.9977 403.6268 177.637 506.7768 217.0166 1.5796 1.6144 3.9852 -6.4911 1.7896 30.3648 3.0749 0.3651 0.1697 0.0
Car 0 0 -2.8767 251.1589 179.1071 458.4116 250.1969 1.5053 1.6379 4.1881 -5.6907 1.656 16.3192 3.071 0.3285 0.0406 0.3967
Car 0 0 1.8901 65.6049 159.3321 284.8578 358.4572 1.7766 1.6462 3.6018 -4.7716 1.6857 7.6445 1.3321 0.3139 0.0714 0.241
Car 0 0 0.4751 330.0366 176.7932 474.9714 235.7017 1.5258 1.6246 3.7788 -5.6664 1.6405 19.7722 0.196 0.3032 0.0231 0.2941
Car 0 0 -3.0681 456.7367 178.0319 550.9659 207.3258 1.4847 1.6831 4.3299 -5.5239 1.7631 37.6707 3.0695 0.2731 0.0714 0.3578