Car 0 0 1.9407 175.0291 187.5962 399.0473 318.5788 1.509 1.6075 3.9768 -4.5742 1.7743 10.8581 1.542 0.8935 0.8651 0.7985
Car 0 0 -1.8447 749.9535 158.5423 897.7841 263.9727 1.7873 1.6914 4.3947 4.0256 1.5322 14.503 -1.574 0.7176 0.655 0.6002
Car 0 0 1.7216 525.8885 174.364 569.3525 205.0733 1.5487 1.6775 4.2231 -3.3512 1.6462 38.925 1.6357 0.627 0.6156 0.2879
Car 0 0 -1.7234 727.5804 176.1836 800.4846 229.8454 1.4589 1.5858 3.6646 4.4512 1.5644 21.5396 -1.5197 0.6228 0.7179 0.8319
Car 0 0 -1.735 711.0265 170.942 769.2182 217.1413 1.6275 1.6012 3.5971 4.8096 1.5733 27.5232 -1.562 0.6209 0.6861 0.6405
Car 0 0 2.1612 0.0 206.667 283.7294 375.0134 1.4365 1.5839 3.9734 -4.9936 1.8084 6.5845 1.5124 0.5759 0.7441 0.4594
Car 0 0 -1.7204 699.4361 171.3657 754.4952 213.1842 1.6097 1.6342 3.704 4.7239 1.565 29.9275 -1.5639 0.3758 0.062 0.1842
Car 0 0 -1.7035 687.7599 170.2602 723.458 199.1518 1.5749 1.6152 3.7335 5.4084 1.4313 41.3481 -1.5734 0.3389 0.4545 0.0
Car 0 0 1.6675 592.1444 170.5647 614.7456 187.9509 1.5467 1.6962 4.2211 -0.5772 1.3353 66.044 1.6587 0.3148 0.0157 0.3017
Car 0 0 -1.6603 702.4099 172.418 742.337 206.3826 1.5018 1.5754 3.5356 5.1613 1.4973 33.7848 -1.5087 0.3119 0.0714 0.3535
Car 0 0 1.7388 551.1884 174.6824 586.912 199.8448 1.5821 1.6406 3.9635 -2.6651 1.7061 47.5679 1.6829 0.2775 0.0714 0.0