Car 0 0 -1.8722 744.5152 175.1865 929.7766 302.6536 1.6195 1.6181 3.7992 3.208 1.6578 11.1322 -1.5916 0.8946 0.8441 0.8531
Car 0 0 -2.8726 188.2512 180.2281 402.1406 258.5228 1.566 1.6463 3.9534 -6.7789 1.7387 15.6836 3.0026 0.846 0.7702 0.3371
Car 0 0 -2.0525 837.0234 185.7259 1263.323 383.0 1.5313 1.5607 3.5217 3.1705 1.6697 6.094 -1.5728 0.8428 0.8619 0.8777
Car 0 0 -2.6552 0.0 184.3762 310.2727 307.3574 1.4815 1.6739 4.2698 -6.7786 1.6608 9.7545 3.0207 0.7925 0.731 0.6198
Car 0 0 -1.6998 680.0157 181.2936 741.0934 228.4385 1.4301 1.5751 3.7316 3.2856 1.7392 24.5065 -1.5665 0.7803 0.8573 0.7724
Car 0 0 -2.8007 273.7176 178.795 465.4544 247.1575 1.5291 1.6285 3.986 -5.7907 1.6838 17.4878 -3.1205 0.7417 0.5479 0.5967
Car 0 0 0.5366 369.6508 178.6569 503.6444 230.6726 1.5419 1.5952 3.8866 -5.5135 1.7324 22.8205 0.2995 0.4978 0.2524 0.333
Car 0 0 -2.9583 388.2639 174.9404 521.451 219.3037 1.5426 1.6972 4.3287 -5.4272 1.6049 25.3994 3.1143 0.4522 0.1948 0.0
Car 0 0 1.6662 432.8915 176.7111 512.5492 218.3041 1.3766 1.4833 3.7282 -4.9912 1.524 25.9629 1.4763 0.4233 0.0714 0.0
Car 0 0 -2.9159 332.5434 177.1916 485.9801 233.9725 1.5486 1.6061 3.8247 -5.7458 1.6863 20.8264 3.0981 0.3762 0.0714 0.1204
Car 0 0 3.1216 704.5805 174.4808 769.2665 211.7881 1.5599 1.5462 3.3578 5.5317 1.6311 31.712 -2.9889 0.3435 0.0033 0.0
Car 0 0 -2.8523 453.6242 177.6919 541.0717 213.3041 1.4864 1.5699 3.6534 -4.9127 1.704 31.1153 -3.0089 0.333 0.0287 0.0
Car 0 0 -2.5824 508.2186 175.2873 557.7831 199.3179 1.5684 1.5666 3.5032 -5.2343 1.7424 49.0673 -2.6887 0.2501 0.0714 0.2653