Car 0 0 -1.9971 754.2119 175.831 1031.4162 349.3008 1.5268 1.5507 3.4572 2.8492 1.5742 8.2303 -1.6639 0.9066 0.8461 0.601
Cyclist 0 0 1.8489 354.7698 172.8122 426.2048 290.7607 1.6689 0.5992 1.7546 -3.3781 1.6758 11.0419 1.552 0.7883 0.6722 0.7454
Car 0 0 -1.6765 587.4798 175.052 640.1738 218.586 1.4805 1.6134 3.4412 0.0365 1.5688 26.6533 -1.6751 0.7408 0.7046 0.7909
Car 0 0 1.7848 269.5759 184.6412 394.5713 266.806 1.4935 1.6904 4.2667 -6.1156 1.8127 16.2586 1.425 0.7191 0.7395 0.8465
Cyclist 0 0 1.8836 266.3039 175.6262 351.6292 322.8513 1.6357 0.5766 1.7811 -3.6768 1.6788 8.7909 1.4875 0.6728 0.5937 0.7435
Car 0 0 -1.4673 405.2623 179.1078 449.8706 216.5372 1.4706 1.6239 3.5614 -7.7995 1.7699 30.9213 -1.7144 0.5837 0.6007 0.4097
Car 0 0 -1.6087 560.6584 174.9238 595.4528 204.6269 1.4657 1.568 3.6739 -1.7211 1.5931 37.879 -1.6541 0.4857 0.4765 0.4477
Car 0 0 -1.2344 141.0256 194.0281 343.4056 318.8567 1.3843 1.5216 3.4304 -4.9497 1.6969 10.1181 -1.6894 0.4183 0.2754 0.4813
Car 0 0 -0.9814 670.285 186.0392 830.9399 261.6928 1.4036 1.6016 3.7794 3.0609 1.7188 15.7291 -0.7892 0.3968 0.0714 0.1571
Car 0 0 -1.5206 422.3826 176.366 457.3351 206.9337 1.5773 1.68 4.0407 -9.3531 1.7748 39.6536 -1.7522 0.3533 0.0414 0.0
Car 0 0 -1.607 546.898 175.1041 569.7046 195.0275 1.4702 1.5746 3.5025 -3.9998 1.6587 55.3895 -1.6791 0.2948 0.007 0.0
Car 0 0 -1.6438 667.6068 183.3386 758.3343 256.9042 1.4753 1.6529 3.9022 2.2693 1.7386 16.973 -1.5109 0.2571 0.0714 0.1488