Car 0 0 -1.8284 690.1801 186.3859 792.5278 259.3292 1.4305 1.5059 3.1958 2.8043 1.7599 16.2706 -1.6577 0.8493 0.8545 0.8583
Car 0 0 -2.6435 68.4509 189.6284 373.436 289.679 1.4696 1.6728 4.2399 -6.3817 1.7765 11.9767 -3.133 0.8398 0.7547 0.6523
Car 0 0 -1.7096 647.7926 179.6171 710.657 226.2389 1.5019 1.6169 4.2095 2.3275 1.7625 25.6927 -1.6193 0.7422 0.8053 0.7335
Car 0 0 -2.7718 283.7502 183.2253 454.1708 243.8717 1.5037 1.6466 4.1194 -6.396 1.7942 19.2948 -3.0918 0.6889 0.5512 0.6666
Car 0 0 -2.8209 406.7683 176.4854 514.3766 217.5786 1.5306 1.678 3.8783 -5.835 1.6673 28.0682 -3.0259 0.5337 0.2037 0.0136
Car 0 0 -2.4971 1.0 194.2711 204.4238 362.4451 1.5278 1.6118 3.6674 -6.8545 1.766 7.466 3.0433 0.5323 0.3561 0.8654
Car 0 0 -1.5917 643.116 179.5678 679.389 212.8012 1.5083 1.6269 3.709 2.4615 1.8681 35.5285 -1.5225 0.4442 0.0714 0.0
Car 0 0 -2.6292 205.0199 190.5142 409.4529 263.4811 1.3678 1.5752 4.0374 -6.4424 1.774 15.5184 -3.0227 0.4139 0.1161 0.0667
Car 0 0 0.472 348.8919 183.0044 474.1647 229.5207 1.4499 1.5955 3.8093 -6.5421 1.7904 23.7974 0.2038 0.4122 0.0056 0.0
Car 0 0 -2.3047 486.2988 175.1053 548.6322 203.6443 1.5382 1.5892 3.6384 -5.31 1.6773 40.8863 -2.4339 0.3703 0.072 0.0
Car 0 0 1.7596 344.37 182.3187 452.5708 236.7972 1.5452 1.6048 3.8914 -6.6487 1.8572 22.7646 1.4755 0.3086 0.0714 0.0
Car 0 0 -2.9469 386.1227 183.7291 491.9472 219.6342 1.3569 1.6117 4.1421 -6.9102 1.8244 29.346 3.105 0.265 0.0106 0.3961