Car 0 0 -1.8593 693.1791 180.6318 843.0437 275.1225 1.4846 1.6386 4.2667 2.7455 1.6542 13.7152 -1.6617 0.8698 0.8726 0.7437
Car 0 0 -1.7111 673.521 178.3552 735.0702 223.5475 1.4472 1.6199 4.1011 3.2189 1.6539 25.6827 -1.5865 0.7584 0.6828 0.3402
Car 0 0 0.3752 260.8376 185.0881 464.5316 248.9031 1.4253 1.6628 4.1955 -6.0278 1.744 17.573 0.0448 0.6524 0.5268 0.5679
Car 0 0 0.6784 63.1386 178.5303 341.4056 290.3062 1.6388 1.6696 3.9936 -6.7526 1.7372 11.9385 0.1637 0.6082 0.6131 0.5869
Car 0 0 -2.4312 0.0 185.049 295.0137 326.978 1.4857 1.6051 3.9022 -6.3214 1.6769 8.948 -3.0463 0.4628 0.4059 0.6734
Car 0 0 -1.6034 648.1905 170.6719 680.8927 201.2112 1.6135 1.6006 3.5943 2.9852 1.5065 40.3379 -1.5295 0.4328 0.5638 0.0738
Car 0 0 -2.3068 1.0 197.7804 222.6793 372.7491 1.4563 1.6419 3.9179 -6.2489 1.6947 6.6018 -3.0648 0.4047 0.6232 0.8791
Car 0 0 -2.8911 419.4838 179.7003 494.5013 216.3679 1.4879 1.5432 3.2459 -6.571 1.7836 30.8553 -3.101 0.3841 0.007 0.0
Car 0 0 -2.659 462.7606 171.2739 547.9244 205.9255 1.6785 1.6762 3.9146 -5.3044 1.6146 36.3183 -2.8041 0.3837 0.0887 0.0
Car 0 0 -2.9042 435.5334 179.2136 516.4986 215.6212 1.455 1.5681 3.4519 -5.6999 1.7333 30.5519 -3.0886 0.3593 0.0714 0.0
Car 0 0 -2.8849 305.259 176.0588 463.3236 243.7825 1.6234 1.6575 3.7589 -5.77 1.7165 18.6769 3.0986 0.3454 0.0266 0.1433
Car 0 0 -3.0455 226.0138 186.0499 429.0566 250.652 1.3713 1.6077 4.2817 -6.6132 1.7028 17.0726 2.8681 0.2994 0.0714 0.4849
Car 0 0 -2.8526 443.8078 175.2536 541.0178 209.8656 1.4791 1.6325 3.9357 -5.3256 1.5921 32.4234 -3.0154 0.2923 0.03 0.0
Car 0 0 -2.3048 898.4299 198.8501 1241.0 370.2665 1.4694 1.6087 3.9545 2.981 1.5981 3.2933 -1.5691 0.282 5.0 0.703
Car 0 0 -2.6699 320.5733 175.8481 453.2362 225.7142 1.6178 1.6807 4.1675 -7.6702 1.7385 24.8795 -2.969 0.2732 0.0098 0.0