Car 0 0 -1.9541 733.6037 176.8302 1039.7585 376.8084 1.617 1.6033 3.876 2.4466 1.6773 7.5728 -1.6416 0.9117 0.895 0.7268
Car 0 0 -2.6677 220.1044 189.2302 423.9532 264.4893 1.4665 1.6357 4.1086 -6.3378 1.8608 15.9086 -3.0468 0.8364 0.7143 0.7592
Car 0 0 0.4446 388.0073 183.2017 521.5904 227.5672 1.4503 1.6114 4.1035 -5.392 1.8221 25.1619 0.2335 0.4908 0.2183 0.2044
Car 0 0 -1.6367 642.1824 184.2052 675.516 211.826 1.4719 1.6257 3.9487 2.7051 2.1336 41.2343 -1.5712 0.4886 0.5053 0.6879
Car 0 0 2.1598 20.7828 209.4256 417.3707 370.3894 1.4042 1.5716 3.3931 -2.6622 1.6989 4.4237 1.618 0.4683 0.7839 0.8312
Car 0 0 0.7488 78.9651 196.1866 355.5365 311.191 1.4773 1.6382 4.0625 -6.3291 1.8754 11.5145 0.2462 0.4069 0.023 0.4826
Car 0 0 0.753 99.6179 197.588 339.8938 286.8074 1.3986 1.6075 4.2691 -7.3165 1.8844 13.5973 0.2594 0.3987 0.0084 0.0
Car 0 0 0.2621 415.8266 184.769 505.643 224.4676 1.4174 1.5158 3.3862 -5.6043 1.8586 26.8344 0.0562 0.3484 0.0714 0.2113
Car 0 0 0.4833 368.36 186.6635 498.3032 232.297 1.4305 1.6214 4.0379 -6.0502 1.9092 24.4461 0.2407 0.3174 0.0072 0.2733
Car 0 0 -2.5738 324.1463 188.1384 459.4148 237.6718 1.4203 1.6224 4.2423 -6.9237 1.9311 22.8612 -2.8679 0.2855 0.0714 0.2378
Car 0 0 2.3154 28.6292 195.3492 303.9893 322.8159 1.3997 1.4974 3.6672 -6.2014 1.7615 10.1481 1.7669 0.2784 0.0714 0.2306