Pedestrian 0 0 -2.425 534.1416 164.854 592.2888 259.3268 1.7109 0.5702 0.9103 -0.7547 1.4101 13.4108 -2.4812 0.8257 0.438 0.4863
Pedestrian 0 0 2.0751 946.3039 155.9592 994.327 252.6014 1.7516 0.6288 0.712 6.9015 1.2888 13.5143 2.5472 0.7278 0.3203 0.0848
Pedestrian 0 0 -1.8678 863.0148 163.7664 958.011 357.1691 1.6896 0.6139 0.7504 2.8368 1.5404 6.7846 -1.4717 0.7095 0.451 0.3855
Pedestrian 0 0 -1.6456 206.2861 167.8225 287.3072 343.5602 1.6604 0.6223 0.8387 -3.611 1.5364 7.2279 -2.109 0.6406 0.4901 0.399
Pedestrian 0 0 1.6392 765.2053 162.3491 842.6649 350.4022 1.6832 0.5719 0.734 1.8882 1.5156 6.9162 1.9057 0.6205 0.4718 0.3085
Cyclist 0 0 2.2267 106.957 172.4753 231.0582 334.0497 1.6195 0.5529 1.6562 -4.7786 1.5369 7.9657 1.6864 0.6073 0.0477 0.0
Pedestrian 0 0 2.3313 989.4878 161.8611 1048.3687 269.5712 1.6695 0.5842 0.7306 6.5955 1.3656 11.4269 2.8547 0.4904 0.1981 0.0
Pedestrian 0 0 -3.1146 715.7214 166.3152 752.705 240.7922 1.7648 0.5897 0.8094 3.2053 1.3946 17.5236 -2.9336 0.4819 0.1401 0.0
Cyclist 0 0 -1.3082 485.3704 174.0608 517.6318 233.2726 1.6675 0.5651 1.787 -2.9468 1.4487 21.0884 -1.4471 0.3586 0.0714 0.0
Pedestrian 0 0 2.4035 1115.5078 147.2527 1188.2159 267.7057 1.7256 0.5672 0.632 8.0491 1.2362 10.5836 3.0537 0.3508 0.0443 0.3419
Cyclist 0 0 2.2211 1122.6793 149.7368 1179.1493 233.9039 1.645 0.5374 1.5323 10.9793 1.0181 14.4143 2.8721 0.339 0.0714 0.0
Cyclist 0 0 -1.0367 503.1648 171.7224 533.8554 234.1943 1.711 0.5563 1.7348 -2.4058 1.4423 20.6196 -1.1529 0.3375 0.01 0.0
Cyclist 0 0 1.8745 715.6488 168.0202 747.1321 240.4314 1.7537 0.5061 1.6616 3.2326 1.4281 18.0462 2.0517 0.3275 0.0035 0.0
Pedestrian 0 0 -2.0433 127.6081 167.542 224.4007 327.0507 1.6692 0.5966 0.9563 -4.7927 1.5256 8.0622 -2.5797 0.3062 0.0015 0.0
Pedestrian 0 0 2.6726 690.466 178.4756 715.2374 219.7246 1.6844 0.5713 0.793 4.1828 1.5481 29.7348 2.8124 0.2531 0.0714 0.0