Car 0 0 -1.703 661.0078 174.9931 739.685 237.917 1.5765 1.6434 3.9825 2.3775 1.6353 20.1826 -1.5858 0.8131 0.8085 0.1593
Cyclist 0 0 2.4769 775.3078 192.2817 920.49 331.0149 1.5669 0.5804 1.8168 2.9532 1.8445 9.224 2.7868 0.5746 0.0714 0.0
Car 0 0 -2.6782 238.393 185.3373 425.8896 254.0959 1.4113 1.5858 3.9217 -6.2616 1.7114 16.3945 -3.043 0.5397 0.2298 0.1872
Car 0 0 -2.8644 343.3177 172.8957 485.6958 230.7572 1.7462 1.721 4.0009 -6.2132 1.7613 23.0355 -3.1279 0.5237 0.2104 0.0
Car 0 0 -1.6949 650.0349 181.7707 697.0631 220.2285 1.4188 1.5348 3.401 2.4924 1.8074 29.2568 -1.6099 0.4996 0.5833 0.0
Car 0 0 -2.7722 381.2822 177.6415 503.4002 225.1606 1.6453 1.6576 3.807 -5.9511 1.8126 25.8223 -2.9987 0.4826 0.1641 0.0
Car 0 0 -2.9545 399.2375 179.4953 512.7536 221.0508 1.5193 1.6435 4.0019 -5.8596 1.7694 27.4187 3.1181 0.4755 0.0819 0.0
Car 0 0 -2.7906 313.5609 179.074 473.2484 239.6692 1.5771 1.6258 4.1226 -5.8973 1.7508 19.8107 -3.08 0.4623 0.2251 0.5946
Car 0 0 -2.888 431.8608 175.5645 520.529 211.2904 1.6529 1.6679 3.8418 -6.4225 1.7935 34.6103 -3.0715 0.4162 0.0255 0.0
Car 0 0 -2.7721 464.3744 177.9386 536.9271 206.4046 1.5644 1.6128 3.7821 -6.1923 1.8502 40.7915 -2.9228 0.3996 0.1838 0.0
Pedestrian 0 0 2.2889 96.4703 167.0708 129.3525 241.3944 1.6837 0.5602 0.5058 -11.4177 1.5492 16.5169 1.6841 0.3791 0.0714 0.0
Car 0 0 -2.938 415.3008 176.1125 518.6856 217.2845 1.6138 1.6364 3.8724 -5.7426 1.7345 29.085 -3.1329 0.3706 0.0128 0.4908
Car 0 0 -1.6325 635.642 179.6529 663.4302 204.1409 1.4981 1.5821 3.462 2.4813 1.9568 46.7372 -1.5794 0.3572 0.1705 0.0
Car 0 0 -2.2963 933.7527 211.9191 1211.8056 372.0 1.4296 1.5952 3.7946 2.7614 1.6844 3.4101 -1.6157 0.3138 5.0 0.7294
Pedestrian 0 0 1.958 102.445 169.3457 132.1134 237.6672 1.7878 0.5974 0.6275 -12.8295 1.682 18.7169 1.3571 0.3041 0.0714 0.0
Car 0 0 -2.6243 484.2408 174.9835 548.5672 202.849 1.6201 1.6202 3.874 -5.7348 1.7604 44.0677 -2.7537 0.2853 0.0714 0.0
Car 0 0 -2.9689 229.54 182.9316 437.3802 276.7379 1.4666 1.493 3.5097 -5.0109 1.6623 13.0992 2.9489 0.2626 0.0714 0.0