Pedestrian 0 0 2.7001 360.3071 168.9382 428.2898 287.3384 1.694 0.5686 0.8061 -3.1115 1.5171 10.6634 2.4162 0.8602 0.5852 0.0766
Pedestrian 0 0 0.8742 855.4822 172.0609 921.1205 285.641 1.6663 0.5492 0.7492 4.3266 1.5237 10.9999 1.249 0.7768 0.5166 0.3157
Car 0 0 1.6893 550.1386 180.9616 598.32 217.9543 1.4718 1.6407 3.942 -1.1384 1.4751 31.4204 1.6531 0.7472 0.853 0.4943
Pedestrian 0 0 1.2176 739.237 172.178 803.787 319.8346 1.6421 0.631 0.7087 1.9527 1.5419 8.4965 1.4435 0.7294 0.5998 0.0188
Pedestrian 0 0 0.943 904.1291 174.1256 968.6374 291.5336 1.5849 0.5809 0.6454 4.6441 1.4866 10.1099 1.3737 0.6629 0.4123 0.442
Pedestrian 0 0 -1.957 705.8195 173.4469 758.1173 285.3142 1.6771 0.5977 0.7562 1.9816 1.5575 11.2342 -1.7824 0.6415 0.5552 0.1828
Pedestrian 0 0 1.6964 639.1502 167.5049 669.8565 247.1375 1.7588 0.6193 0.8343 1.1778 1.4453 16.4171 1.768 0.6254 0.4773 0.0
Cyclist 0 0 -1.4093 768.8929 168.1061 813.969 266.1752 1.7229 0.5682 1.766 3.4409 1.48 13.1864 -1.154 0.5747 0.0714 0.0
Pedestrian 0 0 1.8956 681.4176 164.62 731.2566 276.5716 1.702 0.6103 0.7442 1.6029 1.4521 11.3202 2.0363 0.5681 0.0976 0.0647
Pedestrian 0 0 -1.5926 785.5224 168.665 819.2886 245.8787 1.7138 0.6238 0.8262 4.5931 1.425 16.5342 -1.3216 0.563 0.2276 0.0427
Pedestrian 0 0 1.4723 288.7432 173.4812 347.6983 293.3462 1.6164 0.6424 0.7672 -4.0108 1.5041 10.0884 1.0939 0.4864 0.039 0.0
Cyclist 0 0 1.2205 279.712 172.8812 350.4888 286.6344 1.5717 0.5693 1.6521 -4.2471 1.455 10.5321 0.8372 0.4749 0.1699 0.0
Pedestrian 0 0 1.7591 775.1381 167.6573 815.6574 264.9414 1.7348 0.5965 0.7955 3.521 1.4867 13.2115 2.0195 0.4711 0.0544 0.025
Pedestrian 0 0 1.9193 684.7669 172.7759 721.346 274.4963 1.6394 0.5594 0.6511 1.6521 1.5057 11.963 2.0566 0.4701 0.0592 0.0901
Pedestrian 0 0 1.1629 293.1466 168.8668 343.8488 271.405 1.6379 0.5825 0.7118 -4.7666 1.4434 11.9721 0.784 0.3856 0.0714 0.1135
Cyclist 0 0 -1.7568 636.5895 169.213 673.2983 247.4244 1.7656 0.5785 2.0488 1.2187 1.487 16.9866 -1.6852 0.3827 0.021 0.0
Pedestrian 0 0 1.3589 656.2268 177.7298 686.162 248.3313 1.649 0.582 0.6756 1.6656 1.5722 17.595 1.4533 0.3428 0.004 0.0
Pedestrian 0 0 1.8133 662.4268 178.1013 694.8755 247.144 1.6023 0.5685 0.6793 1.8224 1.5195 17.2008 1.9188 0.27 0.0714 0.0