Car 0 0 -1.9803 792.193 193.4473 1120.2345 375.1781 1.4273 1.5491 3.4099 2.9185 1.6883 7.0945 -1.5901 0.8744 0.8681 0.7835
Car 0 0 -2.686 62.1259 182.5108 357.997 291.1063 1.571 1.6512 3.743 -6.3311 1.7336 11.6311 3.0987 0.7935 0.7358 0.5903
Car 0 0 2.7455 710.8584 177.8364 851.1158 231.3933 1.6042 1.6875 4.1271 5.4485 1.7737 23.1063 2.9771 0.6807 0.5453 0.0014
Car 0 0 -2.8543 404.4254 182.9513 499.0946 218.8351 1.4966 1.6056 3.8539 -6.9818 1.9441 31.7909 -3.0705 0.5625 0.3592 0.18
Car 0 0 -0.4122 791.1394 182.9216 962.126 255.44 1.4963 1.5769 3.7852 6.0146 1.7484 16.628 -0.0651 0.5193 0.0942 0.457
Car 0 0 -2.7462 339.0706 181.9813 444.914 231.3161 1.4315 1.5247 3.3516 -6.9365 1.7378 22.9183 -3.0401 0.5139 0.0022 0.0001
Car 0 0 -2.8473 386.1668 184.4337 484.4948 219.0292 1.3946 1.6064 3.7842 -7.4575 1.9121 30.9203 -3.0839 0.486 0.0714 0.592
Car 0 0 -2.6607 207.2302 185.2838 444.3298 262.992 1.4463 1.6512 4.2405 -5.8822 1.7128 14.9637 -3.0353 0.4547 0.0239 0.0
Car 0 0 -2.8798 439.8378 179.3383 527.5673 213.3726 1.5763 1.6478 4.014 -6.0902 1.8782 34.5944 -3.054 0.4516 0.3407 0.1311
Car 0 0 -2.8682 321.3563 183.4056 460.2723 234.9543 1.4322 1.5784 3.6263 -6.5747 1.7751 21.6958 3.1208 0.3944 0.0218 0.3078
Car 0 0 -2.4801 303.0144 182.4562 457.8854 247.1498 1.4302 1.5615 3.6001 -5.685 1.6822 17.7467 -2.7902 0.3548 0.0714 0.0
Car 0 0 0.7514 17.0 171.8201 299.7775 369.108 1.552 1.6274 4.1112 -5.5683 1.5868 6.7025 0.0582 0.3365 0.3337 0.0