Car 0 0 -1.8277000188827515 689.8244018554688 178.34609985351562 827.8009033203125 269.0089111328125 1.4462000131607056 1.6136000156402588 3.9163999557495117 2.5799999237060547 1.5577000379562378 13.648799896240234 -1.6407999992370605 0.8889999985694885 0.8849999904632568 0.8632000088691711
Car 0 0 -2.575000047683716 30.87339973449707 188.82640075683594 361.6471862792969 304.940185546875 1.4641000032424927 1.6820000410079956 4.225200176239014 -6.13100004196167 1.7304999828338623 10.604900360107422 -3.099100112915039 0.8180999755859375 0.7734000086784363 0.7455999851226807
Car 0 0 -1.6990000009536743 655.0861206054688 171.56790161132812 710.1076049804688 214.95770263671875 1.5728000402450562 1.6296000480651855 4.035900115966797 2.724299907684326 1.531499981880188 28.243499755859375 -1.6028000116348267 0.7432000041007996 0.8359000086784363 0.5845000147819519
Car 0 0 -2.6314001083374023 384.6419982910156 180.201904296875 495.74609375 221.71400451660156 1.3847999572753906 1.5555000305175781 3.581899881362915 -6.059500217437744 1.6548999547958374 25.625600814819336 -2.863600015640259 0.5182999968528748 0.29899999499320984 0.5600000023841858
Car 0 0 0.6412000060081482 236.42799377441406 183.0572052001953 409.0581970214844 254.76260375976562 1.4955999851226807 1.5549999475479126 3.632499933242798 -6.6020002365112305 1.7381999492645264 16.590200424194336 0.26249998807907104 0.42739999294281006 0.043299999088048935 0.37229999899864197
Car 0 0 -3.026599884033203 404.2815856933594 179.12860107421875 508.135009765625 213.95460510253906 1.4270999431610107 1.590499997138977 4.045300006866455 -6.533299922943115 1.6922999620437622 30.60759925842285 3.046299934387207 0.41830000281333923 0.024399999529123306 0.014499999582767487
Car 0 0 -2.984100103378296 460.5213928222656 176.81939697265625 540.8016967773438 205.60850524902344 1.495300054550171 1.628999948501587 3.907599925994873 -5.77869987487793 1.7059999704360962 38.14400100708008 -3.134399890899658 0.3896999955177307 0.16580000519752502 0.0
Car 0 0 -2.5020999908447266 1.0 195.8621063232422 269.3175964355469 356.8796081542969 1.3890999555587769 1.6535999774932861 4.36359977722168 -6.556300163269043 1.6791000366210938 7.489200115203857 3.062000036239624 0.3398999869823456 0.5253000259399414 0.3361999988555908
Car 0 0 -2.9482998847961426 443.87701416015625 176.80020141601562 529.7055053710938 207.1696014404297 1.5413000583648682 1.6611000299453735 4.111499786376953 -6.417600154876709 1.7647000551223755 37.92390060424805 -3.1159000396728516 0.3127000033855438 0.01590000092983246 0.0
Car 0 0 -2.8129000663757324 192.7073974609375 187.54600524902344 409.27960205078125 265.131103515625 1.4737999439239502 1.6409000158309937 4.018199920654297 -6.391499996185303 1.7822999954223633 14.993399620056152 3.0673999786376953 0.30079999566078186 0.0019000000320374966 0.2117999941110611
Car 0 0 -1.6342999935150146 648.4716186523438 172.99639892578125 675.3980102539062 198.22230529785156 1.6019999980926514 1.5959999561309814 3.6772000789642334 3.38919997215271 1.6085000038146973 47.804500579833984 -1.563599944114685 0.29019999504089355 0.03200000151991844 0.0
Car 0 0 -2.822200059890747 424.0957946777344 178.1820068359375 504.44879150390625 208.94180297851562 1.4739999771118164 1.6141999959945679 4.054500102996826 -7.348299980163574 1.7569999694824219 36.42070007324219 -3.0213000774383545 0.2624000012874603 0.01080000028014183 0.0