Car 0 0 -1.9505 801.7114 181.9698 1079.9479 363.5901 1.5132 1.5741 3.7466 3.2562 1.6352 8.0072 -1.5643 0.9176 0.8899 0.7359
Car 0 0 -1.8392 730.7314 176.4179 875.6546 279.7677 1.5698 1.583 3.6122 3.2252 1.6408 12.9159 -1.5945 0.8846 0.848 0.8287
Car 0 0 -2.7341 22.6662 184.7335 351.1164 286.3306 1.4487 1.6974 4.348 -6.7335 1.6665 11.5625 3.0217 0.8428 0.8089 0.7259
Car 0 0 -2.8961 241.5275 180.9634 426.0411 248.58 1.5104 1.6177 3.8995 -6.6303 1.7212 17.4468 3.0239 0.8289 0.7633 0.4287
Car 0 0 -2.8312 319.1976 178.768 485.519 240.1897 1.5571 1.6215 3.9386 -5.6414 1.725 19.666 -3.1106 0.7515 0.532 0.4136
Car 0 0 -1.6637 679.749 180.5029 733.7702 225.3086 1.4565 1.5786 3.6602 3.3625 1.7537 25.865 -1.5345 0.7148 0.7537 0.5641
Car 0 0 -1.8107 701.3196 177.4276 775.9629 224.8892 1.4634 1.5748 3.8815 4.2175 1.6244 24.402 -1.6396 0.3851 0.0714 0.1278
Car 0 0 -2.9831 419.2474 175.7455 530.089 215.7376 1.5245 1.6644 4.141 -5.218 1.6271 28.0401 3.1161 0.375 0.0366 0.0
Car 0 0 -2.9027 355.9602 179.4444 495.6339 230.9628 1.5247 1.6091 3.7747 -5.5694 1.7269 21.9946 3.1325 0.3611 0.0006 0.4243
Car 0 0 0.4163 393.4144 177.9177 518.261 225.1708 1.5368 1.6244 3.8829 -5.2967 1.7201 24.7376 0.2053 0.3362 0.0285 0.3158
Car 0 0 -3.0607 464.4962 176.5756 547.0965 210.207 1.5144 1.5602 3.8881 -4.8671 1.6905 33.3975 3.0778 0.3013 0.0002 0.0