Car 0 0 -1.9311 778.232 181.2792 975.168 304.1552 1.4806 1.5505 3.5776 3.701 1.6199 10.7917 -1.6007 0.9092 0.8828 0.8727
Car 0 0 1.9615 128.8945 191.0873 376.4775 332.2101 1.5211 1.6307 4.0024 -4.7767 1.8262 10.2359 1.5249 0.9042 0.8878 0.8441
Car 0 0 -1.8273 724.9178 178.1826 842.728 255.684 1.4722 1.6189 4.0482 3.657 1.6083 16.0396 -1.6031 0.8626 0.8542 0.9044
Car 0 0 1.8436 329.483 185.7668 456.9134 266.7574 1.5006 1.6366 4.06 -4.7266 1.8251 16.133 1.5586 0.8422 0.8376 0.6961
Car 0 0 1.78 405.1401 184.3058 493.1234 239.4111 1.4473 1.6567 4.0887 -4.7743 1.819 21.747 1.5638 0.7998 0.8092 0.5782
Car 0 0 -1.7342 707.795 177.2466 781.9327 234.5121 1.5133 1.6194 3.9598 3.8428 1.6604 21.4058 -1.5565 0.7502 0.7682 0.7359
Car 0 0 1.7672 508.8737 178.4708 553.8715 209.5228 1.5017 1.6089 3.8188 -4.0934 1.8195 37.7497 1.6592 0.6109 0.729 0.5417
Car 0 0 -1.691 686.8902 175.0977 733.6314 213.8066 1.5641 1.6079 3.8308 4.2665 1.6785 31.5292 -1.5565 0.5743 0.6152 0.7158
Car 0 0 -2.2138 918.5435 193.186 1279.0 377.3248 1.4348 1.522 3.7219 3.7292 1.6393 5.2315 -1.5945 0.5177 0.7981 0.8894
Car 0 0 -1.7765 690.534 176.4076 748.3626 217.5874 1.5372 1.6151 3.8093 4.2549 1.691 28.9619 -1.6307 0.4822 0.2622 0.1627
Car 0 0 -1.6989 694.3185 176.5866 760.0028 225.6157 1.5447 1.6358 3.9058 3.9118 1.6802 24.9123 -1.5432 0.3969 0.016 0.3348
Car 0 0 -2.369 1048.808 173.1278 1175.9721 220.0056 1.4906 1.5922 3.2726 16.7215 1.5141 24.2441 -1.7653 0.3326 0.0316 0.0
Car 0 0 -2.2151 971.075 170.9338 1070.4598 214.5239 1.656 1.6617 3.7636 16.6672 1.6096 29.6225 -1.7026 0.3187 0.0714 0.0
Car 0 0 1.7754 524.1851 177.6415 564.2925 205.9424 1.5229 1.6385 3.9475 -3.7922 1.8141 41.7255 1.6848 0.2839 0.0714 0.0
Car 0 0 -0.9933 923.6569 172.8142 990.1888 204.1828 1.564 1.6182 3.7051 17.961 1.5784 37.4794 -0.5464 0.2615 0.0714 0.0