Pedestrian 0 0 0.9603 616.8166 143.7895 720.8263 354.3828 1.6717 0.5785 0.7696 0.4824 1.3882 6.0459 1.0399 0.7753 0.512 0.1597
Pedestrian 0 0 1.0364 901.6653 138.6625 1000.4868 332.9162 1.7125 0.5836 0.6663 3.1682 1.3504 6.6509 1.481 0.7614 0.57 0.1565
Pedestrian 0 0 0.9409 746.929 155.0014 840.9761 341.1222 1.6126 0.5631 0.6852 1.6763 1.4054 6.5476 1.1915 0.7378 0.5378 0.3062
Pedestrian 0 0 2.4737 526.457 143.4432 561.2994 203.833 1.8174 0.5933 0.8022 -1.8855 0.6872 21.5545 2.3865 0.4765 0.1435 0.0
Pedestrian 0 0 0.5081 809.844 131.4094 918.1154 368.9925 1.7649 0.6004 0.7747 1.8566 1.4067 5.1499 0.8541 0.4756 0.2544 0.0
Pedestrian 0 0 0.4775 1083.7184 131.4578 1250.8595 364.6366 1.7531 0.6394 0.6595 2.6781 1.4678 3.3437 1.1528 0.3441 1.0 0.2534
Cyclist 0 0 2.5224 479.4258 141.3543 513.1208 179.8311 1.8139 0.5541 1.4706 -5.18 -0.0463 33.7844 2.3703 0.338 0.0714 0.0
Pedestrian 0 0 -2.5187 517.4176 140.933 555.9274 205.7769 1.8369 0.5765 1.0115 -2.0254 0.7112 20.4939 -2.6172 0.3255 0.0487 0.2052
Pedestrian 0 0 2.6007 532.4225 144.7342 557.245 203.277 1.7295 0.5596 0.6936 -1.8321 0.6736 21.0447 2.5138 0.2986 0.0022 0.0
Pedestrian 0 0 0.7736 230.0198 137.0938 305.1612 259.2637 1.8695 0.6505 0.867 -5.5 1.2041 11.4337 0.3252 0.298 0.0714 0.22
Pedestrian 0 0 1.1698 1005.6943 175.1685 1245.9454 382.3042 1.5888 0.6608 0.7596 2.2515 1.6388 2.9405 1.8233 0.2638 1.0 0.1555