Car 0 0 -1.878 761.9584 189.3019 984.3614 348.6909 1.4577 1.5605 3.5809 2.8453 1.693 8.7626 -1.564 0.8482 0.8563 0.8323
Car 0 0 -1.6356 636.5475 178.2479 669.7011 207.3675 1.5511 1.6292 3.6886 2.3303 1.8547 40.4288 -1.5781 0.5766 0.5844 0.2275
Car 0 0 -0.6041 810.7321 177.6264 1074.241 270.7579 1.4769 1.6125 3.9492 5.7099 1.563 12.7192 -0.1821 0.5417 0.4593 0.1777
Car 0 0 -2.8733 326.5262 177.8307 471.6188 233.3076 1.6071 1.641 4.0406 -6.4494 1.7696 22.1404 3.1264 0.5218 0.0111 0.261
Car 0 0 -2.9456 294.6 169.5321 472.8585 234.5081 1.7455 1.7439 4.1954 -6.3198 1.6624 20.4625 3.038 0.5216 0.2384 0.0
Car 0 0 -0.2857 706.9862 175.79 828.4952 225.4619 1.6413 1.6872 4.0836 5.3603 1.7437 25.1244 -0.0755 0.4965 0.203 0.1785
Car 0 0 -2.7268 227.5787 180.0722 437.1256 255.3586 1.5595 1.6633 4.1133 -6.1844 1.7304 16.1774 -3.0919 0.4894 0.5856 0.6625
Car 0 0 -3.0404 420.2989 178.776 522.8711 214.5203 1.3996 1.6154 4.0944 -5.7336 1.6524 29.8253 3.0528 0.4764 0.1538 0.0
Car 0 0 -2.6315 293.6538 178.5594 449.6132 241.2672 1.5763 1.6321 3.8139 -6.5155 1.7456 19.6683 -2.9514 0.4474 0.3059 0.1329
Car 0 0 0.8528 0.0 175.34 307.5614 333.9722 1.6073 1.6178 3.8062 -5.9804 1.6654 8.746 0.253 0.4337 0.3208 0.6712
Car 0 0 -0.4585 759.1273 180.4904 914.7541 239.0042 1.5193 1.6127 4.0567 6.1547 1.737 20.0811 -0.1611 0.3847 0.0714 0.1698
Car 0 0 2.6172 729.386 181.664 862.6758 230.5668 1.4407 1.6114 4.2165 5.9594 1.7436 23.2074 2.8686 0.3691 0.1508 0.2666
Car 0 0 0.7093 63.6517 174.5362 355.1917 292.872 1.5143 1.6571 4.0199 -6.0349 1.5605 10.457 0.1858 0.335 0.1162 0.4026
Car 0 0 -2.8098 380.6365 177.7006 515.3686 217.1951 1.4449 1.7062 4.5252 -6.0268 1.6239 26.8566 -3.0306 0.2867 0.0714 0.0912
Car 0 0 2.0679 744.4322 180.9257 870.9238 240.7676 1.4879 1.4921 3.8988 5.3993 1.7184 19.7948 2.3342 0.2787 0.0714 0.2321