Pedestrian 0 0 -1.4436 667.0578 165.8208 738.6226 329.422 1.6268 0.6243 0.8329 1.0236 1.4695 7.603 -1.3098 0.671 0.2104 0.3162
Cyclist 0 0 1.9287 375.6656 167.3074 456.705 293.7373 1.6653 0.5877 1.8302 -2.6663 1.4861 10.3075 1.6756 0.6454 0.5186 0.345
Pedestrian 0 0 0.1122 611.6477 167.2446 688.8645 336.349 1.6005 0.558 0.7643 0.4471 1.4702 7.289 0.1734 0.6438 0.4865 0.1771
Pedestrian 0 0 -2.148 179.7678 169.5464 267.3738 341.4466 1.6825 0.5845 0.9083 -3.9541 1.5627 7.4175 -2.6377 0.6114 0.5328 0.4552
Cyclist 0 0 1.8629 215.2606 172.9754 368.3279 369.9937 1.6307 0.5509 1.5663 -2.4892 1.5947 5.7858 1.4566 0.549 0.5538 0.5731
Car 0 0 1.6744 485.5792 171.7874 536.2827 211.6588 1.5881 1.6704 3.8321 -3.7549 1.1826 30.1832 1.5507 0.473 0.1829 0.0
Pedestrian 0 0 0.9097 759.7832 163.831 800.7226 243.2759 1.7496 0.606 0.6871 3.9961 1.3576 16.2651 1.1506 0.4531 0.065 0.0
Pedestrian 0 0 1.8908 215.9398 170.2079 361.0881 366.9323 1.6412 0.6547 0.8273 -2.2471 1.5533 5.2021 1.4831 0.4471 0.0 0.0
Cyclist 0 0 2.1184 249.1912 169.3208 353.1025 373.963 1.643 0.5732 1.6537 -2.3976 1.5494 5.6377 1.7163 0.3851 0.0714 0.6284
Pedestrian 0 0 -1.8613 735.2437 164.2503 767.0465 242.0731 1.8229 0.6262 0.7771 3.5508 1.4071 17.2535 -1.6583 0.3022 0.0 0.0
Pedestrian 0 0 0.694 185.2031 165.5628 258.9264 301.2102 1.7046 0.6023 0.7207 -5.0031 1.5043 9.4107 0.2053 0.2891 0.0714 0.0
Cyclist 0 0 2.3607 715.2052 156.1628 825.8714 327.1296 1.6897 0.5433 1.8802 1.8571 1.4475 8.0818 2.5866 0.2803 0.0714 0.0
Pedestrian 0 0 -0.3308 622.6792 160.4137 710.0818 332.7868 1.6434 0.5451 0.8345 0.6154 1.4463 7.2842 -0.2465 0.2669 0.0714 0.1463
Pedestrian 0 0 1.7139 722.1271 157.5217 762.8708 258.3691 1.9087 0.6067 0.7717 2.7207 1.4522 13.9999 1.9058 0.2551 0.0714 0.0