Car 0 0 2.5553 863.0882 185.0215 1181.8575 307.2064 1.4631 1.6449 3.9224 5.7646 1.6588 10.0283 3.077 0.7725 0.6444 0.656
Car 0 0 -1.6889 631.4563 178.7158 685.0374 221.9588 1.481 1.5947 3.793 1.7067 1.7168 27.2024 -1.6262 0.7281 0.8218 0.5302
Cyclist 0 0 1.7406 462.9943 174.8455 498.2041 243.588 1.6886 0.5197 1.7204 -3.3982 1.7504 18.7917 1.5617 0.6513 0.4643 0.7608
Car 0 0 -0.5399 788.6546 188.1746 1054.3709 278.3277 1.3847 1.6466 4.1322 5.3391 1.6757 12.6792 -0.1414 0.6232 0.6023 0.803
Car 0 0 -2.756 284.012 180.3872 458.7396 237.5916 1.4436 1.6445 4.2766 -6.5257 1.665 19.7424 -3.0753 0.558 0.1312 0.0
Car 0 0 0.6337 25.2566 155.9858 329.3107 291.7688 1.7227 1.6959 4.3145 -6.3288 1.5198 10.0911 0.0735 0.535 0.2218 0.1843
Car 0 0 -0.7828 777.8561 166.8202 974.0906 267.6586 1.8252 1.6128 3.7254 5.4325 1.7303 14.8248 -0.4316 0.4954 0.0562 0.5805
Car 0 0 -2.5165 0.0 173.1424 265.226 334.5696 1.6472 1.682 3.9182 -6.6267 1.6862 8.2661 3.091 0.4336 0.6175 0.6049
Car 0 0 -1.8327 773.8746 169.023 899.1864 258.1866 1.712 1.6659 3.9574 4.8242 1.648 16.0931 -1.5414 0.4031 0.0061 0.2633
Car 0 0 -1.6704 613.884 176.128 646.8078 203.2988 1.5044 1.596 3.6187 1.1018 1.7043 42.014 -1.6442 0.3977 0.5194 0.3674
Car 0 0 0.4686 341.1618 180.1514 482.0095 224.9126 1.4056 1.6373 4.4065 -6.8086 1.6655 24.7101 0.1998 0.3933 0.0754 0.633
Car 0 0 -0.7504 1014.2463 178.0382 1241.0 369.801 1.5053 1.6824 4.1878 5.7664 1.5519 5.7752 0.0342 0.2934 0.0714 0.0401
Car 0 0 -3.0506 299.248 180.6075 436.0919 231.1228 1.4362 1.6111 3.9901 -7.2716 1.666 21.6511 2.9086 0.2546 0.0714 0.3726