Pedestrian 0 0 1.5076 821.977 157.0154 913.9023 363.3167 1.7113 0.641 0.7412 2.3053 1.5054 6.3726 1.8547 0.7753 0.6205 0.5913
Car 0 0 1.7024 540.4942 164.4668 596.0236 206.4756 1.5394 1.6336 4.0132 -1.2644 0.8714 28.4823 1.658 0.6792 0.7655 0.5938
Pedestrian 0 0 -1.6013 721.042 160.1453 782.6142 292.6346 1.6947 0.6138 0.8084 1.9613 1.4072 9.6573 -1.4009 0.6496 0.3556 0.2234
Cyclist 0 0 -1.9319 599.7492 151.1109 653.502 239.8595 1.8914 0.5745 1.8547 0.5123 1.2385 16.1643 -1.9002 0.5755 0.0082 0.0
Pedestrian 0 0 2.2921 129.1824 147.3934 268.9966 373.3989 1.722 0.5878 0.834 -2.9258 1.5008 5.1217 1.7731 0.5512 0.3344 0.197
Pedestrian 0 0 -1.8603 757.6888 165.7244 802.7896 283.847 1.6103 0.552 0.6689 2.4853 1.3957 10.2336 -1.622 0.4787 0.0952 0.5399
Pedestrian 0 0 2.3226 150.9418 150.4979 253.4051 364.8424 1.6846 0.5878 0.6228 -2.898 1.4617 5.18 1.8126 0.4703 0.085 0.1872
Cyclist 0 0 -1.8546 603.2787 152.3326 641.2806 238.4552 1.8454 0.5701 1.8414 0.4312 1.2112 16.1628 -1.8279 0.4653 0.1666 0.0
Pedestrian 0 0 2.3279 7.4087 155.5087 110.638 381.4674 1.8318 0.5895 0.6332 -4.378 1.6181 5.4091 1.6474 0.46 0.0714 0.091
Pedestrian 0 0 -1.9904 786.4756 142.7264 853.0063 300.1567 1.8144 0.5702 0.7247 2.6215 1.3659 8.8274 -1.7017 0.4456 0.0115 0.0
Pedestrian 0 0 -1.806 707.2177 162.4404 756.4058 280.3655 1.6613 0.6249 0.7623 1.8666 1.3902 10.6293 -1.6321 0.4412 0.1587 0.6153
Pedestrian 0 0 -2.0652 599.311 154.0708 646.8496 237.3974 1.8465 0.5994 0.8861 0.453 1.2311 16.585 -2.0379 0.4255 0.0997 0.2435
Pedestrian 0 0 -2.0756 788.5918 145.958 871.5263 331.4227 1.782 0.5936 0.8197 2.2188 1.4299 7.2337 -1.778 0.4119 0.157 0.219
Pedestrian 0 0 -1.8781 794.0225 148.6012 846.8245 284.2182 1.8153 0.6076 0.7425 3.0038 1.3743 10.0774 -1.5884 0.3499 0.0033 0.1434
Pedestrian 0 0 -1.7 680.051 159.1651 701.6238 205.3194 1.7441 0.6127 0.7794 3.387 0.8818 27.4884 -1.5774 0.332 0.0714 0.0
Pedestrian 0 0 -1.1653 675.9326 158.0068 697.7011 207.1811 1.7835 0.5997 0.7831 3.1117 0.9318 26.1958 -1.0471 0.3114 0.0714 0.0
Pedestrian 0 0 -0.6678 791.9582 152.5546 851.8748 254.6418 1.73 0.6259 0.7684 3.8214 1.2344 12.5352 -0.3719 0.2792 0.0714 0.002