Car 0 0 -1.3272 354.8994 182.9964 485.5341 268.755 1.4485 1.6046 3.9174 -3.5934 1.4175 14.2801 -1.5737 0.8292 0.8172 0.7815
Car 0 0 -1.1322 150.805 177.3092 321.847 264.3304 1.4818 1.6072 3.7637 -7.354 1.3413 14.4806 -1.6021 0.8107 0.6654 0.3068
Car 0 0 -1.561 579.2016 178.4249 620.6546 217.4324 1.5063 1.6511 3.6645 -0.355 1.2382 29.9662 -1.5729 0.6977 0.7826 0.2453
Car 0 0 -1.475 487.5529 182.7763 543.7249 225.7318 1.4105 1.5905 3.686 -3.3561 1.3456 26.4924 -1.601 0.6934 0.7268 0.7497
Car 0 0 -1.0556 311.9523 183.6593 426.866 236.0614 1.405 1.5856 3.7624 -7.2032 1.3758 21.9589 -1.3726 0.5671 0.2127 0.4894
Car 0 0 -0.9972 7.0549 183.8344 191.2661 266.9389 1.525 1.6428 3.9862 -11.1255 1.5329 15.9608 -1.6059 0.4713 0.002 0.1348
Car 0 0 -0.8537 23.93 186.7033 199.9352 252.8582 1.4905 1.6048 3.911 -13.0061 1.5588 19.1153 -1.4512 0.4595 0.1606 0.1085
Car 0 0 -1.1921 442.3594 179.9112 501.6492 211.6168 1.5722 1.6521 3.8369 -7.1564 1.3058 38.0964 -1.3778 0.4327 0.0701 0.0613
Car 0 0 -1.4379 453.2002 179.4532 491.792 210.9898 1.5342 1.6148 3.4208 -7.0292 1.2514 37.4046 -1.6237 0.4049 0.0117 0.0002
Car 0 0 -1.3261 380.764 183.0042 497.5098 259.261 1.3943 1.5598 3.512 -3.5617 1.3695 15.4899 -1.5521 0.3398 0.0714 0.4854
Car 0 0 -0.9878 458.1995 179.8285 502.2694 207.6061 1.6131 1.577 3.3642 -7.7084 1.3085 43.4648 -1.1633 0.3021 0.0714 0.1344
Car 0 0 -0.6418 1.0 193.14 112.1562 305.2614 1.4575 1.5892 3.7278 -8.955 1.5998 9.8703 -1.3786 0.279 0.0714 0.4241