Car 0 0 -1.7649 668.2522 173.7865 767.3911 250.3742 1.6617 1.6425 3.9967 2.4772 1.691 17.7951 -1.6266 0.8399 0.8476 0.4596
Car 0 0 -2.6782 123.2082 182.9091 378.137 272.1953 1.459 1.6379 3.8167 -6.5093 1.6609 13.1876 -3.1368 0.8157 0.6411 0.6084
Car 0 0 -1.6599 651.9568 178.8626 706.2964 222.2714 1.4714 1.6077 3.7639 2.4651 1.7025 26.781 -1.5681 0.6232 0.6151 0.0966
Car 0 0 -2.7856 229.7976 183.3236 440.8534 252.4082 1.4353 1.641 4.2069 -6.0592 1.6782 16.131 3.1383 0.5536 0.5191 0.5821
Car 0 0 -2.9765 364.5985 175.2803 497.0392 225.8136 1.5812 1.6568 4.0143 -5.844 1.6616 23.6446 3.0644 0.535 0.2253 0.3457
Car 0 0 -2.8712 300.3816 174.0279 469.9758 235.5962 1.6391 1.6505 4.4296 -6.224 1.6692 20.15 3.1124 0.5258 0.3694 0.0
Car 0 0 -1.6423 637.4508 178.9319 669.795 207.4307 1.5283 1.6031 3.5728 2.4169 1.8863 41.2765 -1.5838 0.4627 0.5984 0.7137
Car 0 0 -2.8111 453.2143 176.807 530.9484 206.9004 1.5668 1.6217 3.7625 -6.2837 1.7674 38.4275 -2.9732 0.4139 0.0479 0.0
Car 0 0 -2.8103 468.4642 173.4769 539.2719 202.6388 1.5456 1.6044 3.8086 -5.8459 1.5762 39.9496 -2.9556 0.3927 0.0083 0.0
Car 0 0 -2.4417 411.8177 173.2519 512.9964 212.3669 1.5928 1.6806 4.0457 -6.4573 1.626 31.1367 -2.6462 0.3873 0.0588 0.0
Car 0 0 -2.872 278.843 176.0184 455.0982 244.4857 1.6909 1.71 4.2894 -6.4053 1.7838 19.3383 3.0914 0.3355 0.0185 0.1862
Car 0 0 -2.982 392.1817 174.852 503.4214 218.149 1.5628 1.6729 3.8532 -6.1134 1.6389 27.1675 3.0798 0.2965 0.0102 0.0
Car 0 0 -1.6989 667.9109 181.8119 730.8633 237.6741 1.4464 1.5698 3.6594 2.4835 1.7353 21.104 -1.5817 0.2703 0.0075 0.2217
Car 0 0 -1.637 626.1327 175.7484 654.5024 201.1751 1.5846 1.6339 3.6243 1.9264 1.7863 47.3753 -1.5963 0.2664 0.0714 0.0