Car 0 0 -1.7808 707.0901 188.3586 819.8458 271.7192 1.4367 1.5782 3.8347 2.9974 1.7934 15.0251 -1.5839 0.8643 0.8016 0.8004
Car 0 0 -2.8567 286.2929 179.3018 451.5299 240.1776 1.5164 1.6496 3.8705 -6.4039 1.6975 19.3135 3.1063 0.6147 0.4914 0.5105
Car 0 0 -2.6237 758.6374 188.7984 895.985 237.996 1.3755 1.603 3.8444 6.5734 1.8772 22.1685 -2.3355 0.6123 0.3713 0.3892
Car 0 0 -2.7603 7.7039 185.1798 308.9616 315.7032 1.4349 1.596 3.6492 -6.1781 1.6198 9.1015 2.9266 0.5231 0.1843 0.2378
Car 0 0 0.6318 199.1799 171.2693 424.6013 261.2 1.5745 1.6141 3.9492 -5.8581 1.5607 14.1206 0.2386 0.4746 0.3369 0.0182
Car 0 0 0.6441 151.4915 178.9656 398.8136 278.733 1.5626 1.6462 3.8339 -5.8096 1.6764 12.6188 0.2126 0.4673 0.3891 0.6502
Car 0 0 -2.8342 431.4208 180.3253 514.7478 210.7674 1.4723 1.6122 3.9934 -6.9616 1.8633 36.5546 -3.0224 0.4608 0.1301 0.0
Car 0 0 -2.5217 453.7352 181.3004 523.3756 210.353 1.4533 1.5186 3.5192 -6.5312 1.9272 38.6933 -2.6889 0.4249 0.0111 0.4472
Car 0 0 -2.9631 467.4438 176.5695 541.317 206.0024 1.6342 1.6594 3.8619 -6.0223 1.854 41.1689 -3.1084 0.3926 0.058 0.0
Car 0 0 0.5867 22.105 189.1112 283.759 351.1809 1.5252 1.6196 4.3351 -6.3001 1.7498 7.859 -0.089 0.3892 0.1751 0.6196
Car 0 0 2.3543 696.4548 179.3458 783.0569 214.3002 1.4582 1.5906 3.9615 5.7385 1.7453 31.6837 2.5334 0.3557 0.0511 0.0
Car 0 0 -2.5459 365.6827 181.7174 498.8034 229.7464 1.4108 1.5979 3.952 -5.6598 1.7019 22.8966 -2.7883 0.3487 0.0454 0.0
Car 0 0 -2.7599 405.6143 180.9796 491.5192 214.0826 1.4039 1.5415 3.6741 -7.2905 1.7918 32.5093 -2.9805 0.3427 0.0714 0.0
Car 0 0 -0.4048 730.626 183.195 857.5011 235.6132 1.4587 1.6188 3.6641 5.5084 1.7915 21.9197 -0.1586 0.302 0.0714 0.3431