Pedestrian 0 0 0.6755 828.109 141.236 919.4353 331.4796 1.6889 0.5073 0.6208 2.4453 1.3413 6.6211 1.0293 0.7692 0.6563 0.3483
Pedestrian 0 0 1.2208 769.9433 148.4346 814.6662 256.3903 1.635 0.5607 0.623 2.8993 1.1377 11.1554 1.4751 0.6619 0.4228 0.6366
Pedestrian 0 0 1.5631 748.6251 146.5948 795.4857 256.9995 1.6993 0.5798 0.7372 2.6342 1.1707 11.3665 1.7908 0.5818 0.2689 0.2852
Pedestrian 0 0 1.8466 493.4252 142.7162 521.5996 204.1385 1.7127 0.5674 0.6182 -2.8026 0.6561 20.0406 1.7076 0.5557 0.0003 0.319
Pedestrian 0 0 1.2679 477.3016 140.7897 505.6474 207.4095 1.7535 0.5782 0.6076 -3.114 0.7016 19.0948 1.1063 0.5011 0.0714 0.314
Cyclist 0 0 1.8756 644.9136 143.5882 674.0458 204.3443 1.7172 0.5349 1.7628 1.5538 0.66 20.6334 1.9508 0.4138 0.0714 0.0
Pedestrian 0 0 1.7622 646.596 145.39 672.6414 202.962 1.708 0.592 0.6645 1.6457 0.6517 21.5863 1.8383 0.4089 0.1233 0.0053
Pedestrian 0 0 1.8658 488.8586 138.9072 518.4502 207.4983 1.8543 0.6092 0.809 -2.8412 0.7171 19.5967 1.7218 0.3813 0.1776 0.4691
Cyclist 0 0 1.8624 439.518 142.2373 472.0974 203.3247 1.8124 0.5824 1.7161 -4.6147 0.6571 21.6972 1.6528 0.3807 0.003 0.0
Pedestrian 0 0 1.6316 444.143 143.085 467.8324 201.672 1.7636 0.5983 0.6889 -4.6528 0.6223 21.9142 1.4224 0.363 0.0578 0.0
Pedestrian 0 0 1.5745 475.71 147.6727 499.1833 207.17 1.6774 0.557 0.6436 -3.4152 0.7436 20.3309 1.408 0.3571 0.0571 0.0097
Cyclist 0 0 1.5122 651.081 145.3085 675.6839 200.2383 1.582 0.4632 1.3474 1.6775 0.566 20.7798 1.5928 0.3156 0.0714 0.0
Cyclist 0 0 1.6635 490.3714 139.4758 517.0564 205.9824 1.7367 0.554 1.5321 -2.7641 0.6563 19.0324 1.5193 0.2863 0.0714 0.0
Pedestrian 0 0 1.9422 427.2752 140.3346 452.3902 198.176 1.7721 0.5968 0.6706 -5.2197 0.5401 22.1854 1.7112 0.269 0.0714 0.0