Car 0 0 -1.899 718.492 184.246 923.4072 313.9338 1.4741 1.6462 4.2469 2.7713 1.6699 10.6912 -1.6453 0.8926 0.864 0.7661
Car 0 0 -1.7263 676.4561 170.5494 757.4314 240.9485 1.7016 1.6091 3.6663 2.7197 1.6544 19.4074 -1.5871 0.776 0.7632 0.8017
Car 0 0 -2.2326 832.4662 159.4755 1274.8613 371.7431 1.6439 1.6046 4.1064 2.7052 1.6204 4.3878 -1.6802 0.6696 0.7739 0.7724
Car 0 0 -1.6621 651.099 175.6161 690.5896 209.137 1.4798 1.5525 3.9244 2.7877 1.6175 34.0973 -1.5805 0.5498 0.6153 0.4953
Car 0 0 -2.7942 396.9056 170.87 514.1602 213.9139 1.5712 1.6554 3.8946 -5.7093 1.4881 26.7844 -3.0042 0.5294 0.166 0.0
Car 0 0 -2.7754 329.2845 164.7368 473.8784 228.918 1.7502 1.6774 3.752 -6.0202 1.5333 20.9738 -3.0549 0.5225 0.0764 0.0
Car 0 0 -1.0191 238.8655 171.6356 430.6212 264.1216 1.5117 1.635 3.9743 -5.1532 1.5049 13.8672 -1.3749 0.5103 0.0349 0.0
Car 0 0 -2.4194 1.0 193.6983 238.0586 366.1661 1.4832 1.6632 4.2067 -6.6019 1.7112 7.1862 3.1207 0.4483 0.507 0.7314
Car 0 0 -3.0801 430.2581 171.6059 529.9682 205.2616 1.5337 1.6812 4.2545 -5.988 1.4758 33.3313 3.0254 0.4393 0.0592 0.0
Car 0 0 0.6672 418.7932 172.9477 503.172 213.4589 1.5084 1.5966 3.6649 -5.888 1.5293 28.324 0.4622 0.314 0.0714 0.4878
Car 0 0 -1.5838 627.6936 171.8734 647.3811 188.9447 1.4884 1.6034 3.5349 2.4656 1.3934 64.9714 -1.5459 0.2977 0.0357 0.2648
Car 0 0 -0.9654 261.4025 175.7722 435.7294 249.5718 1.4284 1.6182 4.217 -5.8272 1.5208 16.4675 -1.3055 0.2952 0.0714 0.1594
Car 0 0 -1.196 238.6894 175.2186 397.5354 252.746 1.4056 1.6549 4.3127 -6.1124 1.472 15.5462 -1.5706 0.2785 0.0714 0.043