Car 0 0 -1.7262 663.4682 175.785 735.1922 227.7841 1.4459 1.6344 4.1635 2.636 1.549 22.4657 -1.6094 0.818 0.9044 0.8376
Car 0 0 0.6707 207.936 173.4089 432.1125 257.5831 1.559 1.6459 4.0666 -5.816 1.5667 14.3846 0.2864 0.7533 0.6833 0.6742
Car 0 0 -2.54 0.0 176.7567 317.7405 318.265 1.5377 1.6462 4.2041 -6.4069 1.6185 9.0684 3.1281 0.5543 0.6044 0.7659
Car 0 0 -2.9229 133.7117 178.0225 372.158 262.1397 1.4758 1.6503 3.8031 -6.7445 1.5718 13.821 2.9063 0.53 0.0714 0.3521
Car 0 0 1.1112 719.3919 169.4072 844.7738 236.3779 1.579 1.6471 4.0931 4.468 1.5063 19.5575 1.3358 0.5293 0.0714 0.0112
Car 0 0 0.1556 360.1936 172.5568 493.1636 220.2408 1.5353 1.6554 4.2039 -6.2175 1.5196 24.0554 -0.0974 0.3905 0.1169 0.589
Car 0 0 -2.8813 435.0386 172.1699 533.127 204.8216 1.4952 1.6373 4.2856 -5.9343 1.468 33.9221 -3.0545 0.3587 0.0416 0.0
Car 0 0 -2.3539 709.74 173.1908 797.0114 210.9531 1.6053 1.6248 3.7548 6.3232 1.6227 32.2598 -2.1604 0.3389 0.0714 0.0
Car 0 0 -2.9654 445.49 170.861 536.865 198.9465 1.4285 1.6599 4.3227 -6.1942 1.3403 37.9741 -3.1271 0.299 0.0714 0.0
Car 0 0 -2.8091 422.85 175.6139 522.8631 209.2158 1.4447 1.636 4.1256 -6.2137 1.5687 32.5245 -2.9978 0.2807 0.0714 0.0
Car 0 0 1.0668 1.0 179.2897 204.8212 356.8405 1.5404 1.6481 4.1861 -6.8297 1.6305 7.2956 0.3143 0.2764 0.0823 0.3456