Car 0 0 -1.7966 702.1815 172.3906 852.3848 277.377 1.517 1.649 4.1466 2.6378 1.5172 12.5572 -1.5896 0.8662 0.8422 0.8293
Pedestrian 0 0 2.0396 266.6684 185.616 338.9724 316.3182 1.576 0.6094 0.6897 -3.9373 1.7435 9.1794 1.6344 0.7029 0.2403 0.2378
Car 0 0 -2.7169 295.2222 172.8646 468.1405 244.9515 1.7887 1.6995 3.7935 -6.0382 1.7958 19.1665 -3.0221 0.6912 0.4451 0.5044
Pedestrian 0 0 1.6531 260.8898 183.7776 322.9746 320.414 1.5984 0.6353 0.8351 -4.0009 1.7378 8.9821 1.234 0.5574 0.0474 0.1881
Car 0 0 -1.7068 655.9604 171.5653 709.536 215.6848 1.6351 1.6667 4.1994 2.8336 1.6022 29.4044 -1.6107 0.3741 0.1571 0.0
Car 0 0 -1.6783 678.4308 178.4246 744.399 232.9808 1.4386 1.5823 3.6189 2.9046 1.6221 21.5622 -1.5444 0.3713 0.0714 0.0
Cyclist 0 0 1.814 258.5899 185.89 330.3532 320.6171 1.53 0.5606 1.6241 -3.8881 1.6899 8.8266 1.3991 0.3429 0.0044 0.0
Car 0 0 1.6087 544.3936 171.8492 570.5342 195.0451 1.698 1.6255 3.7634 -3.9657 1.6235 54.3567 1.5359 0.339 0.3764 0.1926
Car 0 0 -1.7373 650.7846 165.8517 715.6261 212.631 1.5956 1.6783 4.1439 2.5422 1.3572 26.6059 -1.6421 0.339 0.0714 0.0
Car 0 0 2.4081 1.0 211.943 287.2224 373.3765 1.4962 1.6415 4.2367 -3.6089 1.7473 3.0342 1.5364 0.3104 4.0 0.8429
Car 0 0 -1.709 698.7556 178.5854 796.0804 255.095 1.4814 1.6032 3.9132 2.8962 1.6196 16.253 -1.5327 0.2528 0.0714 0.0409