Car 0 0 -1.6988 659.7496 177.1468 723.4861 224.9656 1.442 1.6165 3.9827 2.5916 1.6024 24.1816 -1.592 0.7564 0.8429 0.8187
Car 0 0 -2.652 19.2972 177.8306 357.017 295.2302 1.5061 1.6852 4.2641 -6.087 1.6007 10.3325 3.0988 0.7406 0.5209 0.4831
Car 0 0 0.5539 245.0692 174.47 452.9297 246.4613 1.4998 1.6253 4.1825 -5.8396 1.5366 16.024 0.2044 0.641 0.5613 0.591
Car 0 0 -2.7828 384.3965 174.5245 520.3556 217.5774 1.5546 1.6735 4.3183 -5.8031 1.6087 26.5311 -2.9981 0.5814 0.0714 0.3246
Car 0 0 0.2676 367.7627 169.9993 501.1718 218.1109 1.6291 1.6816 4.2542 -6.3231 1.5374 25.6077 0.0255 0.5026 0.0495 0.657
Car 0 0 -2.8361 440.0676 171.2289 536.1231 205.2588 1.5726 1.6484 4.1581 -5.7968 1.5034 34.1773 -3.0041 0.4718 0.0085 0.0
Car 0 0 0.7171 0.0 167.7113 280.9548 318.3581 1.5764 1.6322 4.2027 -6.6386 1.5373 8.5906 0.0592 0.4601 0.4714 0.7542
Car 0 0 1.2084 718.1322 171.7759 822.3504 225.9554 1.4793 1.6081 4.0667 4.7567 1.4801 22.4077 1.4175 0.3651 0.0714 0.0
Car 0 0 -1.6921 746.1417 193.6305 889.668 307.0235 1.3847 1.5618 3.4709 3.0661 1.7468 11.3294 -1.4277 0.3557 0.0067 0.0
Car 0 0 1.3232 736.1957 178.4022 859.5354 275.4717 1.6208 1.5181 3.6563 3.6411 1.7613 14.5547 1.5684 0.3515 0.0714 0.0
Car 0 0 -1.6007 627.7611 172.4804 645.2432 187.8826 1.4274 1.5659 3.6986 2.5193 1.3995 68.9114 -1.5641 0.3073 0.0065 0.0
Car 0 0 -2.8081 476.2573 170.6346 548.399 196.4933 1.4798 1.6243 3.8603 -5.7954 1.35 42.6905 -2.943 0.2777 0.0714 0.0