Car 0 0 -1.2318 149.496 185.4811 429.5945 346.5436 1.4511 1.603 3.7898 -3.5006 1.4793 8.6239 -1.6174 0.8943 0.8729 0.7992
Car 0 0 -1.4313 454.8898 185.6167 530.9189 240.7411 1.3748 1.6096 3.6244 -3.2485 1.4169 20.6638 -1.5873 0.7877 0.7848 0.7338
Car 0 0 -1.5707 582.2284 178.7673 622.2298 215.5442 1.5018 1.6177 3.9108 -0.278 1.2328 31.934 -1.5794 0.6996 0.7716 0.2257
Car 0 0 -1.0903 126.5688 182.6474 311.794 278.7186 1.4612 1.5861 3.4647 -6.9346 1.4364 13.0651 -1.5782 0.6576 0.1497 0.2216
Car 0 0 -0.8006 14.768 183.6666 206.3949 256.677 1.4848 1.6068 3.7682 -11.9101 1.4912 17.3596 -1.4019 0.5957 0.5578 0.3845
Car 0 0 -1.1835 416.8674 180.6947 479.8644 214.2388 1.4718 1.6002 3.7562 -7.5363 1.2844 34.1059 -1.401 0.5114 0.2849 0.7616
Car 0 0 -1.4316 349.7923 180.5651 422.0872 231.9574 1.5482 1.6481 3.8318 -7.2689 1.4109 23.7392 -1.7288 0.451 0.2228 0.5128
Car 0 0 -1.48 421.9166 179.5817 465.4048 213.0803 1.4718 1.6216 3.8116 -7.7611 1.2215 34.0618 -1.7041 0.4154 0.0326 0.7427
Car 0 0 2.0822 303.1174 184.0374 367.655 217.2995 1.4573 1.5187 3.9123 -13.1448 1.4283 34.7843 1.7209 0.3831 0.0714 0.1985
Car 0 0 2.0859 141.5688 185.8216 277.5472 244.3114 1.4 1.5637 3.9095 -10.7964 1.437 19.7702 1.5861 0.3429 0.0292 0.0683
Car 0 0 2.1187 1.0 201.4337 124.9931 330.5038 1.3907 1.6151 3.9905 -8.247 1.631 8.5773 1.353 0.2973 0.0714 0.3344