Pedestrian 0 0 1.863 431.6606 162.7076 483.8658 295.1856 1.7069 0.6178 0.7629 -1.9748 1.4646 9.6868 1.6619 0.8195 0.5426 0.6371
Pedestrian 0 0 1.8845 462.9943 154.4351 524.986 288.6662 1.7908 0.6368 0.886 -1.5435 1.4256 10.0535 1.7322 0.7981 0.615 0.8052
Pedestrian 0 0 -1.4299 606.6159 163.9576 639.977 237.4015 1.7116 0.6386 0.8197 0.4994 1.2964 17.2725 -1.401 0.5828 0.2222 0.0942
Pedestrian 0 0 2.0038 689.9287 163.0802 715.9944 225.8716 1.7381 0.5869 0.6419 2.8114 1.2295 20.1096 2.1427 0.537 0.2548 0.0
Car 0 0 1.6432 562.342 170.3333 592.9918 194.631 1.4646 1.6378 3.9558 -1.4642 0.766 45.4956 1.611 0.5353 0.6648 0.5699
Pedestrian 0 0 1.7215 656.8243 158.8612 693.0736 234.3022 1.7992 0.6279 0.8312 1.7563 1.2563 17.4805 1.8217 0.5189 0.2597 0.0
Pedestrian 0 0 -3.0197 721.2926 153.8042 748.6443 220.5988 1.7894 0.6254 0.8042 3.6262 1.0483 19.6413 -2.8372 0.3931 0.0001 0.0111
Pedestrian 0 0 -2.0983 1127.8368 98.5574 1200.2006 335.8633 1.856 0.6179 0.7366 4.7368 1.2014 5.8389 -1.4167 0.3764 0.0714 0.0784
Pedestrian 0 0 -2.1523 1122.9755 107.2234 1222.5349 368.8115 1.9431 0.6055 0.726 4.4222 1.404 5.4213 -1.4681 0.3687 0.0021 0.391
Pedestrian 0 0 1.7036 363.7015 187.2774 422.6509 315.9719 1.5102 0.5929 0.6953 -2.6599 1.5851 9.0786 1.4186 0.337 0.0363 0.0
Cyclist 0 0 1.9244 717.231 153.8769 754.2798 236.3151 1.7477 0.5509 1.6793 2.9605 1.1568 16.0659 2.1067 0.3174 0.0714 0.0
Pedestrian 0 0 -2.0551 1128.4564 88.3356 1263.5741 349.3654 2.0422 0.6357 0.7802 4.288 1.385 5.2269 -1.368 0.2669 0.0714 0.5035
Cyclist 0 0 -2.1552 1106.1623 101.4794 1247.8574 346.8091 1.9767 0.5684 1.7374 4.4397 1.3313 5.5182 -1.4777 0.2575 0.0714 0.0