Car 0 0 1.8929 244.1536 197.2519 395.0822 280.5927 1.4167 1.6676 4.2429 -6.0989 2.0056 15.5838 1.5199 0.8816 0.9026 0.752
Car 0 0 2.0883 10.1075 206.5525 283.9437 360.7972 1.4671 1.5716 3.7115 -5.9775 1.9702 9.36 1.5199 0.8413 0.8255 0.8517
Car 0 0 -1.7857 704.6771 176.7744 804.2031 246.8102 1.5036 1.6046 3.9365 3.3633 1.6103 17.7117 -1.5981 0.8292 0.8601 0.5728
Car 0 0 -1.696 682.0874 175.0346 751.0114 228.6316 1.5531 1.6432 4.0999 3.263 1.6309 23.0538 -1.5554 0.7918 0.7578 0.7059
Car 0 0 1.8615 375.1737 189.3127 468.6448 243.1315 1.4612 1.6459 4.0745 -5.8744 2.0162 22.8758 1.6101 0.7815 0.7466 0.9083
Car 0 0 1.7498 482.9445 185.5955 524.6158 214.1188 1.4381 1.587 3.7885 -5.8049 2.1619 39.5644 1.6041 0.5822 0.5316 0.0
Car 0 0 1.7703 433.7924 184.9731 493.8394 227.8501 1.545 1.6486 3.798 -5.8493 2.0618 29.0684 1.5717 0.5726 0.7311 0.0
Car 0 0 2.6047 916.179 149.2672 1089.0135 219.816 1.7339 1.6263 3.6546 10.0593 1.1525 18.6651 3.099 0.5392 0.1691 0.2616
Car 0 0 -1.6859 662.9052 177.8088 708.049 213.9156 1.4823 1.5839 3.5417 3.2117 1.7081 31.781 -1.5852 0.5277 0.5827 0.0
Car 0 0 2.8403 854.8405 156.4992 1010.9353 212.5486 1.6307 1.6514 3.7411 9.6141 1.1488 21.8427 -3.0283 0.5093 0.1361 0.0
Car 0 0 2.6388 1069.0399 130.5668 1240.5996 231.5303 1.6203 1.625 3.9533 10.2634 0.9454 12.515 -2.9576 0.4713 0.0072 0.1294
Car 0 0 2.462 1048.5886 136.4147 1279.0 244.0196 1.6723 1.6491 4.071 9.8553 1.0795 12.1866 -3.1411 0.4577 0.4493 0.1421
Car 0 0 2.449 996.2872 136.7005 1182.1616 225.7542 1.8126 1.5545 3.5119 10.1992 1.0563 15.6928 3.0253 0.3812 0.0882 0.2444
Car 0 0 -1.67 643.2748 177.7228 671.5945 201.0246 1.5165 1.6136 3.5879 3.1456 1.8503 48.75 -1.6055 0.3458 0.0013 0.0
Car 0 0 1.8303 516.0612 181.0063 549.5694 201.9074 1.5088 1.5741 3.9667 -5.7917 2.13 54.49 1.7244 0.3238 0.0467 0.0
Car 0 0 1.8427 585.5432 175.1027 614.1106 192.7664 1.5782 1.6284 4.0382 -0.9496 1.7995 67.2651 1.8286 0.2831 0.0714 0.0