Pedestrian 0 0 2.4476 860.6018 148.3471 994.3144 372.5083 1.7319 0.5911 0.8532 2.5666 1.4886 5.7895 2.8649 0.7362 0.5044 0.3342
Pedestrian 0 0 -3.1031 566.7898 165.3624 607.2934 251.7746 1.7743 0.6202 0.7901 -0.3383 1.444 15.3472 -3.1251 0.6337 0.4469 0.2743
Car 0 0 1.8411 399.288 155.1688 560.0198 274.27 1.7275 1.6606 4.08 -1.959 1.3058 12.4744 1.6853 0.583 0.6374 0.2074
Car 0 0 1.7532 506.4729 161.2066 588.538 234.769 1.8395 1.669 4.2431 -1.4306 1.3008 20.1038 1.6821 0.5346 0.0522 0.0
Cyclist 0 0 -2.0778 605.7384 168.2297 649.0742 241.333 1.6941 0.5392 1.8359 0.5975 1.3776 17.3867 -2.0435 0.4979 0.0202 0.0
Pedestrian 0 0 3.1082 607.5583 165.3719 646.8556 241.4643 1.7356 0.5947 0.8705 0.5806 1.3653 17.0033 -3.1409 0.4686 0.1345 0.3103
Pedestrian 0 0 2.7155 957.8349 180.9918 1061.3161 336.7536 1.5921 0.5594 0.6536 4.2829 1.5809 7.6738 -3.0586 0.4237 0.0714 0.0
Cyclist 0 0 1.7877 561.9801 165.6184 603.9831 253.2756 1.7604 0.585 1.9565 -0.4186 1.4305 15.1945 1.7602 0.3648 0.0714 0.0
Pedestrian 0 0 2.1322 969.7612 182.7465 1036.7269 299.0983 1.4972 0.5182 0.5575 5.3498 1.5271 9.6513 2.6384 0.3495 0.0046 0.0
Pedestrian 0 0 2.6693 863.0744 151.0311 968.8584 325.0162 1.7865 0.5575 0.9184 3.3224 1.4707 7.7355 3.075 0.2938 0.0714 0.0
Pedestrian 0 0 -3.1186 593.803 163.1109 636.4916 242.8631 1.8428 0.5881 0.8935 0.3006 1.4225 17.1922 -3.1012 0.2828 0.0103 0.3216
Pedestrian 0 0 0.1971 750.4521 165.6459 768.6054 206.6862 1.7237 0.5838 0.7689 6.7731 1.044 30.8485 0.4132 0.2618 0.0714 0.0