Car 0 0 -1.1619 7.9965 190.5024 417.4306 376.8199 1.4895 1.6494 4.1467 -3.1419 1.5611 6.4575 -1.6148 0.8409 0.8352 0.7419
Car 0 0 -1.373 363.6684 174.0446 499.3366 273.382 1.6016 1.6378 3.8864 -3.1921 1.3981 13.5904 -1.6037 0.8117 0.7832 0.5573
Car 0 0 -1.5893 560.339 178.9519 623.0857 236.4219 1.5321 1.6686 3.4978 -0.5113 1.3631 21.2646 -1.6133 0.7719 0.8513 0.4351
Car 0 0 -1.515 490.9785 178.7458 546.4204 226.076 1.5675 1.6688 4.179 -3.1976 1.3455 26.0326 -1.6372 0.7544 0.7794 0.5748
Car 0 0 -1.0378 342.9162 177.9042 460.5124 234.6199 1.5419 1.6637 3.8091 -6.212 1.3311 21.8543 -1.3148 0.5105 0.052 0.0
Car 0 0 -1.1084 349.9886 177.4578 438.721 227.9289 1.5585 1.6311 3.7208 -7.2748 1.3165 24.6725 -1.3951 0.3873 0.0714 0.2484
Car 0 0 -1.2615 346.9373 178.7475 411.6581 223.0892 1.5195 1.5821 3.0637 -8.53 1.3055 26.895 -1.5686 0.347 0.0318 0.2359
Car 0 0 1.1331 179.656 188.0214 278.2126 231.9561 1.3897 1.569 3.6426 -13.6041 1.5298 25.7445 0.647 0.3469 0.0714 0.0
Car 0 0 -1.3708 385.9381 174.8604 491.4683 251.0251 1.6594 1.6861 3.9213 -4.0803 1.4133 17.8142 -1.5959 0.2977 0.0714 0.033
Car 0 0 2.0532 161.8479 186.3718 278.7755 243.8544 1.4362 1.5024 3.5911 -11.2918 1.5179 21.1143 1.5621 0.2828 0.0714 0.0
Car 0 0 2.3662 152.2243 185.4711 265.8637 224.9845 1.4933 1.6241 4.3331 -16.3545 1.5271 29.7186 1.8631 0.2761 0.0714 0.0
Car 0 0 -1.2176 305.0238 184.059 351.1458 211.1541 1.5066 1.6438 3.8963 -16.642 1.4602 42.901 -1.5876 0.267 0.0714 0.0