Car 0 0 -1.7679 664.993 174.4791 755.4982 240.967 1.4827 1.6046 3.7679 2.3515 1.5314 18.0758 -1.6385 0.8758 0.8311 0.8158
Car 0 0 -1.5701 513.4814 173.6526 557.6991 212.7647 1.4948 1.6443 4.2002 -3.1008 1.5509 30.0142 -1.6731 0.7561 0.7916 0.4449
Car 0 0 -1.2904 208.1886 183.3995 422.413 312.959 1.4297 1.6279 3.8068 -3.8716 1.6008 10.0949 -1.6566 0.7336 0.3849 0.3566
Car 0 0 -1.6858 642.814 174.3356 690.0048 212.2376 1.4921 1.5638 3.7068 2.2645 1.5606 30.3728 -1.6114 0.6248 0.7672 0.6942
Car 0 0 -1.2831 193.3083 175.754 438.1904 351.1297 1.4904 1.5778 3.3144 -3.1062 1.5517 8.1767 -1.6461 0.6183 0.0051 0.4705
Car 0 0 -0.9753 0.0 183.0203 409.0779 366.1396 1.5439 1.5829 4.1301 -2.7151 1.6583 4.0125 -1.5702 0.5281 18.0 0.7538
Pedestrian 0 0 -0.641 164.9125 160.012 237.8435 291.3172 1.7855 0.5645 0.6019 -5.8628 1.6166 10.2449 -1.1607 0.4259 0.0705 0.0
Pedestrian 0 0 2.2038 246.369 161.7303 305.5866 264.2148 1.6864 0.5974 0.6469 -5.7313 1.5118 12.3032 1.7678 0.4009 0.0012 0.0
Car 0 0 -1.7067 632.981 174.0495 676.213 208.9959 1.5145 1.5231 3.5809 1.9449 1.5812 33.2968 -1.6483 0.3344 0.05 0.0997
Car 0 0 -1.4646 528.9646 173.5515 568.7 203.0052 1.5248 1.6711 4.1989 -3.3436 1.5752 39.6667 -1.5487 0.3171 0.0714 0.0
Pedestrian 0 0 2.2393 249.5458 164.1628 294.8944 253.0492 1.6561 0.5656 0.5656 -6.5706 1.5041 13.9408 1.7989 0.2821 0.0714 0.0
Car 0 0 -1.6946 630.067 173.5457 669.5054 204.1556 1.5113 1.5809 3.5058 1.9724 1.5636 37.6935 -1.6423 0.2802 0.0714 0.0