Pedestrian 0 0 0.5556 384.4828 179.8106 435.749 276.9663 1.5811 0.5509 0.5991 -3.2496 1.5562 12.0429 0.292 0.6913 0.229 0.641
Pedestrian 0 0 -1.466 588.8424 168.5126 615.9416 231.9529 1.6929 0.6471 0.8237 -0.0049 1.3395 19.6864 -1.4662 0.5697 0.2309 0.0
Cyclist 0 0 0.4603 369.1687 177.1797 458.9455 272.6132 1.6104 0.544 1.7229 -3.3472 1.5471 12.6264 0.2012 0.5217 0.0 0.0
Pedestrian 0 0 2.0537 475.3223 186.2548 520.9144 286.1824 1.6246 0.5163 0.6281 -1.7878 1.7118 12.175 1.9079 0.5093 0.2824 0.0
Pedestrian 0 0 -1.6091 15.1265 152.4374 120.3511 355.3674 1.7647 0.6221 0.861 -5.0956 1.5075 6.7805 -2.2535 0.4972 0.4828 0.2561
Pedestrian 0 0 -0.9637 838.8014 164.9583 893.4213 251.0818 1.7237 0.6305 0.8534 5.4612 1.389 14.8723 -0.6118 0.4474 0.0237 0.0
Cyclist 0 0 -1.0715 676.441 163.2537 719.1826 230.026 1.8058 0.5669 1.7515 2.7231 1.3058 20.4236 -0.9389 0.4433 0.0852 0.0
Pedestrian 0 0 1.9824 488.7552 183.3654 532.0466 283.079 1.5679 0.591 0.6926 -1.5281 1.601 11.7743 1.8534 0.443 0.0714 0.106
Pedestrian 0 0 -1.7952 622.907 162.6985 648.0752 212.2511 1.8159 0.6267 0.7392 1.2167 1.1228 26.5643 -1.7494 0.4192 0.0714 0.0
Cyclist 0 0 0.8487 380.381 177.9766 434.3754 280.0074 1.6107 0.5248 1.4803 -3.2586 1.5607 11.9092 0.5816 0.4145 0.0038 0.0
Pedestrian 0 0 2.4025 484.8322 173.7208 543.095 284.8121 1.6758 0.5865 0.8454 -1.3973 1.5613 11.2708 2.2792 0.3612 0.1329 0.3641
Pedestrian 0 0 1.7793 497.2342 170.8837 540.228 280.0997 1.7178 0.6266 0.8236 -1.3989 1.5515 11.8105 1.6614 0.3179 0.0 0.0808
Pedestrian 0 0 -1.5561 628.9454 168.7177 647.0318 213.9644 1.6895 0.6179 0.7431 1.3637 1.2032 27.3794 -1.5063 0.3178 0.0014 0.0
Cyclist 0 0 -0.5245 674.5001 165.6244 730.6036 234.6179 1.7914 0.5997 2.115 2.6734 1.3631 19.2172 -0.3862 0.3149 0.0714 0.0
Pedestrian 0 0 -1.9791 568.7607 169.2656 591.4463 222.002 1.7212 0.5957 0.8926 -0.7539 1.3174 24.1093 -2.0103 0.275 0.0022 0.0
Pedestrian 0 0 -1.5842 846.0481 165.3969 881.0336 249.1545 1.6549 0.5617 0.6295 5.2614 1.3371 14.5404 -1.237 0.2565 0.0714 0.0
Cyclist 0 0 1.7346 568.1708 166.9406 591.3658 224.2261 1.7285 0.5527 1.7658 -0.7004 1.2802 22.4357 1.7034 0.2529 0.0714 0.0