Car 0 0 -2.0221 781.4162 201.7955 1120.3209 383.0 1.4547 1.5592 3.5954 2.8665 1.7874 7.1581 -1.6412 0.8884 0.8442 0.7653
Car 0 0 -1.8233 719.72 186.3228 861.8505 292.3079 1.5293 1.5606 3.5102 2.9 1.7801 12.4776 -1.595 0.8805 0.8337 0.8276
Car 0 0 -1.7005 665.2686 183.2823 725.5221 229.9447 1.3946 1.5401 3.4107 2.7413 1.7729 24.1197 -1.5874 0.8009 0.8221 0.5773
Car 0 0 -2.8363 196.1606 177.8511 425.2107 261.4806 1.5696 1.6621 4.034 -6.0244 1.6729 14.7028 3.058 0.7833 0.5088 0.2409
Car 0 0 0.2824 331.4584 179.5196 474.76 231.0754 1.5607 1.6362 3.7712 -6.5777 1.7877 22.95 0.0033 0.6979 0.5676 0.6086
Car 0 0 -1.6746 645.4834 178.4443 686.4323 215.3024 1.6196 1.6089 3.741 2.5557 1.9003 34.1401 -1.5999 0.6714 0.6746 0.3638
Car 0 0 -2.8473 390.9041 173.6098 510.4435 221.6141 1.7122 1.6907 3.8605 -5.8702 1.7425 26.6457 -3.0641 0.5543 0.5983 0.0628
Car 0 0 0.7793 0.0 170.6504 316.3449 335.615 1.6212 1.606 3.9605 -5.8588 1.6263 8.2951 0.1644 0.4555 0.5106 0.5463
Car 0 0 0.6266 119.4974 164.0033 394.2647 286.3978 1.8552 1.6989 4.1536 -5.9969 1.7236 12.2865 0.1725 0.4364 0.3549 0.3426
Car 0 0 -2.3857 1.0 168.2181 220.1656 383.0 1.6625 1.6662 4.1918 -5.172 1.6528 5.3449 3.1285 0.3997 0.0394 0.1715
Car 0 0 -2.9101 490.8458 177.091 558.756 205.8009 1.6363 1.6509 3.9876 -5.0519 1.8978 42.4876 -3.0284 0.3878 0.0714 0.0
Car 0 0 -2.8498 437.5394 179.3236 529.9172 213.7325 1.5543 1.6241 4.0117 -5.9189 1.8722 33.9585 -3.0224 0.3119 0.005 0.0021
Car 0 0 -2.3137 1.0 188.2552 171.6299 379.6016 1.4944 1.6408 4.1207 -5.9557 1.6036 5.5338 -3.1358 0.2832 0.0552 0.3042
Car 0 0 -2.4845 982.6367 159.3101 1241.0 371.0821 1.5763 1.6589 4.0454 2.8741 1.5836 2.0196 -1.5263 0.2564 2.0 0.6992