Pedestrian 0 0 0.9701 562.875 138.1054 622.7194 258.037 1.7907 0.6082 0.6883 -0.2506 1.1587 10.9306 0.9472 0.6555 0.4514 0.2686
Pedestrian 0 0 1.1905 616.8167 141.4533 671.782 254.0837 1.7372 0.6114 0.7474 0.573 1.1298 11.3379 1.241 0.6433 0.4216 0.7044
Pedestrian 0 0 0.9633 903.5884 155.4384 1022.2607 371.0331 1.5924 0.5672 0.6105 2.568 1.4525 5.232 1.4195 0.5665 0.3351 0.4617
Pedestrian 0 0 1.7059 478.6264 139.7112 506.1234 207.7858 1.7807 0.5876 0.5885 -3.0687 0.7054 18.98 1.5456 0.5484 0.1677 0.1704
Pedestrian 0 0 0.6443 825.7124 165.2596 953.8457 379.2275 1.661 0.5676 0.7589 2.0098 1.5654 5.1701 1.015 0.5363 0.2357 0.3576
Pedestrian 0 0 1.2971 535.6756 136.1627 592.4532 259.9068 1.829 0.6349 0.6765 -0.6756 1.1718 10.8092 1.2347 0.4936 0.3429 0.5522
Pedestrian 0 0 1.158 509.8305 145.4922 537.7786 208.6526 1.6833 0.5558 0.5743 -2.2431 0.7515 19.1894 1.0416 0.4739 0.0485 0.3707
Pedestrian 0 0 1.3242 514.8335 143.1231 541.4216 210.5433 1.7558 0.5588 0.7388 -2.1081 0.7742 18.9124 1.2132 0.4588 0.1034 0.1891
Pedestrian 0 0 1.527 475.0388 144.0864 501.151 208.0721 1.7102 0.5645 0.6109 -3.2173 0.7361 19.2472 1.3614 0.4553 0.0037 0.4248
Cyclist 0 0 -2.0798 238.4585 134.3247 345.5591 298.699 1.8539 0.5443 1.7337 -3.7709 1.3138 8.3983 -2.5018 0.4464 0.0714 0.0
Pedestrian 0 0 1.8773 494.5002 140.7815 521.5837 204.1904 1.7992 0.609 0.7506 -2.8602 0.6629 20.595 1.7393 0.4399 0.024 0.5225
Pedestrian 0 0 1.0717 528.9234 137.6948 566.1507 209.3234 1.8299 0.6523 0.7677 -1.5576 0.7295 18.6715 0.9885 0.4338 0.0113 0.0
Pedestrian 0 0 1.0534 445.6215 141.8364 481.8 211.5926 1.8052 0.6274 0.7181 -3.8152 0.7903 18.881 0.8541 0.4314 0.0714 0.0029
Pedestrian 0 0 1.1947 606.2828 144.4124 633.768 211.3309 1.6906 0.5468 0.5576 0.348 0.7812 18.3539 1.2136 0.3924 0.0714 0.1149
Pedestrian 0 0 1.4767 502.3081 141.71 529.6952 205.93 1.7671 0.6048 0.6836 -2.5685 0.6888 20.112 1.3497 0.3887 0.0613 0.2504
Pedestrian 0 0 1.2116 450.8473 142.5154 476.7736 202.923 1.7223 0.5678 0.7083 -4.2094 0.6249 20.8159 1.012 0.3687 0.0792 0.0
Pedestrian 0 0 1.4375 601.7392 144.9643 630.3962 217.3352 1.6365 0.5534 0.5969 0.22 0.8296 16.5349 1.4508 0.3676 0.0553 0.0
Pedestrian 0 0 1.2532 533.996 136.501 561.4738 202.8955 1.8322 0.5983 0.7121 -1.6731 0.6118 20.0883 1.1701 0.3496 0.0714 0.3005
Cyclist 0 0 1.8567 418.6587 142.652 453.3634 204.0328 1.7626 0.5696 1.621 -5.0282 0.6625 20.8882 1.6205 0.3239 0.0714 0.0
Cyclist 0 0 1.7849 397.1913 147.25 427.0389 199.5597 1.6912 0.5714 1.5832 -6.4507 0.5996 23.4691 1.5167 0.3114 0.0714 0.0
Pedestrian 0 0 0.7836 446.8344 144.6728 474.0316 207.8842 1.7136 0.5392 0.6641 -4.0436 0.7358 19.5576 0.5797 0.2772 0.0714 0.3765
Pedestrian 0 0 1.7926 401.1456 143.3712 429.5649 209.8168 1.8163 0.5942 0.6687 -5.4202 0.7895 20.0707 1.5289 0.2763 0.0 0.0416
Pedestrian 0 0 1.2481 546.3378 137.4424 590.9308 234.296 1.7917 0.6371 0.7726 -0.7577 0.9846 13.6762 1.1928 0.2687 0.0714 0.0
Cyclist 0 0 -1.381 649.2366 143.3528 678.313 197.093 1.621 0.5231 1.7638 1.8051 0.4759 22.1355 -1.2996 0.2673 0.0714 0.0
Pedestrian 0 0 1.2719 550.6071 137.3166 585.5544 216.6019 1.7785 0.5826 0.7041 -0.918 0.805 16.4696 1.2162 0.267 0.0714 0.0
Pedestrian 0 0 1.7379 421.6726 142.2514 448.756 204.0161 1.7977 0.5916 0.6783 -5.1543 0.673 21.306 1.5005 0.2618 0.0 0.0
Pedestrian 0 0 1.0628 597.2628 139.5775 643.1394 238.8129 1.7397 0.6239 0.7119 0.2269 1.018 13.0094 1.0802 0.255 0.0714 0.1431