Pedestrian 0 0 -2.2328 940.8832 174.5464 1021.3053 318.0491 1.5906 0.5201 0.6432 4.3603 1.5171 8.4007 -1.754 0.6492 0.4914 0.072
Car 0 0 -1.7671 715.756 177.2447 860.3653 288.9918 1.5527 1.6569 3.9742 2.9267 1.493 12.3144 -1.5338 0.4181 0.2819 0.0
Car 0 0 -1.7766 710.2769 182.7256 823.951 266.4665 1.5191 1.6442 4.0451 3.329 1.5678 15.3554 -1.5631 0.3754 0.0714 0.0
Pedestrian 0 0 -1.5967 625.5588 176.428 646.4507 223.2689 1.6565 0.5851 0.8436 1.2163 1.4717 25.936 -1.5498 0.373 0.071 0.0
Pedestrian 0 0 1.9619 399.6352 172.3653 452.7817 276.8576 1.6032 0.5834 0.723 -2.8415 1.4675 11.5158 1.72 0.3683 0.0249 0.0
Pedestrian 0 0 1.5368 401.6077 171.8069 458.8528 303.6378 1.5961 0.6525 0.784 -2.208 1.4769 9.1143 1.2991 0.3634 0.0263 0.0
Cyclist 0 0 -1.6434 624.4504 177.6406 646.7185 223.6496 1.6548 0.5717 1.8191 1.2484 1.5213 27.0155 -1.5972 0.3361 0.0129 0.0
Pedestrian 0 0 -1.2801 685.1994 184.8582 706.1325 228.7842 1.6249 0.6165 0.8315 3.569 1.7613 27.3592 -1.1504 0.3072 0.0 0.0
Pedestrian 0 0 1.6421 516.886 183.9398 538.3016 238.443 1.6578 0.5481 0.7996 -2.3116 1.7305 22.368 1.5391 0.2999 0.0486 0.0585
Pedestrian 0 0 2.4687 23.2151 193.0007 105.4477 361.9509 1.5671 0.5581 0.8207 -5.2504 1.6615 6.7353 1.8066 0.2731 0.0006 0.1667
Pedestrian 0 0 2.9861 417.6973 173.4068 452.2929 250.4914 1.675 0.6004 0.7188 -3.7299 1.4889 15.9577 2.7564 0.2672 0.0714 0.0
Pedestrian 0 0 -1.3008 654.2026 176.5015 673.2541 213.7016 1.6182 0.581 0.6755 2.7176 1.3819 31.3991 -1.2145 0.26 0.0052 0.0