Pedestrian 0 0 1.3043 587.1281 144.1544 638.043 250.4264 1.7855 0.6346 0.7872 0.075 1.168 12.3006 1.3104 0.7066 0.4216 0.628
Pedestrian 0 0 1.3397 568.9016 142.5404 600.6768 227.0275 1.7274 0.5308 0.6633 -0.4812 0.9445 14.8565 1.3073 0.6387 0.3157 0.4667
Pedestrian 0 0 1.2109 631.9552 139.2425 679.9292 247.8447 1.7197 0.5814 0.6381 0.7814 1.0633 11.6227 1.278 0.6163 0.46 0.0485
Pedestrian 0 0 1.9677 473.1698 141.6847 511.014 222.5435 1.7528 0.6063 0.718 -2.5452 0.9009 15.6787 1.8068 0.5451 0.3545 0.0645
Pedestrian 0 0 1.2309 491.9806 139.5988 531.942 222.1406 1.7597 0.6181 0.7304 -2.0958 0.8829 15.5049 1.0965 0.544 0.2639 0.5568
Pedestrian 0 0 1.14 539.502 141.3386 581.7118 228.5711 1.7485 0.605 0.7555 -0.973 0.96 14.5394 1.0732 0.5135 0.3213 0.5984
Pedestrian 0 0 1.3484 519.1978 138.5552 561.5882 223.262 1.7737 0.6329 0.7413 -1.4377 0.888 15.1844 1.254 0.5033 0.0 0.2694
Pedestrian 0 0 0.5396 922.0423 135.0693 1048.3689 372.5206 1.7567 0.6105 0.6769 2.5989 1.4608 4.9054 1.0268 0.4988 0.3577 0.4101
Pedestrian 0 0 1.3176 478.7778 144.883 506.3606 224.5526 1.7485 0.5804 0.6931 -2.5708 0.9596 15.8792 1.1571 0.4663 0.0714 0.0288
Pedestrian 0 0 1.6961 440.7461 143.671 478.9414 227.1396 1.7327 0.6171 0.7595 -3.1201 0.9627 15.0031 1.491 0.4507 0.1994 0.0325
Pedestrian 0 0 0.7864 994.8401 131.4701 1159.9607 364.7566 1.7114 0.6156 0.7733 2.8499 1.429 4.4075 1.3604 0.4504 0.2289 0.148
Pedestrian 0 0 1.7215 524.3068 137.3555 555.051 215.6042 1.843 0.6393 0.726 -1.6115 0.825 16.9907 1.6269 0.4252 0.0812 0.0
Pedestrian 0 0 1.5352 693.617 149.2364 713.2032 204.0475 1.5677 0.4542 0.5552 2.8297 0.658 20.585 1.6718 0.4233 0.1291 0.0
Pedestrian 0 0 0.3609 1063.297 130.7251 1183.1506 376.5919 1.8015 0.6014 0.6669 3.8083 1.4609 5.185 0.9944 0.408 0.0264 0.15
Pedestrian 0 0 0.795 257.6315 145.8449 325.7105 234.5239 1.8552 0.6371 0.9363 -6.952 1.1218 15.5957 0.3757 0.3976 0.0714 0.0
Pedestrian 0 0 -1.2543 684.5661 143.9746 715.081 202.4449 1.6389 0.6128 0.8186 2.7013 0.6049 20.2282 -1.1215 0.3721 0.0714 0.0
Pedestrian 0 0 0.3295 1051.1096 125.5644 1219.4208 373.6666 1.7899 0.6141 0.7644 3.2529 1.4514 4.4749 0.9581 0.3653 0.0379 0.1628
Pedestrian 0 0 1.4568 592.3886 144.1687 631.1316 235.5645 1.7148 0.6407 0.6029 0.0819 1.0286 13.5481 1.4628 0.3636 0.0714 0.0
Pedestrian 0 0 1.9845 441.9426 146.3381 477.5024 207.064 1.7268 0.5991 0.7005 -4.2332 0.7523 20.4058 1.78 0.3372 0.0714 0.0
Cyclist 0 0 1.7072 438.3104 144.1397 479.5984 219.7833 1.7447 0.576 1.6442 -3.5751 0.8973 17.1482 1.5016 0.264 0.0714 0.0
Pedestrian 0 0 0.4789 273.595 144.2846 318.3677 218.494 1.7276 0.6275 0.7567 -7.4259 0.8825 16.8787 0.0644 0.2623 0.0714 0.0