Pedestrian 0 0 -2.0809 755.329 173.3392 848.2223 347.1164 1.6206 0.5821 0.7595 1.9141 1.5443 7.1652 -1.8199 0.742 0.4726 0.5987
Pedestrian 0 0 -2.3878 805.213 173.3456 882.9053 327.078 1.6667 0.5695 0.7606 2.7152 1.5833 8.2278 -2.0691 0.6925 0.5079 0.3796
Pedestrian 0 0 -1.9966 816.474 178.0176 872.4555 322.2376 1.5398 0.5205 0.6489 2.6678 1.5098 8.0855 -1.6779 0.6524 0.0714 0.1948
Pedestrian 0 0 -1.7534 711.566 168.936 769.412 315.8792 1.6209 0.5883 0.8103 1.5692 1.4856 8.4321 -1.5694 0.5653 0.2002 0.2303
Pedestrian 0 0 1.3395 931.5348 151.9436 1079.0056 375.0214 1.669 0.6466 0.7248 2.373 1.5063 4.2583 1.8479 0.5507 0.0755 0.5425
Pedestrian 0 0 2.6226 703.7209 165.1496 783.1402 320.1505 1.6945 0.5572 0.8072 1.5935 1.513 8.3492 2.8112 0.5465 0.1065 0.1417
Pedestrian 0 0 -2.451 875.3402 155.5717 960.4093 374.7128 1.6607 0.5404 0.6094 2.439 1.4742 5.6392 -2.0428 0.5361 0.3696 0.3326
Pedestrian 0 0 -2.0977 854.3423 163.1094 922.0263 296.7779 1.6827 0.5642 0.8195 3.7102 1.4401 9.456 -1.7238 0.514 0.2129 0.2932
Cyclist 0 0 -1.9213 533.2693 161.1616 587.3986 263.3792 1.8326 0.5626 1.903 -0.8318 1.4682 13.6501 -1.9821 0.5086 0.4093 0.0
Cyclist 0 0 1.6038 548.8316 167.0565 601.2648 252.2457 1.7985 0.5989 1.893 -0.64 1.4869 16.3124 1.5646 0.4718 0.0293 0.0
Pedestrian 0 0 1.5195 914.4764 145.9678 1133.0941 378.0621 1.7662 0.6436 0.751 2.2162 1.5755 3.9845 2.0271 0.4521 1.0 0.2803
Pedestrian 0 0 -2.181 533.2574 161.3135 586.2912 261.5386 1.8358 0.6055 0.9546 -0.8404 1.4577 13.6474 -2.2425 0.4513 0.2074 0.4014
Pedestrian 0 0 1.209 698.3742 170.4709 725.8468 227.4299 1.767 0.6449 0.8865 3.4616 1.408 22.709 1.3602 0.4364 0.0013 0.0
Pedestrian 0 0 1.5796 961.5833 158.6417 1101.2742 374.5262 1.6879 0.6483 0.7726 2.6311 1.5646 4.5792 2.1011 0.4203 0.0068 0.3287
Pedestrian 0 0 -1.5869 695.8131 168.5436 719.3346 224.2626 1.7211 0.6143 0.7919 3.3245 1.3152 22.6922 -1.4414 0.3741 0.0016 0.0
Pedestrian 0 0 -1.2519 664.552 171.5108 685.9582 219.1301 1.6936 0.6044 0.7719 2.6346 1.3268 25.8907 -1.1505 0.3708 0.123 0.0
Pedestrian 0 0 2.0962 958.1406 161.3522 1061.252 369.338 1.5871 0.5822 0.6267 2.6971 1.4674 4.78 2.6099 0.3629 0.0714 0.1588
Pedestrian 0 0 -1.2783 679.834 169.9979 701.7348 218.719 1.7392 0.6319 0.8529 3.2107 1.3125 25.9911 -1.1554 0.3399 0.0714 0.0
Pedestrian 0 0 -1.7236 721.5408 175.862 780.9014 317.6933 1.5744 0.6059 0.7996 1.7231 1.5203 8.5391 -1.5245 0.3376 0.0714 0.3449
Pedestrian 0 0 -1.3901 455.5802 173.6376 499.9907 260.8244 1.6908 0.6218 0.844 -2.5388 1.5321 14.5856 -1.5624 0.2828 0.0714 0.0
Pedestrian 0 0 0.7793 710.8842 166.372 761.9546 256.818 1.6866 0.6448 0.7898 2.495 1.4124 13.663 0.9599 0.28 0.0714 0.0
Pedestrian 0 0 -2.0262 871.1824 169.148 991.4998 365.9198 1.6522 0.5744 0.7692 2.3757 1.5308 5.429 -1.6137 0.2707 0.0714 0.1764
Cyclist 0 0 -2.0217 536.2982 163.988 606.753 262.7026 1.8092 0.5961 1.7232 -0.6351 1.4861 13.9057 -2.0673 0.2701 0.0714 0.0
Pedestrian 0 0 -0.5089 978.5002 151.9759 1033.336 239.1908 1.8113 0.6136 0.73 8.5906 1.1948 15.3086 0.0024 0.2619 0.0714 0.0