Car 0 0 1.853 291.9343 192.2684 434.4546 277.3454 1.4488 1.6667 4.2476 -5.1512 1.9321 15.5362 1.5328 0.8648 0.8119 0.3431
Cyclist 0 0 1.8227 457.2474 176.1698 498.0875 251.3364 1.6395 0.5779 1.6674 -3.0798 1.7217 16.6091 1.6394 0.6849 0.5439 0.0
Cyclist 0 0 2.1154 138.9477 174.1006 354.774 373.0764 1.5915 0.6106 1.6419 -2.6334 1.6412 5.1529 1.643 0.5493 0.5557 0.1807
Car 0 0 1.7763 476.9488 187.6592 526.584 220.2469 1.388 1.539 3.9571 -5.1363 2.1459 34.5277 1.6286 0.508 0.4303 0.5208
Cyclist 0 0 2.1433 11.657 176.8076 229.5476 373.1876 1.7212 0.5297 1.5957 -3.2497 1.7437 4.7462 1.5429 0.4673 0.2235 0.1615
Cyclist 0 0 2.2103 50.4687 177.457 281.5794 369.2046 1.6171 0.5272 1.5737 -3.1317 1.6754 4.6492 1.6175 0.4568 0.0165 0.0988
Car 0 0 -1.5088 642.1792 180.9332 677.8546 210.6848 1.4668 1.6094 3.8073 2.6603 1.9031 38.2362 -1.4393 0.3995 0.3849 0.5562
Cyclist 0 0 -1.8517 715.1297 165.7508 744.0207 226.1216 1.7845 0.5606 1.9313 3.6164 1.5784 22.1438 -1.6898 0.3384 0.0714 0.0
Pedestrian 0 0 -3.0932 715.0316 164.5093 743.4918 221.1928 1.8821 0.6465 0.9969 3.9858 1.617 24.441 -2.9315 0.3272 0.0441 0.0
Pedestrian 0 0 2.1495 37.2065 185.0015 222.0105 370.3955 1.6341 0.5894 0.7523 -3.3724 1.7113 5.097 1.565 0.2803 0.0714 0.0
Pedestrian 0 0 -1.4582 720.6766 165.7957 745.7676 224.7549 1.8082 0.689 0.9588 3.8307 1.6002 22.7292 -1.2913 0.2655 0.0714 0.0
Car 0 0 1.7207 616.253 175.4765 643.1652 192.5367 1.493 1.6515 4.2603 1.8286 1.757 66.2934 1.7483 0.2642 0.045 0.0