Pedestrian 0 0 1.1515 709.9328 141.1678 803.677 332.2674 1.747 0.6222 0.7653 1.4155 1.3844 6.8946 1.3539 0.7825 0.5767 0.2565
Pedestrian 0 0 0.7905 998.3043 143.6812 1107.7511 334.9478 1.7056 0.563 0.7144 4.1297 1.381 6.6217 1.3481 0.7739 0.6009 0.5354
Pedestrian 0 0 0.7008 920.9446 147.1308 1027.9862 339.6171 1.676 0.546 0.7154 3.3263 1.3952 6.5156 1.1728 0.7444 0.4913 0.4021
Pedestrian 0 0 1.3492 494.5655 141.7392 578.7917 323.7968 1.7618 0.6365 0.8197 -0.775 1.3859 7.3288 1.2439 0.7238 0.5732 0.4209
Pedestrian 0 0 1.0317 794.3371 145.6192 881.0226 325.0612 1.7004 0.5765 0.676 2.2638 1.3764 7.1113 1.3399 0.7103 0.5815 0.5033
Pedestrian 0 0 1.1315 657.5977 136.5754 727.4331 292.6329 1.7915 0.6133 0.7167 0.9921 1.2892 8.5698 1.2468 0.6696 0.4031 0.1436
Pedestrian 0 0 0.8581 539.0201 150.3697 621.8268 303.8161 1.7271 0.575 0.8016 -0.3488 1.39 8.3193 0.8162 0.568 0.0445 0.6375
Pedestrian 0 0 1.2843 575.3905 137.3642 642.3709 300.2211 1.8585 0.6078 0.6869 -0.0179 1.3605 8.4906 1.2822 0.5241 0.2571 0.4992
Pedestrian 0 0 1.3505 589.3078 133.082 650.4319 297.7219 1.7802 0.6298 0.7448 0.1139 1.2679 8.1288 1.3645 0.4592 0.0044 0.1872
Pedestrian 0 0 0.9835 254.7849 140.9762 304.7838 245.6723 1.8336 0.6229 0.7646 -5.934 1.1305 12.7938 0.5492 0.4009 0.0714 0.0
Pedestrian 0 0 1.3079 556.5928 145.3514 612.9314 301.605 1.6851 0.5315 0.5812 -0.2914 1.2987 7.9394 1.2712 0.3699 0.1578 0.2085
Pedestrian 0 0 0.9726 623.1867 153.7194 698.8658 291.7197 1.6845 0.5989 0.818 0.649 1.3612 9.0272 1.0444 0.3434 0.0394 0.6389
Cyclist 0 0 0.3229 288.5958 148.3897 342.7756 212.9355 1.6741 0.5262 1.5381 -7.7541 0.8351 18.8742 -0.0669 0.3213 0.0714 0.0
Pedestrian 0 0 2.2024 882.4922 162.586 925.0241 249.0116 1.6653 0.5785 0.6684 5.9108 1.3275 14.0943 2.5995 0.294 0.0008 0.0
Pedestrian 0 0 1.7297 550.7502 145.2921 569.2245 191.8953 1.8447 0.6107 0.6038 -1.8193 0.4608 28.1 1.665 0.2875 0.0714 0.0
Pedestrian 0 0 1.5792 500.4954 147.9653 532.247 230.6394 1.6915 0.56 0.6131 -1.9304 1.0195 15.0422 1.4516 0.277 0.0714 0.0