Pedestrian 0 0 -2.3582 351.0072 171.0179 415.5166 277.4906 1.7104 0.5726 0.9415 -3.6927 1.5422 11.995 -2.6569 0.8514 0.5811 0.337
Pedestrian 0 0 -1.4447 831.5537 163.2846 912.4068 341.9052 1.6457 0.63 0.7282 2.6182 1.478 7.0979 -1.0913 0.7637 0.5075 0.1382
Pedestrian 0 0 2.5187 1074.6724 140.6974 1183.4035 291.7378 1.8468 0.595 0.9226 6.6154 1.3511 9.1142 -3.1367 0.7419 0.5354 0.258
Pedestrian 0 0 -1.7284 746.2506 163.3691 820.978 340.4218 1.6307 0.6011 0.871 1.7237 1.4627 7.0394 -1.4882 0.6405 0.4775 0.209
Pedestrian 0 0 0.9706 994.213 152.2405 1054.7223 263.4628 1.7925 0.6422 0.6644 6.9494 1.3148 11.9139 1.4987 0.5851 0.1747 0.0
Pedestrian 0 0 1.8905 397.8686 173.1979 431.6793 251.9431 1.6641 0.5979 0.6721 -4.1184 1.4959 15.7109 1.6341 0.5308 0.07 0.0
Cyclist 0 0 -1.2139 650.4442 172.422 690.4091 243.9226 1.7371 0.5889 1.7728 1.7186 1.5146 18.2312 -1.1199 0.5075 0.0172 0.0
Pedestrian 0 0 -1.8917 7.9756 171.6256 99.256 347.4252 1.6372 0.6052 0.8796 -5.4382 1.5461 7.027 -2.5504 0.4616 0.3151 0.0548
Pedestrian 0 0 2.0509 392.3258 171.5512 436.5828 260.5993 1.6971 0.637 0.8126 -3.734 1.5124 14.2524 1.7947 0.4531 0.0118 0.0
Cyclist 0 0 1.8784 424.7021 173.3844 467.801 252.129 1.6159 0.5347 1.4901 -3.372 1.454 15.5064 1.6643 0.4348 0.2116 0.0
Pedestrian 0 0 0.134 684.0702 179.9652 704.3588 227.6052 1.6782 0.6099 0.6166 3.3045 1.62 25.8282 0.2613 0.4222 0.0 0.0
Pedestrian 0 0 2.1098 428.0414 172.1682 470.58 251.8253 1.729 0.6434 0.8289 -3.4638 1.5274 16.2565 1.8999 0.4135 0.0714 0.1802
Car 0 0 1.6228 529.3742 170.8468 565.0798 202.7363 1.6783 1.6738 4.0922 -2.9726 1.0917 39.9536 1.5485 0.402 0.0611 0.0818
Pedestrian 0 0 -1.8326 0.0 167.3192 76.8222 340.7388 1.6966 0.6171 0.7783 -5.7608 1.5491 7.19 -2.5081 0.3986 0.0714 0.2169
Pedestrian 0 0 2.6827 1161.7934 143.8235 1250.9866 288.2342 1.744 0.554 0.7704 7.449 1.2837 8.838 -2.9002 0.3953 0.1397 0.3008
Pedestrian 0 0 -1.9344 650.2388 170.9195 683.455 243.475 1.7438 0.6218 0.8732 1.5977 1.4828 17.9111 -1.8454 0.3741 0.1702 0.0
Car 0 0 -1.4507 428.5359 161.9743 505.9776 226.8292 1.9013 1.7404 4.5264 -4.2378 1.2894 23.3376 -1.6303 0.3731 0.0342 0.3554
Cyclist 0 0 1.9787 393.8602 171.7154 434.5735 253.2589 1.6512 0.5227 1.5745 -4.0376 1.4639 15.4325 1.7228 0.3617 0.0061 0.0
Car 0 0 -1.5216 466.8056 166.1658 513.1851 212.1646 1.721 1.6517 4.1995 -4.5157 1.114 29.0023 -1.676 0.3279 0.1027 0.0004
Pedestrian 0 0 1.5144 20.6422 184.4995 90.1926 350.5115 1.6606 0.6541 0.8985 -5.9413 1.7068 7.6873 0.8564 0.2714 0.0714 0.5586
Cyclist 0 0 1.5975 679.1032 180.0908 701.5714 225.7596 1.5861 0.5332 1.622 3.1843 1.5452 25.9655 1.7196 0.2523 0.0714 0.0