Car 0 0 -1.950600028038025 742.2442016601562 183.92840576171875 1009.0250854492188 349.95489501953125 1.4902000427246094 1.6308000087738037 4.2144999504089355 2.796099901199341 1.6562000513076782 8.773699760437012 -1.6420999765396118 0.9010000228881836 0.888700008392334 0.7099999785423279
Car 0 0 -1.7541999816894531 682.739990234375 166.90020751953125 775.0093994140625 246.85740661621094 1.7409000396728516 1.5799000263214111 3.5741000175476074 2.708899974822998 1.6009999513626099 17.412200927734375 -1.5999000072479248 0.8004000186920166 0.7502999901771545 0.8014000058174133
Car 0 0 -2.918800115585327 383.8429870605469 168.8972930908203 503.5343933105469 214.70260620117188 1.611199975013733 1.6618000268936157 3.8575000762939453 -6.0106000900268555 1.4753999710083008 26.173099517822266 3.138700008392334 0.5957000255584717 0.10429999977350235 0.462799996137619
Car 0 0 -1.680999994277954 652.6588134765625 172.4228057861328 696.1412963867188 208.7554931640625 1.5104999542236328 1.5844000577926636 3.7370998859405518 2.7483999729156494 1.4881000518798828 31.863800048828125 -1.5950000286102295 0.5877000093460083 0.5436999797821045 0.5684000253677368
Car 0 0 -2.9033000469207764 416.6972961425781 169.39889526367188 520.5512084960938 207.3986053466797 1.5462000370025635 1.6368999481201172 4.056099891662598 -5.9191999435424805 1.4021999835968018 30.098899841308594 -3.097399950027466 0.506600022315979 0.036400001496076584 0.12049999833106995
Car 0 0 -2.676800012588501 288.5293884277344 162.74929809570312 467.3338928222656 234.59719848632812 1.6770999431610107 1.654099941253662 3.9144999980926514 -5.695499897003174 1.4312000274658203 17.797399520874023 -2.9865000247955322 0.47049999237060547 0.0681999996304512 0.015300000086426735
Car 0 0 -2.9277000427246094 432.77191162109375 168.23330688476562 529.8001708984375 201.15109252929688 1.5297000408172607 1.6296000480651855 4.117400169372559 -6.2170000076293945 1.3070000410079956 34.597198486328125 -3.1054999828338623 0.459199994802475 0.0738999992609024 0.0
Car 0 0 0.39419999718666077 242.04220581054688 174.10470581054688 449.91558837890625 248.93099975585938 1.4773999452590942 1.6121000051498413 4.192200183868408 -5.790599822998047 1.5194000005722046 15.858599662780762 0.04410000145435333 0.4535999894142151 0.03060000017285347 0.5318999886512756
Car 0 0 1.8486000299453735 340.95819091796875 161.45669555664062 448.7506103515625 237.57479858398438 1.6857000589370728 1.5735000371932983 3.5729000568389893 -5.3628997802734375 1.4412000179290771 18.01180076599121 1.5592000484466553 0.44200000166893005 0.00419999985024333 0.09009999781847
Car 0 0 -2.9739999771118164 400.4342041015625 173.15769958496094 510.5992126464844 210.7886962890625 1.399899959564209 1.5746999979019165 3.777400016784668 -5.892899990081787 1.4062000513076782 27.5585994720459 3.0985000133514404 0.376800000667572 0.03359999880194664 0.20479999482631683
Car 0 0 -1.6161999702453613 627.385986328125 167.95249938964844 647.6859741210938 186.2884979248047 1.5607000589370728 1.6174999475479126 3.8819000720977783 2.3980000019073486 1.1410000324249268 63.9380989074707 -1.5786999464035034 0.3440000116825104 0.03440000116825104 0.44110000133514404
Car 0 0 -1.0889999866485596 175.96719360351562 172.73849487304688 399.24029541015625 275.9241027832031 1.46589994430542 1.6368000507354736 4.044300079345703 -5.274400234222412 1.4651999473571777 12.190500259399414 -1.4973000288009644 0.31679999828338623 0.010099999606609344 0.0
Car 0 0 -2.278599977493286 938.2208251953125 167.6645050048828 1241.0 376.0242919921875 1.5612000226974487 1.6633000373840332 4.019000053405762 3.0262999534606934 1.562999963760376 3.1637001037597656 -1.5154000520706177 0.28999999165534973 3.0 0.5184999704360962