Pedestrian 0 0 -2.695 627.0207 167.3475 675.316 255.3547 1.7292 0.5945 0.9506 0.9652 1.4496 14.5387 -2.6287 0.8147 0.4589 0.6014
Pedestrian 0 0 -1.2824 186.9801 173.9058 276.7615 353.725 1.6297 0.611 0.8067 -3.5076 1.5554 6.7792 -1.7598 0.6943 0.3075 0.4855
Pedestrian 0 0 -2.029 721.0456 171.0071 757.8042 245.2774 1.7234 0.5945 0.7803 3.2673 1.4741 17.2626 -1.842 0.55 0.3265 0.0015
Pedestrian 0 0 -1.4767 768.9932 172.2286 830.2434 336.7324 1.568 0.5279 0.7128 1.9443 1.4884 7.255 -1.2149 0.5319 0.0714 0.0
Pedestrian 0 0 -1.3938 761.1971 167.3765 836.7344 359.672 1.5877 0.5822 0.638 1.6918 1.4778 6.3252 -1.1325 0.4986 0.1519 0.4138
Pedestrian 0 0 -1.4869 849.1468 171.5646 949.3439 368.3602 1.641 0.6209 0.8417 2.6117 1.553 6.4369 -1.1015 0.4959 0.2385 0.3372
Pedestrian 0 0 2.2953 1115.5758 143.77 1180.0275 265.082 1.769 0.5767 0.6569 8.185 1.2153 10.8329 2.9423 0.4939 0.0799 0.2929
Car 0 0 1.6853 472.1188 167.0358 536.9626 224.4399 1.6514 1.6577 3.9406 -3.0089 1.2226 22.646 1.5532 0.4532 0.2526 0.0
Pedestrian 0 0 -1.4425 745.5204 156.7103 847.9568 371.4476 1.6927 0.6041 0.8832 1.6138 1.5022 6.0745 -1.1828 0.4316 0.0069 0.5701
Cyclist 0 0 -1.4437 535.9516 171.9232 558.0208 226.4496 1.7805 0.5646 1.9194 -1.9004 1.4637 24.7173 -1.5205 0.36 0.0001 0.0
Pedestrian 0 0 -2.1139 161.4824 162.5294 275.373 363.6934 1.6883 0.5972 0.8865 -3.5785 1.525 6.6269 -2.609 0.3041 0.0025 0.4261
Pedestrian 0 0 -2.7434 677.8042 179.0247 704.341 218.814 1.6527 0.5701 0.6935 3.7932 1.5518 30.5158 -2.6197 0.2897 0.0 0.0
Pedestrian 0 0 1.9164 905.0286 162.5014 940.3734 228.2178 1.6893 0.592 0.7178 8.4848 1.2016 19.0181 2.3361 0.2767 0.0 0.0
Pedestrian 0 0 2.7459 1091.1206 152.0385 1167.253 262.5864 1.717 0.5768 0.7005 8.2717 1.266 11.358 -2.9078 0.2721 0.0071 0.32
Pedestrian 0 0 -3.0721 689.2082 181.0483 708.0008 218.1576 1.602 0.6457 0.7859 4.2968 1.5924 31.8654 -2.9381 0.2705 0.0714 0.0
Cyclist 0 0 -1.6332 238.8553 171.7706 288.1402 295.8649 1.6415 0.5477 1.6475 -4.823 1.5224 10.137 -2.0773 0.2587 0.0714 0.0
Pedestrian 0 0 -1.4454 532.5314 167.8563 561.0586 224.8911 1.8079 0.6528 0.9257 -1.7953 1.3745 23.4816 -1.5217 0.2505 0.0714 0.0