Car 0 0 1.9023 252.8526 193.1501 388.6728 274.168 1.465 1.5858 3.8496 -6.3423 1.9785 16.1347 1.5278 0.8338 0.6945 0.806
Car 0 0 -1.6635 670.8504 180.231 732.9264 232.5792 1.4688 1.6209 3.5107 2.7663 1.7255 22.6173 -1.5418 0.8074 0.8355 0.7493
Car 0 0 2.0612 0.0 202.4013 367.121 378.2004 1.4139 1.641 4.1081 -3.8807 1.7794 6.9523 1.552 0.8047 0.8428 0.7588
Car 0 0 2.7556 870.4505 162.5372 1125.8514 240.8313 1.5459 1.7573 4.4652 8.0061 1.3336 15.3622 -3.0471 0.5186 0.5406 0.6545
Car 0 0 2.7897 786.7706 166.6591 917.9786 211.8182 1.5952 1.6789 4.3057 8.8085 1.369 26.735 3.108 0.516 0.2475 0.0
Car 0 0 1.7782 469.819 184.7257 513.64 214.7763 1.5261 1.6563 3.9568 -6.5514 2.2182 40.0805 1.6161 0.513 0.5998 0.2837
Car 0 0 -1.3636 391.882 181.728 468.0473 238.5673 1.6705 1.6307 4.2613 -5.8902 1.9789 23.9037 -1.6052 0.5087 0.1212 0.0973
Car 0 0 -1.3841 408.9909 182.901 475.9947 234.3368 1.7194 1.6815 4.157 -6.2404 2.1315 27.0813 -1.6106 0.4695 0.0809 0.8184
Car 0 0 -0.2874 800.8588 164.6572 989.4409 220.2096 1.4817 1.6827 4.6279 7.8036 1.2508 20.3386 0.079 0.383 0.0714 0.0373
Car 0 0 2.9528 686.153 169.3324 773.1048 200.8377 1.5043 1.6455 4.0121 5.8858 1.3367 35.6626 3.1164 0.379 0.0714 0.0
Car 0 0 2.6779 840.0426 151.943 1021.1191 232.7209 1.8214 1.6649 3.7847 7.6308 1.3622 17.3895 3.0915 0.3358 0.0304 0.1024
Car 0 0 -1.5966 631.5729 177.5144 658.7893 197.8536 1.4553 1.5329 3.3919 2.6199 1.8201 54.8106 -1.5489 0.2748 0.0714 0.0