Pedestrian 0 0 -1.5294 710.3238 166.9182 785.2762 345.4188 1.6646 0.62 0.8109 1.3961 1.5252 7.1467 -1.3365 0.79 0.6782 0.5329
Pedestrian 0 0 -1.3814 656.5962 170.1489 731.3775 348.8112 1.6167 0.5973 0.8053 0.8436 1.5133 6.8744 -1.2593 0.7479 0.5425 0.5628
Cyclist 0 0 2.0182 217.2888 154.6498 390.071 364.7956 1.7687 0.5663 1.7586 -2.4234 1.5774 5.8597 1.6261 0.7128 0.039 0.6991
Pedestrian 0 0 -0.4748 190.2246 161.127 289.8273 346.6488 1.7126 0.5766 0.88 -3.5133 1.5262 6.9309 -0.944 0.6695 0.3841 0.3505
Pedestrian 0 0 -1.754 203.538 157.686 273.9442 345.5148 1.684 0.5936 0.6657 -3.5832 1.4821 7.0009 -2.2271 0.668 0.0714 0.3705
Car 0 0 1.6807 516.2068 167.1622 566.0788 209.7982 1.7477 1.6873 4.1143 -2.5624 1.1267 31.1802 1.5987 0.6082 0.484 0.0
Cyclist 0 0 1.9602 233.7906 155.6558 358.6366 375.5828 1.7643 0.5717 1.7954 -2.6492 1.5548 6.2463 1.5591 0.5571 0.1182 0.4329
Pedestrian 0 0 1.8781 256.7661 155.4763 358.3979 363.6906 1.7044 0.6701 0.8657 -2.5292 1.4849 6.202 1.4909 0.482 0.0714 0.0
Cyclist 0 0 2.689 400.5494 169.8528 453.7285 238.9003 1.7652 0.5761 2.0263 -4.6367 1.4703 19.0524 2.4503 0.4366 0.0435 0.0
Pedestrian 0 0 2.6579 801.5838 166.502 915.7625 339.1961 1.6315 0.5961 0.9385 2.6038 1.4914 7.4087 2.9959 0.4294 0.0067 0.0
Cyclist 0 0 2.4768 771.1201 157.5251 923.5951 359.6735 1.7483 0.5389 1.7956 2.226 1.5274 6.7671 2.7946 0.428 0.0714 0.0
Cyclist 0 0 -0.5181 819.1134 161.5828 884.8015 254.9699 1.7364 0.5608 1.5134 4.8671 1.3683 14.1166 -0.1861 0.3572 0.0251 0.0
Pedestrian 0 0 -0.7038 810.8681 155.0744 890.9685 269.9552 1.8474 0.6416 0.8688 4.1103 1.4131 11.9846 -0.3734 0.3495 0.0714 0.0
Pedestrian 0 0 0.5949 867.8447 165.2982 907.975 233.1714 1.7676 0.5897 0.7182 7.4663 1.3452 18.9244 0.9707 0.3458 0.0 0.0
Pedestrian 0 0 1.8534 769.8232 160.4961 804.4414 237.2784 1.8494 0.6873 0.8237 4.5404 1.3418 17.7166 2.1042 0.3422 0.0103 0.5835
Pedestrian 0 0 2.365 763.1895 158.3453 802.6577 248.1857 1.7548 0.5974 0.7225 3.6676 1.3088 14.6624 2.6101 0.3097 0.0237 0.0
Pedestrian 0 0 -0.6755 824.2384 162.1951 878.2283 246.5954 1.7289 0.6514 0.8604 5.2302 1.331 15.1664 -0.3435 0.2865 0.0714 0.0
Pedestrian 0 0 2.4693 803.086 162.9116 828.0912 212.6687 1.7439 0.5626 0.8221 7.515 1.1003 25.2569 2.7585 0.2775 0.0062 0.0
Car 0 0 1.5828 584.41 170.4324 607.9174 190.6849 1.6018 1.7153 4.43 -0.4088 0.7047 59.4546 1.576 0.2691 0.0714 0.0