Pedestrian 0 0 1.9151 563.001 162.9143 601.1756 258.31 1.7404 0.5958 0.8085 -0.3947 1.4024 13.513 1.8859 0.6379 0.4293 0.3156
Pedestrian 0 0 2.1152 895.385 157.7034 1033.8987 380.458 1.6799 0.6311 0.7766 2.5687 1.5235 5.2672 2.5689 0.5877 0.3769 0.3615
Car 0 0 1.8104 395.8348 143.5692 551.304 271.0036 1.7224 1.6731 4.0414 -1.9436 1.1477 11.5408 1.6436 0.5782 0.2752 0.24
Pedestrian 0 0 -2.0688 590.5242 160.515 632.739 239.8302 1.7984 0.6257 0.9588 0.1986 1.3122 16.9402 -2.0571 0.4741 0.0282 0.1767
Cyclist 0 0 -1.9571 595.2732 167.1699 634.5806 241.1276 1.603 0.5318 1.7214 0.277 1.2965 16.6314 -1.9405 0.4732 0.0077 0.0
Pedestrian 0 0 2.1392 1020.5475 190.5669 1104.0269 324.5508 1.6207 0.6148 0.7518 5.859 1.7519 9.1955 2.7065 0.4202 0.0 0.0
Cyclist 0 0 1.8934 557.5319 159.9813 605.3172 258.9273 1.7616 0.5724 1.9547 -0.405 1.369 13.4746 1.8633 0.3789 0.0714 0.0
Pedestrian 0 0 1.9618 890.8028 166.7749 1001.6839 370.523 1.6229 0.5847 0.6186 2.4421 1.5144 5.1909 2.4015 0.3592 0.0714 0.2105
Pedestrian 0 0 -1.8347 758.6913 162.7746 777.8561 205.6844 1.7565 0.5908 0.8017 6.9794 0.9899 30.172 -1.6073 0.2844 0.0078 0.0
Pedestrian 0 0 2.6554 1014.6273 187.0716 1124.4381 338.3088 1.5644 0.5414 0.74 5.0628 1.6351 7.8918 -3.0574 0.2619 0.0714 0.0
Pedestrian 0 0 1.4081 877.812 181.2615 920.9373 276.796 1.5791 0.5515 0.6749 5.0533 1.579 12.3015 1.7979 0.2607 0.0714 0.0