Pedestrian 0 0 -2.9471 900.4589 171.7113 963.952 303.8931 1.576 0.5257 0.6469 4.0664 1.4627 8.9664 -2.5213 0.7118 0.513 0.5345
Pedestrian 0 0 0.8585 282.4023 153.6505 365.1742 271.5382 1.8164 0.6579 0.9158 -4.4925 1.3748 11.4814 0.4855 0.5653 0.0033 0.0
Cyclist 0 0 2.1032 432.2266 174.8684 484.8034 259.3172 1.6035 0.5431 1.7043 -2.8929 1.4881 14.4168 1.9052 0.501 0.0714 0.0
Pedestrian 0 0 2.1506 433.8119 174.4174 482.9464 258.2504 1.5949 0.6002 0.7129 -2.8539 1.467 14.2542 1.953 0.4666 0.309 0.0
Car 0 0 -1.7264 709.6004 178.5218 827.981 274.4239 1.5505 1.6292 3.9354 3.0358 1.5097 13.9775 -1.5125 0.4457 0.0698 0.0
Pedestrian 0 0 0.8588 298.2108 156.3788 347.6942 236.3318 1.7394 0.6134 0.6795 -6.3408 1.1848 16.2444 0.4866 0.3669 0.0714 0.0
Pedestrian 0 0 1.434 523.6283 180.7008 543.9682 233.3482 1.6831 0.5978 0.7797 -2.2626 1.6615 23.7392 1.339 0.3566 0.0097 0.0
Pedestrian 0 0 -1.5891 624.093 172.3058 645.3678 219.1773 1.7215 0.5914 0.9679 1.2116 1.3794 27.0006 -1.5442 0.3131 0.0 0.0
Car 0 0 -1.7582 705.7497 175.391 810.4797 258.2083 1.5888 1.7131 3.9367 3.3127 1.4599 16.1048 -1.5554 0.3046 0.0714 0.0
Pedestrian 0 0 1.4801 134.8546 185.1118 205.2042 322.165 1.639 0.6421 0.8086 -5.5515 1.7018 9.1853 0.9364 0.2946 0.0714 0.0
Pedestrian 0 0 1.4177 141.3846 183.6157 198.9746 291.9198 1.5998 0.5839 0.5837 -6.6616 1.6288 11.0496 0.8752 0.277 0.0714 0.0