Pedestrian 0 0 0.5983 348.7973 176.4891 409.7264 290.3636 1.6397 0.5806 0.6969 -3.382 1.568 10.8051 0.295 0.7964 0.5227 0.5933
Pedestrian 0 0 2.1531 422.601 185.8531 485.373 304.374 1.5558 0.582 0.6867 -2.0684 1.63 9.9449 1.948 0.7926 0.3704 0.3169
Pedestrian 0 0 -1.1875 861.3466 163.5318 904.8903 259.69 1.7733 0.6087 0.8009 5.3407 1.4368 13.7092 -0.8161 0.5937 0.3375 0.0
Pedestrian 0 0 -1.6129 586.0815 172.3487 611.5825 234.4522 1.5986 0.5852 0.6861 -0.0992 1.357 18.9203 -1.6181 0.5825 0.309 0.0
Cyclist 0 0 1.6594 478.6974 175.1255 524.7805 267.0183 1.7014 0.6212 1.6866 -1.9849 1.5895 14.1467 1.52 0.4456 0.0156 0.0
Pedestrian 0 0 1.9294 483.7633 178.1522 521.9248 263.4677 1.6851 0.5926 0.631 -2.0801 1.6331 14.9619 1.7913 0.4353 0.0361 0.1108
Cyclist 0 0 -1.1925 856.3971 160.8633 916.7205 257.4901 1.7059 0.5781 1.8101 5.2279 1.3334 13.2693 -0.8172 0.4317 0.0037 0.0
Pedestrian 0 0 1.7045 559.818 169.9545 582.6578 226.9769 1.7192 0.5961 0.6898 -0.9571 1.3715 22.2895 1.6616 0.3544 0.0688 0.0
Cyclist 0 0 -1.48 684.3966 164.6594 721.5628 237.0671 1.7474 0.5712 1.7625 2.5381 1.3301 18.2189 -1.3416 0.3446 0.1079 0.0
Pedestrian 0 0 1.4616 609.7802 165.9855 628.3802 215.9013 1.8199 0.6063 0.7892 0.6322 1.2483 26.8289 1.4852 0.337 0.0714 0.0
Cyclist 0 0 -0.7756 677.047 162.5528 736.4127 238.2772 1.799 0.5822 2.102 2.5913 1.3449 17.8296 -0.6313 0.3049 0.0714 0.0
Pedestrian 0 0 -1.1925 856.3971 160.8633 916.7205 257.4901 1.729 0.6395 0.8646 5.2788 1.3496 13.3968 -0.8172 0.3035 0.0054 0.0006
Cyclist 0 0 0.351 343.0676 175.4908 414.2476 285.6114 1.5914 0.5277 1.4818 -3.4207 1.5049 10.9149 0.0473 0.2638 0.0714 0.0
Pedestrian 0 0 -1.5444 627.2473 166.3965 643.6277 214.987 1.829 0.593 0.77 1.2956 1.2479 27.7197 -1.4977 0.2578 0.0714 0.0