Car 0 0 -1.8517 732.3405 177.1726 892.7973 278.5032 1.5076 1.6279 3.9909 3.3519 1.5983 12.9056 -1.5976 0.8844 0.8709 0.6999
Car 0 0 2.0176 61.7947 202.1207 322.8496 327.0215 1.3949 1.6336 4.1441 -6.0843 1.923 11.0868 1.5157 0.8838 0.8757 0.7763
Car 0 0 1.8968 315.3976 190.3227 440.4434 260.4707 1.456 1.6516 4.2402 -5.7067 1.94 18.0907 1.5912 0.8544 0.8594 0.7842
Car 0 0 -1.742 700.2744 175.7678 789.7727 244.8166 1.5674 1.6047 3.9253 3.279 1.65 18.4549 -1.5662 0.8474 0.81 0.7526
Car 0 0 1.8215 393.522 186.2053 476.1342 236.7125 1.4568 1.6273 3.8405 -5.7216 1.9325 23.856 1.5861 0.7468 0.7543 0.7565
Car 0 0 1.8127 464.6336 184.9552 516.1358 218.0865 1.4496 1.5866 3.9537 -5.795 2.0718 35.1152 1.6492 0.688 0.6497 0.0
Car 0 0 -1.6714 673.1562 178.4896 723.69 218.3099 1.4524 1.5885 3.6257 3.4155 1.6983 28.561 -1.5524 0.5684 0.3827 0.6316
Car 0 0 2.3434 1046.3959 145.54 1265.3017 236.3346 1.557 1.5272 3.5601 10.2101 1.0726 13.6322 2.9862 0.5009 0.3886 0.1253
Car 0 0 2.6443 914.7459 159.2711 1104.9741 227.2252 1.6772 1.6774 4.0245 10.1115 1.3435 18.572 -3.1403 0.4696 0.0457 0.0
Car 0 0 1.7433 512.4894 180.2563 545.1612 202.6034 1.4858 1.6098 3.7424 -5.7034 2.0122 50.8235 1.6315 0.4288 0.4056 0.0
Car 0 0 -1.6914 661.449 180.4617 701.4378 212.3295 1.4559 1.5583 3.5272 3.4037 1.8368 35.3745 -1.5955 0.4236 0.1004 0.313
Car 0 0 -1.6184 650.1831 178.4866 680.3995 204.9431 1.5318 1.6078 3.3361 3.2676 1.8662 43.5412 -1.5435 0.3864 0.0407 0.0
Car 0 0 1.963 573.237 174.8959 611.0766 193.5027 1.5444 1.6747 4.24 -1.5175 1.7197 61.7914 1.9385 0.3728 0.0714 0.0
Car 0 0 2.3951 1.0 222.2373 110.7312 377.8392 1.5198 1.6072 3.9438 -5.7175 1.9167 4.3792 1.478 0.2665 0.0107 0.6036