Pedestrian 0 0 -2.5647 864.0811 159.3359 943.8499 308.0826 1.699 0.5751 0.8756 3.5263 1.4411 8.5327 -2.1728 0.7944 0.6057 0.5053
Car 0 0 1.7258 528.4374 173.8632 604.443 230.9092 1.5648 1.6691 4.1335 -0.9948 1.3464 21.9934 1.6806 0.7844 0.8275 0.8082
Pedestrian 0 0 1.8662 745.7618 165.9891 802.3507 283.2601 1.6982 0.6426 0.8769 2.5757 1.4718 10.8817 2.0987 0.7787 0.5726 0.5332
Pedestrian 0 0 -1.9417 675.3614 169.0616 741.6302 324.5535 1.6241 0.5912 0.8323 1.1223 1.4962 7.9908 -1.8021 0.7086 0.3917 0.4767
Pedestrian 0 0 -1.4823 793.2288 170.4698 873.242 342.1578 1.5967 0.6145 0.7679 2.2774 1.4958 7.1556 -1.1742 0.6224 0.2932 0.0891
Pedestrian 0 0 -2.606 659.7813 159.4519 750.4518 325.162 1.711 0.5551 0.9476 1.055 1.4862 7.81 -2.4717 0.5626 0.008 0.2386
Pedestrian 0 0 -2.0437 776.7169 163.0798 890.1848 369.1042 1.6951 0.6197 0.817 1.8571 1.5403 6.0842 -1.7475 0.5459 0.0405 0.3553
Pedestrian 0 0 -1.6837 491.2369 157.6693 539.074 266.7986 1.8185 0.6429 0.9206 -1.5533 1.4165 12.5294 -1.8071 0.5034 0.5072 0.224
Pedestrian 0 0 1.3198 1024.1667 150.35 1183.6061 373.8762 1.688 0.6071 0.6385 2.7726 1.5283 3.9251 1.9348 0.4965 2.0 0.1477
Pedestrian 0 0 1.4205 434.7662 167.4316 481.8665 273.7776 1.7298 0.6278 0.7342 -2.4728 1.4933 12.1987 1.2205 0.4616 0.0714 0.0
Cyclist 0 0 -1.9479 483.8114 157.0272 546.648 268.7834 1.89 0.5764 1.9446 -1.6049 1.4758 12.8755 -2.0719 0.4559 0.1073 0.0
Pedestrian 0 0 -1.7821 666.2976 167.7637 708.1528 265.2139 1.6962 0.6232 0.8007 1.5175 1.4601 13.0836 -1.6666 0.4313 0.0062 0.0
Pedestrian 0 0 -1.9127 833.1062 168.4836 904.4388 344.4611 1.6714 0.6105 0.7158 2.6726 1.548 7.373 -1.5649 0.4222 0.0062 0.5968
Pedestrian 0 0 -2.6581 936.5585 159.0194 1089.6397 375.8842 1.6501 0.5801 0.7671 2.9152 1.5089 5.2581 -2.1519 0.4063 0.1307 0.4486
Pedestrian 0 0 -2.1194 952.6942 175.764 1066.4729 371.3938 1.5762 0.6097 0.6617 2.6636 1.535 4.7226 -1.6059 0.3602 0.0052 0.2444
Pedestrian 0 0 0.9076 989.6124 133.1542 1211.4877 367.0051 1.6858 0.6183 0.6993 2.3315 1.4663 3.3672 1.5132 0.3495 6.0 0.4427
Pedestrian 0 0 0.4938 424.7764 172.2596 462.8798 242.8299 1.7205 0.6141 0.8031 -3.9471 1.4867 17.808 0.2756 0.3468 0.0714 0.0
Cyclist 0 0 -1.7156 492.7082 159.1462 538.0401 270.5972 1.7777 0.5633 1.696 -1.5183 1.435 12.2081 -1.8393 0.32 0.0102 0.0
Pedestrian 0 0 2.1694 1048.9116 130.987 1242.9289 369.2961 1.689 0.6054 0.7398 2.2914 1.4669 3.2601 2.7821 0.3176 3.0 0.3345