Car 0 0 -1.81 690.2834 181.3687 796.5271 260.5258 1.4853 1.5527 3.6615 2.7379 1.6925 15.7811 -1.6382 0.8819 0.8924 0.8766
Car 0 0 0.5091 147.8254 171.5017 401.4402 259.9103 1.5916 1.6713 4.1836 -6.5764 1.5757 14.1328 0.0736 0.8434 0.8011 0.8734
Car 0 0 -1.7053 654.537 173.6732 713.9455 221.9628 1.5612 1.6271 3.877 2.478 1.5967 25.4131 -1.6081 0.7275 0.6876 0.4111
Car 0 0 -2.8547 273.7381 163.5867 456.8098 240.2153 1.9002 1.7113 4.1428 -6.3495 1.6674 18.8796 3.104 0.7222 0.687 0.7638
Car 0 0 -2.8791 375.789 177.3907 495.256 223.2926 1.549 1.6658 3.9704 -6.1804 1.702 25.511 -3.1168 0.5301 0.2095 0.1377
Car 0 0 -2.4759 8.2315 180.4352 260.0092 311.9764 1.4942 1.5482 3.3656 -6.7611 1.6344 9.4277 -3.098 0.3777 0.0695 0.6906
Car 0 0 -1.7023 647.1945 173.3983 694.4718 213.9038 1.6338 1.6014 3.7836 2.5094 1.6658 31.044 -1.6216 0.3678 0.4057 0.2922
Car 0 0 -1.6638 638.0365 173.5107 670.1418 204.04 1.6301 1.6104 3.7656 2.3967 1.6756 40.5486 -1.6048 0.362 0.244 0.3406
Car 0 0 -2.1897 1.0 169.671 224.3272 371.7225 1.6117 1.6698 3.9991 -5.9081 1.6053 6.2349 -2.9482 0.3299 0.0725 0.5309
Car 0 0 -2.7105 459.2392 172.1096 544.1748 204.972 1.6419 1.6844 3.8946 -5.722 1.6245 37.8251 -2.8606 0.3205 0.112 0.0
Car 0 0 -2.3586 919.8108 187.4428 1240.3368 378.1456 1.5338 1.6104 3.7309 2.9475 1.6545 3.5953 -1.6719 0.3151 10.0 0.8372
Car 0 0 3.1185 438.4524 177.8502 523.2648 208.0644 1.47 1.6071 3.9089 -6.5315 1.7313 36.3918 2.9409 0.281 0.0714 0.0