Pedestrian 0 0 -2.2394 169.1467 156.866 269.3492 304.3743 1.8064 0.5848 1.1436 -4.9915 1.4959 9.2835 -2.7327 0.7038 0.2279 0.2628
Pedestrian 0 0 2.2728 543.1986 179.9795 582.6739 260.4781 1.5987 0.5198 0.7582 -0.8104 1.5598 14.6866 2.2177 0.6337 0.3348 0.1649
Pedestrian 0 0 -1.8561 182.0488 158.6301 253.6838 302.418 1.7034 0.6011 0.8313 -4.8223 1.4227 8.9657 -2.3496 0.6302 0.2215 0.054
Cyclist 0 0 1.4026 444.4123 179.6129 480.3261 260.3747 1.5962 0.5331 1.616 -2.9543 1.5741 15.0091 1.2083 0.5538 0.0569 0.0
Cyclist 0 0 0.615 433.353 173.3337 485.1871 260.7544 1.6595 0.5494 1.6763 -2.8802 1.5106 14.361 0.4171 0.4781 0.0396 0.0
Pedestrian 0 0 0.4274 434.6849 175.487 483.5194 258.9389 1.6393 0.5966 0.7648 -2.9155 1.5121 14.5131 0.2292 0.4709 0.028 0.3655
Pedestrian 0 0 -1.5812 603.187 165.5505 627.9912 225.0556 1.7741 0.6241 0.9474 0.405 1.2986 22.0922 -1.5628 0.4339 0.2508 0.071
Pedestrian 0 0 1.8726 441.7014 178.6803 476.736 260.5913 1.5809 0.5612 0.6995 -2.9016 1.5391 14.484 1.6748 0.3531 0.0057 0.4113
Pedestrian 0 0 1.5773 646.6574 169.6832 662.5385 210.3689 1.7185 0.5704 0.8112 2.2744 1.2173 31.0664 1.6504 0.3199 0.0714 0.0
Pedestrian 0 0 1.7569 696.7384 162.0708 723.8366 226.7952 1.8377 0.6402 0.907 3.1865 1.2928 21.2037 1.9061 0.3172 0.0066 0.0
Pedestrian 0 0 2.4328 528.4674 172.9272 564.3468 260.2766 1.7218 0.5726 0.6729 -1.1532 1.5483 14.5818 2.3539 0.3095 0.0714 0.1189
Pedestrian 0 0 2.5262 515.8854 175.0311 553.8639 246.9576 1.6774 0.5937 0.7396 -1.6155 1.5225 17.034 2.4317 0.2646 0.0007 0.0
Pedestrian 0 0 2.439 1009.8848 150.6041 1156.4536 367.4047 1.668 0.5549 0.6111 2.9001 1.4955 4.1976 3.0436 0.258 2.0 0.0