Car 0 0 -1.7640999555587769 679.08642578125 176.06739807128906 784.2310791015625 260.00030517578125 1.5607000589370728 1.587499976158142 3.677299976348877 2.3970999717712402 1.6347999572753906 15.350000381469727 -1.6092000007629395 0.8324999809265137 0.8471999764442444 0.3873000144958496
Car 0 0 -2.07669997215271 801.0679931640625 200.82110595703125 1241.646728515625 380.1781921386719 1.4630999565124512 1.5427000522613525 3.5018999576568604 2.7248001098632812 1.7187999486923218 5.604700088500977 -1.6241999864578247 0.8241999745368958 0.833299994468689 0.9283999800682068
Car 0 0 -1.7386000156402588 661.618408203125 182.55909729003906 732.4791870117188 236.4644012451172 1.4823999404907227 1.5430999994277954 3.7725000381469727 2.5476999282836914 1.7999999523162842 22.329500198364258 -1.625 0.7784000039100647 0.7322999835014343 0.7896000146865845
Car 0 0 -2.7207999229431152 219.65260314941406 184.59930419921875 438.18560791015625 260.5570983886719 1.496399998664856 1.6282000541687012 4.046299934387207 -6.0493998527526855 1.7640000581741333 15.597900390625 -3.0908000469207764 0.7229999899864197 0.4505000114440918 0.16500000655651093
Car 0 0 -1.6770000457763672 646.943603515625 176.59840393066406 691.3884887695312 218.83309936523438 1.586400032043457 1.5295000076293945 3.3540000915527344 2.2964000701904297 1.7589999437332153 29.18269920349121 -1.5983999967575073 0.7088000178337097 0.6523000001907349 0.12210000306367874
Car 0 0 -2.54229998588562 0.0 157.6551055908203 316.7200927734375 332.8114013671875 1.9607000350952148 1.770300030708313 4.384399890899658 -6.486000061035156 1.8350000381469727 9.119500160217285 3.1226999759674072 0.6905999779701233 0.6963000297546387 0.7013000249862671
Car 0 0 -2.9172000885009766 456.22039794921875 177.55760192871094 543.7916259765625 208.7852020263672 1.534500002861023 1.6744999885559082 4.098199844360352 -5.584499835968018 1.7663999795913696 36.54819869995117 -3.0689001083374023 0.4334000051021576 0.01940000057220459 0.03739999979734421
Car 0 0 -2.760699987411499 158.29150390625 188.25889587402344 405.69580078125 273.7189025878906 1.4771000146865845 1.6371999979019165 3.835400104522705 -6.109300136566162 1.7812999486923218 13.601099967956543 3.1003000736236572 0.42489999532699585 0.125900000333786 0.46389999985694885
Car 0 0 -1.68149995803833 635.7578125 178.7947998046875 669.3634033203125 207.0167999267578 1.5681999921798706 1.6086000204086304 3.691699981689453 2.4286000728607178 1.9242000579833984 42.54999923706055 -1.624500036239624 0.3564000129699707 0.08489999920129776 0.0
Car 0 0 -2.955199956893921 420.1839904785156 174.718994140625 515.3082275390625 219.10870361328125 1.6150000095367432 1.636199951171875 3.5552000999450684 -5.36359977722168 1.6836999654769897 27.24570083618164 3.1335999965667725 0.34299999475479126 0.01640000008046627 0.0
Car 0 0 -2.712100028991699 385.44049072265625 184.25559997558594 489.60699462890625 225.52459716796875 1.3344000577926636 1.4984999895095825 3.3675999641418457 -6.151000022888184 1.7467999458312988 25.436399459838867 -2.949399948120117 0.3327000141143799 0.0019000000320374966 0.0