Car 0 0 1.9132 197.043 198.8155 365.5939 296.1115 1.4498 1.5856 3.7798 -6.0368 2.0033 13.6313 1.4963 0.888 0.8789 0.8317
Car 0 0 1.8718 319.2693 192.5727 424.5872 260.7337 1.4892 1.5403 3.5661 -6.0924 2.0477 18.6864 1.5566 0.818 0.7769 0.7293
Car 0 0 1.7885 391.5684 188.9696 466.6282 237.7068 1.4539 1.6089 3.9581 -6.199 2.0598 24.9441 1.5449 0.7775 0.8042 0.6762
Car 0 0 2.137 0.0 204.5575 267.5021 383.0 1.5603 1.6047 3.924 -5.9727 1.9857 8.3918 1.5184 0.7666 0.7639 0.7363
Car 0 0 1.79 448.82 185.4048 503.384 222.8169 1.5076 1.5738 3.7098 -5.9175 2.0913 31.9974 1.6072 0.7146 0.7171 0.8104
Car 0 0 2.7813 843.3607 148.4966 1022.4387 211.1427 1.866 1.8065 4.6974 9.8976 1.1226 22.4809 -3.0871 0.6853 0.5013 0.386
Car 0 0 -1.7311 670.0376 174.7624 727.6802 219.5244 1.5463 1.5864 3.3185 3.1987 1.6251 26.7691 -1.6122 0.4567 0.3123 0.6421
Car 0 0 -0.5633 651.261 173.619 751.6412 213.8376 1.5532 1.6111 4.0058 3.7192 1.594 29.6951 -0.4387 0.377 0.0074 0.0501
Car 0 0 2.8696 765.4587 161.8599 871.4515 199.4294 1.5863 1.6795 4.0194 9.0172 1.126 31.5487 -3.1351 0.3713 0.071 0.0
Car 0 0 -1.6972 658.7664 173.838 707.6232 212.6676 1.6333 1.6565 3.964 3.175 1.693 32.43 -1.5996 0.369 0.1231 0.6803
Car 0 0 2.7121 792.3022 156.882 926.7269 202.1458 1.6556 1.7226 4.3436 9.3557 1.058 27.4207 3.0409 0.3604 0.0068 0.22
Car 0 0 1.8588 501.0008 181.5157 538.2882 205.1266 1.537 1.598 3.8194 -6.2598 2.1733 50.0485 1.7343 0.3341 0.0714 0.0
Car 0 0 2.851 758.1788 160.7831 897.0976 207.423 1.5839 1.7292 4.5109 7.6046 1.1613 25.6236 3.1395 0.3053 0.0714 0.3176
Car 0 0 1.801 471.0538 184.3335 519.2748 214.9924 1.4674 1.6343 4.1067 -5.9309 2.0822 37.489 1.6441 0.2879 0.0254 0.0
Car 0 0 -1.6481 649.5482 176.519 680.2116 203.7368 1.56 1.6251 3.5771 3.2458 1.7878 43.6904 -1.5739 0.2878 0.0532 0.0
Car 0 0 2.2658 1141.7983 134.9944 1241.5598 175.5669 1.6338 1.5582 3.6293 24.1842 0.0694 30.0018 2.9442 0.2586 0.0714 0.0