Car 0 0 -1.7927 654.2652 179.6304 760.1864 253.0333 1.4936 1.6141 3.8727 2.1008 1.6692 16.9585 -1.6695 0.8524 0.8581 0.6858
Car 0 0 1.1935 764.7647 180.3934 1077.6801 371.2353 1.5809 1.6813 4.0889 2.9497 1.7107 8.0061 1.5465 0.802 0.7843 0.7524
Car 0 0 -1.4647 339.4009 187.519 427.1129 251.1524 1.4185 1.6391 3.9711 -5.8546 1.841 18.8731 -1.7655 0.7786 0.7818 0.7177
Cyclist 0 0 -1.6663 461.3714 176.4014 486.465 233.39 1.7234 0.5592 1.7222 -4.33 1.8301 22.707 -1.8547 0.6521 0.5608 0.6008
Car 0 0 -1.648 562.1914 181.1288 602.7588 214.4945 1.4622 1.6042 3.9732 -1.4016 1.8836 34.6638 -1.6884 0.6174 0.647 0.5053
Cyclist 0 0 1.6845 429.4614 175.9474 458.7008 242.883 1.7202 0.5733 1.8289 -4.5143 1.8042 19.4285 1.4562 0.5214 0.4482 0.0714
Pedestrian 0 0 1.3215 427.2964 171.2308 461.579 240.0827 1.8388 0.6634 0.854 -4.6108 1.803 19.9008 1.0939 0.4265 0.0714 0.0
Car 0 0 -1.3524 348.7989 185.1499 440.9214 245.2741 1.4547 1.6361 4.0218 -5.9275 1.8327 20.3022 -1.6365 0.3687 0.0714 0.4605
Car 0 0 -1.6368 538.307 181.8116 568.2698 205.9158 1.4229 1.6103 3.7612 -3.623 2.0158 45.6456 -1.716 0.3217 0.1313 0.6805
Car 0 0 -2.2377 933.2474 158.1262 1241.0 370.1575 1.593 1.6517 4.0496 3.0689 1.5302 3.3477 -1.4958 0.309 3.0 0.5075
Pedestrian 0 0 1.834 458.768 175.6952 486.7394 232.5545 1.7468 0.5633 0.831 -4.4122 1.8411 22.9961 1.6444 0.2897 0.0714 0.0
Car 0 0 -1.534 376.9964 187.8828 431.5102 232.3258 1.3328 1.588 3.5144 -6.9862 1.8827 24.4085 -1.8128 0.2517 0.0714 0.0