Car 0 0 -1.7302 643.9994 173.6672 724.8728 233.4106 1.485 1.623 4.1139 1.9059 1.5163 20.0983 -1.6356 0.8429 0.8441 0.6658
Car 0 0 -2.452 234.162 182.9693 415.0076 252.9954 1.4698 1.5998 3.8116 -6.5807 1.7163 16.7464 -2.8264 0.6688 0.5635 0.5072
Car 0 0 -1.6796 621.9226 171.832 663.2204 205.384 1.543 1.5874 3.965 1.5016 1.4986 35.3382 -1.6372 0.5794 0.6724 0.6826
Car 0 0 -2.703 399.7556 175.866 496.3542 211.28 1.495 1.5963 3.8314 -7.203 1.6385 32.0166 -2.9243 0.5133 0.1349 0.6414
Car 0 0 2.94 126.0596 185.8182 348.6312 273.0997 1.4668 1.5978 3.7816 -7.2076 1.7474 14.1573 2.469 0.4841 0.1414 0.3624
Car 0 0 -2.5271 319.6236 178.9569 448.1287 232.876 1.4712 1.5601 3.5781 -6.7626 1.671 21.5163 -2.8316 0.4284 0.0119 0.2463
Pedestrian 0 0 1.9888 266.158 174.9595 356.2552 340.8307 1.6827 0.6376 0.8579 -3.3465 1.7192 7.9893 1.5922 0.3811 0.0714 0.0
Car 0 0 -2.4615 172.852 181.6334 405.8522 266.314 1.5016 1.64 3.9732 -6.294 1.6835 14.201 -2.8787 0.3797 0.0714 0.4492
Cyclist 0 0 1.6639 250.5444 181.07 358.786 356.598 1.6112 0.5899 1.5475 -3.1965 1.7154 7.5294 1.2624 0.3729 0.0394 0.4858
Car 0 0 -2.6758 460.4994 172.2996 525.289 197.6854 1.5617 1.6326 3.9358 -7.4728 1.5313 45.8465 -2.8374 0.3274 0.0986 0.0
Car 0 0 -3.0794 135.569 186.0454 331.6988 253.0639 1.4606 1.6602 4.0314 -9.1252 1.8019 17.7395 2.7287 0.3176 0.0067 0.0871
Car 0 0 -1.9023 944.5095 146.9304 1242.8313 364.0788 1.7288 1.6342 3.689 4.3325 1.5329 6.7898 -1.3344 0.3153 0.1555 0.2315
Car 0 0 -2.4751 380.1015 176.8934 476.7276 216.4244 1.4398 1.5646 3.7348 -7.157 1.6008 28.2628 -2.7231 0.2897 0.008 0.0