Car 0 0 -1.8279 744.8026 182.5477 860.229 256.8963 1.4525 1.5888 3.8225 4.2038 1.6993 16.4912 -1.5783 0.8289 0.8509 0.7847
Car 0 0 -1.9834 797.9881 156.1851 1070.201 322.3421 1.71 1.6718 4.244 3.7902 1.5241 9.4219 -1.6009 0.803 0.793 0.5731
Car 0 0 -1.7625 722.4162 175.5362 798.7932 231.717 1.5564 1.5671 3.4364 4.4466 1.6467 21.9242 -1.5624 0.7306 0.6924 0.8664
Car 0 0 1.7217 502.1696 179.7473 552.9664 216.7156 1.5497 1.6475 3.931 -3.7721 1.8872 33.1227 1.6083 0.7251 0.7312 0.4958
Car 0 0 -1.7285 708.1585 176.2164 759.4583 219.779 1.5508 1.5325 3.6275 4.6641 1.7022 27.8945 -1.5628 0.456 0.3872 0.5999
Car 0 0 2.1929 0.0 205.0944 282.2861 380.2157 1.4565 1.6266 4.2713 -4.7856 1.7818 5.7904 1.5022 0.4263 0.7688 0.7039
Car 0 0 -1.674 689.975 174.5782 730.7338 208.7396 1.5768 1.621 4.0269 4.8472 1.6688 35.5374 -1.5384 0.373 0.3295 0.0984
Car 0 0 1.7012 532.8666 178.4926 571.5802 209.0068 1.6005 1.6412 4.167 -3.2362 1.9383 40.5684 1.6216 0.3583 0.306 0.0
Car 0 0 -1.7129 696.2545 176.3404 741.7725 211.9217 1.5734 1.6134 3.9297 5.0712 1.7599 34.2723 -1.566 0.3432 0.0642 0.3097
Car 0 0 1.6994 581.9984 176.1161 608.2613 195.078 1.512 1.6513 4.2285 -1.2297 1.7895 60.3764 1.679 0.3232 0.1811 0.4588
Pedestrian 0 0 -1.374 795.4878 168.9945 815.327 214.6293 1.7729 0.6018 0.5963 7.7049 1.6338 28.6132 -1.111 0.2548 0.0714 0.0