Car 0 0 -2.0391 802.3508 173.8026 1205.8372 379.302 1.5805 1.5559 3.4314 2.8708 1.6115 6.2428 -1.6081 0.8495 0.8398 0.7273
Car 0 0 -1.7185 592.583 174.7527 653.504 222.4133 1.54 1.6226 3.7229 0.3347 1.6262 25.5266 -1.7054 0.7684 0.7656 0.6936
Cyclist 0 0 1.8657 288.237 175.6615 389.6076 327.4543 1.6869 0.5833 1.7813 -3.3663 1.7273 9.0079 1.5081 0.7507 0.644 0.4666
Car 0 0 -1.4722 404.0464 180.4789 451.5494 219.3726 1.4548 1.6116 3.5877 -7.3914 1.7891 29.4129 -1.7184 0.6774 0.7491 0.4639
Cyclist 0 0 1.9403 106.6484 173.0146 289.3776 374.525 1.6364 0.5772 1.6712 -3.3083 1.6483 5.8473 1.4254 0.5559 0.4254 0.2727
Car 0 0 1.9126 233.992 185.4228 374.1328 265.6634 1.4956 1.5779 3.7863 -6.6258 1.8063 15.9625 1.5192 0.5499 0.2846 0.2187
Car 0 0 -1.6427 568.5494 176.1696 604.5047 206.968 1.4706 1.5976 3.846 -1.2669 1.652 36.7437 -1.6771 0.526 0.6497 0.3035
Car 0 0 1.8996 220.6886 183.9692 383.7463 288.0853 1.5322 1.5746 3.6482 -5.3593 1.7547 12.8905 1.5056 0.4813 0.0092 0.3003
Car 0 0 -1.7446 669.914 186.9408 779.6021 262.7125 1.408 1.6031 3.8188 2.3137 1.7424 15.9498 -1.6005 0.4373 0.0376 0.0772
Car 0 0 -1.5479 421.7942 175.1263 458.3746 208.2833 1.5993 1.6912 3.9708 -8.7979 1.7295 37.2803 -1.7796 0.3969 0.2203 0.0
Car 0 0 -1.4889 550.5951 174.2837 578.0363 196.2368 1.4641 1.5984 3.51 -3.1785 1.589 50.1903 -1.5521 0.3451 0.0374 0.0
Car 0 0 -1.7161 679.0186 184.9623 802.2312 269.3174 1.396 1.6305 4.1885 2.4414 1.6622 14.643 -1.5509 0.3189 0.1164 0.2398
Car 0 0 -0.9186 694.0498 187.7634 879.8723 269.355 1.3886 1.5874 3.795 3.5198 1.7118 14.4054 -0.679 0.2509 0.0714 0.1147