Pedestrian 0 0 1.589 624.8772 165.4205 661.6376 258.9078 1.7657 0.6327 0.8059 0.776 1.4514 14.0093 1.6444 0.7806 0.6068 0.6528
Pedestrian 0 0 2.0194 440.7624 173.0472 467.9134 234.2197 1.6219 0.5522 0.6562 -4.0218 1.4002 19.5072 1.816 0.6344 0.3204 0.029
Car 0 0 1.6681 537.9788 177.2883 575.4047 206.9767 1.4973 1.618 3.7467 -2.3811 1.2879 38.9094 1.607 0.6134 0.7968 0.4664
Pedestrian 0 0 1.8294 704.9181 161.4058 733.5114 236.6317 1.7906 0.5896 0.7249 2.8049 1.3145 17.3396 1.9898 0.5114 0.1027 0.0494
Pedestrian 0 0 -1.5321 606.935 168.2096 629.369 229.7583 1.7666 0.5873 0.7686 0.4585 1.3759 21.1684 -1.5105 0.4941 0.0286 0.0
Pedestrian 0 0 1.8479 670.0484 167.3995 702.3282 255.1207 1.6955 0.5568 0.5744 1.6414 1.4199 14.2519 1.9626 0.4757 0.1738 0.2375
Pedestrian 0 0 -1.912 603.375 166.8504 635.4239 230.7525 1.858 0.6207 0.931 0.498 1.4174 21.5566 -1.8889 0.4727 0.0585 0.0597
Pedestrian 0 0 1.9171 697.5874 163.3244 731.8571 241.6123 1.7618 0.589 0.7144 2.5774 1.3542 16.5594 2.0715 0.4468 0.0274 0.3972
Pedestrian 0 0 1.8898 647.058 162.9676 679.3548 243.8443 1.8384 0.6236 0.6899 1.4056 1.4254 16.8394 1.973 0.4355 0.243 0.0
Pedestrian 0 0 1.225 687.0744 172.1968 719.7026 243.7672 1.6488 0.5602 0.6509 2.3625 1.4346 17.004 1.3631 0.4262 0.2304 0.2516
Pedestrian 0 0 0.9227 665.041 166.3812 709.4579 257.5392 1.7201 0.6284 0.7255 1.6318 1.4335 14.0894 1.038 0.4211 0.0183 0.452
Pedestrian 0 0 0.4498 740.9264 161.4979 767.9574 221.7828 1.7358 0.5997 0.5911 4.3891 1.1598 20.7714 0.658 0.4157 0.0135 0.2942
Pedestrian 0 0 1.5825 417.6932 172.1967 443.2046 235.3197 1.5775 0.5367 0.5891 -4.4266 1.3443 18.4303 1.3468 0.3875 0.0223 0.0
Pedestrian 0 0 1.1164 652.9045 166.769 688.989 247.932 1.7586 0.6099 0.761 1.5103 1.446 16.099 1.2099 0.3688 0.0714 0.0
Pedestrian 0 0 1.1891 0.0 180.7535 147.3512 383.0 1.5732 0.633 0.7293 -3.4832 1.6252 3.8932 0.4592 0.3458 3.0 0.0
Pedestrian 0 0 2.0801 6.2036 151.9876 204.7734 378.4419 1.7231 0.6524 0.7276 -2.8181 1.5579 3.9817 1.4642 0.3302 3.0 0.0
Pedestrian 0 0 2.1886 726.3614 167.9926 750.1242 223.1518 1.662 0.566 0.7272 4.1104 1.2525 21.7803 2.3752 0.3152 0.0421 0.0387
Cyclist 0 0 -1.6557 604.9015 164.8652 634.339 229.0828 1.7928 0.5821 1.9373 0.4937 1.3257 20.8439 -1.632 0.3134 0.0714 0.0
Cyclist 0 0 1.2246 163.5582 161.711 313.6638 377.3384 1.648 0.5509 1.6528 -2.6881 1.5145 5.1049 0.7399 0.2955 0.0714 0.0
Pedestrian 0 0 2.2742 26.3409 146.6289 266.7163 360.726 1.6932 0.638 0.767 -2.3286 1.5378 3.3263 1.6634 0.2631 2.0 0.1666