Cyclist 0 0 1.7567 441.3381 169.9665 494.6236 267.5774 1.7088 0.5709 1.7066 -2.6533 1.663 13.3484 1.5605 0.7254 0.5493 0.0438
Cyclist 0 0 1.8454 398.2658 175.9146 451.542 275.2635 1.6102 0.5594 1.7239 -3.2357 1.6786 12.4429 1.591 0.6702 0.3777 0.0
Car 0 0 1.7892 376.9044 181.3202 477.9432 269.3626 1.4622 1.5177 3.5859 -3.4955 1.652 14.0107 1.5447 0.5093 0.0714 0.0
Car 0 0 2.1832 0.0 201.7861 267.6514 377.7749 1.4764 1.5542 3.7282 -4.9129 1.7752 6.0693 1.5027 0.4716 0.5883 0.7814
Car 0 0 1.8431 393.8296 185.0099 473.7028 244.6475 1.4182 1.4921 3.7012 -4.7691 1.7865 19.6985 1.6055 0.4685 0.0714 0.0943
Cyclist 0 0 1.7948 387.0153 179.6823 465.2778 275.3685 1.6784 0.5609 1.6029 -3.5485 1.8194 13.9783 1.5462 0.4206 0.0714 0.4523
Car 0 0 -1.5044 640.7711 177.2449 672.0726 202.4367 1.4547 1.5845 3.5026 2.8281 1.7462 44.2892 -1.4406 0.3184 0.0389 0.4141
Pedestrian 0 0 -1.569 702.7918 161.303 725.1064 214.613 1.9192 0.6374 0.9211 3.758 1.5129 26.4259 -1.4278 0.2989 0.007 0.0
Cyclist 0 0 1.6634 509.804 174.3796 531.8653 218.9925 1.6937 0.571 1.7243 -3.4967 1.7384 27.9558 1.5389 0.2708 0.0714 0.3415
Car 0 0 -2.3281 891.8027 167.8527 1241.0 373.6863 1.6664 1.6512 3.9775 2.7513 1.6446 2.9267 -1.5736 0.2613 4.0 0.66
Car 0 0 -2.4099 997.6325 160.3319 1241.0 368.1551 1.6769 1.5714 3.6546 2.7767 1.6176 2.8847 -1.6436 0.2609 1.0 0.6435