Car 0 0 -2.7454 119.1058 183.5063 392.7346 272.4447 1.4841 1.6411 4.2657 -6.4385 1.6883 13.2136 3.0843 0.8123 0.7253 0.7657
Car 0 0 2.5774 847.5609 189.2892 1172.805 302.6954 1.479 1.7282 4.2896 5.9861 1.7465 10.9221 3.0787 0.808 0.6626 0.8038
Car 0 0 -0.3072 783.0558 187.314 962.4659 250.7577 1.4987 1.6702 4.14 6.7006 1.9023 18.8038 0.0351 0.7593 0.6792 0.6132
Car 0 0 -2.7525 230.8382 185.6785 448.3159 260.1017 1.4565 1.6353 4.1119 -5.7897 1.7487 15.6283 -3.1072 0.7473 0.6257 0.8315
Car 0 0 -2.8255 363.7725 178.0527 504.7898 232.8585 1.6369 1.7037 4.1821 -5.5027 1.7994 22.6588 -3.0637 0.6341 0.3899 0.0
Car 0 0 -0.1735 698.9991 183.7797 799.1151 223.2642 1.5111 1.5871 3.7003 5.5762 1.9585 29.1532 0.0155 0.6249 0.4026 0.0527
Car 0 0 0.2761 324.5671 184.2243 494.6546 241.6015 1.4941 1.664 4.0481 -5.5075 1.8156 19.9795 0.0071 0.5954 0.4918 0.4753
Car 0 0 -1.6148 641.0235 183.7435 671.3516 209.6406 1.4096 1.573 3.8727 2.6832 2.0818 43.0354 -1.5525 0.576 0.5894 0.2601
Car 0 0 -0.3049 769.5475 185.8845 906.3617 243.0527 1.5714 1.6251 3.6415 6.7233 1.9827 21.5182 -0.002 0.5216 0.3912 0.4157
Car 0 0 -2.9071 274.7605 184.2894 464.8054 250.1273 1.4684 1.6464 3.9335 -5.6879 1.7747 17.4378 3.0607 0.4091 0.0714 0.001
Car 0 0 0.7059 454.576 180.0563 540.7316 213.9079 1.5126 1.6255 4.137 -5.3218 1.8564 33.9112 0.5503 0.3618 0.0054 0.0
Car 0 0 -0.9085 1064.8535 199.2479 1241.0 375.8522 1.4898 1.5592 3.6799 6.5873 1.704 6.5616 -0.1211 0.2988 0.0714 0.6651
Car 0 0 -2.8366 196.7596 187.0788 418.5238 264.7464 1.4668 1.6095 3.7059 -6.1633 1.7865 15.0381 3.0577 0.2871 0.0714 0.3484
Car 0 0 1.3758 573.672 180.0198 597.081 198.24 1.4785 1.61 3.9623 -2.1593 2.1262 62.824 1.3414 0.2597 0.0714 0.0