Car 0 0 1.9224 245.3423 198.434 387.297 284.3132 1.4804 1.5511 3.6562 -6.1302 2.0827 15.3755 1.543 0.8786 0.8262 0.634
Car 0 0 2.0356 22.4628 207.1445 299.0972 350.5276 1.409 1.5757 3.9401 -5.9109 1.9783 10.0465 1.5038 0.8683 0.8699 0.7798
Car 0 0 1.8457 351.8312 192.5446 443.4816 251.6147 1.4976 1.6097 3.85 -6.2216 2.1282 21.4086 1.5628 0.7957 0.8341 0.6608
Car 0 0 1.7906 426.3988 186.8386 490.7294 230.5862 1.5135 1.5845 3.8357 -5.9356 2.111 28.4231 1.5847 0.7857 0.7669 0.8377
Car 0 0 2.6752 891.9402 143.5967 1110.397 216.5976 1.82 1.7806 4.7121 9.8575 1.0699 18.4963 -3.1183 0.6851 0.5696 0.1959
Car 0 0 -1.7129 680.2694 176.1083 751.1226 227.8466 1.4787 1.6124 3.6826 3.1661 1.59 22.664 -1.5741 0.6267 0.4489 0.8153
Car 0 0 -1.6606 667.6175 174.682 719.7448 218.3306 1.5905 1.6495 4.1188 3.2271 1.6735 28.5526 -1.5481 0.5632 0.519 0.7798
Car 0 0 -1.6617 653.218 177.6461 686.8633 206.8299 1.4982 1.5471 3.3939 3.1924 1.7684 39.3256 -1.5807 0.448 0.1885 0.0
Car 0 0 2.7793 788.9352 159.559 914.2104 202.3078 1.6101 1.7257 4.1686 9.333 1.1139 28.3657 3.0972 0.4319 0.0008 0.0
Car 0 0 1.778 463.392 184.1461 511.3448 218.924 1.4861 1.5728 3.8034 -5.8075 2.0601 34.2502 1.61 0.4241 0.3008 0.0
Car 0 0 2.7082 824.9658 153.7541 973.5306 206.9347 1.7048 1.7175 4.0826 9.4945 1.0786 23.956 3.0856 0.3802 0.0663 0.2089
Car 0 0 1.8314 492.1478 184.0342 532.7443 209.0572 1.4844 1.6163 3.9271 -6.2144 2.2232 46.1488 1.6975 0.3381 0.1312 0.0
Car 0 0 -0.5823 668.8752 175.2043 782.4428 226.9046 1.5345 1.6095 3.9516 3.6045 1.6188 22.9612 -0.4266 0.3358 0.0714 0.2782
Car 0 0 1.8464 520.6174 180.4201 553.3278 198.9836 1.4842 1.6591 4.3973 -6.1083 2.1361 60.562 1.7458 0.2675 0.0714 0.0