Car 0 0 1.7659 287.7291 193.0322 448.6543 305.2639 1.4571 1.6428 4.0056 -3.8802 1.8536 12.0849 1.4552 0.8844 0.8888 0.7251
Car 0 0 -1.93 749.2718 187.6717 953.0699 318.2608 1.4727 1.5774 3.707 3.1274 1.702 10.2915 -1.635 0.8819 0.8139 0.8217
Car 0 0 -1.8031 673.9592 172.5923 790.8495 264.1214 1.6299 1.5925 3.6039 2.2991 1.6354 14.7346 -1.6483 0.8527 0.8866 0.6433
Car 0 0 2.0275 0.0 198.0732 371.4609 371.9964 1.4996 1.5747 3.6501 -3.1959 1.7439 5.1842 1.475 0.7685 0.7303 0.4585
Car 0 0 -2.1753 851.6011 199.0722 1257.7264 370.484 1.4488 1.6104 3.9902 3.0621 1.6875 4.9978 -1.6256 0.7272 0.8266 0.5657
Car 0 0 1.6738 439.0754 172.7205 509.7548 238.949 1.7371 1.64 3.9882 -3.9112 1.7456 21.118 1.4907 0.66 0.6987 0.1927
Car 0 0 -1.6804 630.4531 179.4949 685.5756 223.0514 1.4738 1.5999 3.8594 1.6872 1.7391 26.8582 -1.6177 0.6458 0.7182 0.5072
Car 0 0 -1.6445 653.0156 177.8828 721.0425 235.1455 1.4961 1.6037 3.8204 2.1212 1.6537 20.8635 -1.5432 0.5245 0.2588 0.0
Car 0 0 1.6453 508.8768 178.6554 539.4979 205.065 1.5456 1.6514 4.1158 -5.3542 1.917 45.1051 1.5272 0.4893 0.7049 0.6821
Car 0 0 -1.6756 617.1126 176.7263 652.2258 206.2536 1.5211 1.5552 3.5522 1.2656 1.7517 39.6477 -1.6437 0.3137 0.0068 0.0
Car 0 0 -1.6575 610.7146 177.5304 640.359 204.7479 1.5256 1.5857 3.4418 0.848 1.8235 42.8123 -1.6377 0.3124 0.0714 0.0