Car 0 0 1.6781 526.3672 172.7663 588.4198 222.1 1.6399 1.707 4.1341 -1.5235 1.327 26.0067 1.6196 0.612 0.4194 0.0
Pedestrian 0 0 -1.5481 190.6222 177.3081 289.6628 369.4686 1.6462 0.5785 0.857 -3.2273 1.6167 6.3574 -2.0179 0.6111 0.4371 0.442
Pedestrian 0 0 -2.1128 817.2156 160.8411 936.3259 378.8228 1.6941 0.5884 0.8062 2.0523 1.547 5.6116 -1.7622 0.5914 0.3223 0.4057
Car 0 0 -1.6451 825.0774 200.3851 927.088 290.1193 1.3404 1.4986 3.4072 5.1367 1.7757 13.7802 -1.2883 0.5662 0.0714 0.0
Pedestrian 0 0 1.5193 751.7046 161.8084 834.9944 369.4562 1.6189 0.5583 0.6455 1.4851 1.4722 5.8214 1.7691 0.5082 0.2532 0.4598
Cyclist 0 0 -2.1826 354.8258 172.007 419.1662 271.4966 1.7297 0.5571 1.6908 -3.9696 1.5655 13.1968 -2.4748 0.499 0.139 0.0
Pedestrian 0 0 2.4484 1167.1785 150.7311 1221.6127 240.8376 1.8028 0.5906 0.7056 11.9853 1.181 14.5489 3.1375 0.4961 0.2059 0.4043
Pedestrian 0 0 -2.2786 1021.8634 162.1851 1134.9876 331.5915 1.6763 0.5878 0.7879 4.8957 1.481 7.5066 -1.7007 0.4931 0.0048 0.6938
Pedestrian 0 0 -2.0462 1034.855 161.9364 1117.993 322.8206 1.6521 0.5852 0.772 5.0479 1.4461 7.7353 -1.4681 0.4266 0.1116 0.4267
Cyclist 0 0 2.3485 879.1042 171.1446 943.398 236.7163 1.5754 0.5372 1.6218 7.4826 1.3179 17.4673 2.7532 0.4119 0.0714 0.0
Car 0 0 1.5758 599.6977 175.0464 630.6255 205.0855 1.7337 1.6456 3.9073 0.8668 1.3543 44.0204 1.5955 0.4019 0.0196 0.0
Pedestrian 0 0 0.9214 1140.1295 158.0199 1178.9285 231.1529 1.7054 0.5299 0.6716 13.1692 1.1584 17.0114 1.5802 0.324 0.0714 0.0
Pedestrian 0 0 2.0313 486.5086 180.4443 510.7827 228.303 1.681 0.6102 0.83 -3.727 1.6477 25.8129 1.8879 0.3208 0.0714 0.0
Pedestrian 0 0 2.2672 894.0555 165.1117 929.315 234.3792 1.6653 0.5763 0.6818 7.681 1.2791 17.8604 2.6733 0.2944 0.0074 0.3473
Pedestrian 0 0 -0.0979 1038.8773 163.0797 1133.2804 293.9317 1.6632 0.5839 0.8209 6.389 1.4279 9.5135 0.4935 0.2769 0.0714 0.0