Car 0 0 1.8426 348.7375 186.2707 450.0461 251.5521 1.5408 1.6198 3.9545 -5.7127 1.9444 19.8709 1.5626 0.8522 0.8228 0.8
Car 0 0 1.7757 412.8716 185.2087 481.28 232.5766 1.4808 1.5688 3.6585 -5.7134 1.9544 25.5244 1.5554 0.7558 0.8346 0.6543
Car 0 0 -1.0293 0.0 193.0107 268.5009 374.2847 1.4775 1.6093 4.0288 -5.2953 1.7106 7.6603 -1.6342 0.6823 0.7513 0.2982
Car 0 0 2.6988 769.492 157.747 881.1049 194.2128 1.6194 1.7157 4.2873 9.8601 0.9263 33.1154 2.9881 0.6001 0.5067 0.0405
Car 0 0 1.6806 479.1192 181.5809 521.6856 213.4424 1.4711 1.6654 4.1706 -5.5267 1.9399 36.5213 1.5304 0.5848 0.6616 0.676
Car 0 0 1.7456 447.3337 182.5275 501.8636 222.5042 1.4972 1.6192 3.8407 -5.6009 1.9332 30.0113 1.5611 0.534 0.7503 0.7943
Car 0 0 1.7452 505.0639 180.5551 543.1828 205.7625 1.4832 1.6447 4.1185 -5.3876 1.9901 45.4726 1.6272 0.4745 0.521 0.0
Car 0 0 -2.215 912.5904 173.6796 1279.0 368.4296 1.5534 1.5971 4.0212 3.0207 1.5941 4.1249 -1.583 0.4607 16.0 0.8448
Car 0 0 -0.6788 1092.5868 136.9056 1214.9453 177.9282 1.5604 1.6132 3.783 21.7223 0.1563 28.9483 -0.035 0.3756 0.2566 0.0006
Car 0 0 -1.6556 660.5733 173.1046 701.4726 204.8543 1.5718 1.6654 3.8161 3.6192 1.5929 37.7977 -1.5601 0.3075 0.0144 0.6999
Car 0 0 2.4941 1047.0535 140.9724 1157.3171 176.6136 1.6063 1.737 4.4648 23.162 0.1533 34.1445 3.0901 0.307 0.0714 0.4276
Car 0 0 -2.1039 1008.6466 144.8828 1076.1406 175.98 1.5944 1.6573 3.9583 23.1596 0.1042 38.8449 -1.5662 0.2773 0.0714 0.2339