Car 0 0 -1.7288 669.2574 183.7562 748.4308 244.3674 1.454 1.6272 3.937 2.5659 1.776 19.8683 -1.6004 0.817 0.873 0.6088
Car 0 0 0.6322 129.6463 182.012 417.8211 283.0468 1.4749 1.6501 4.1595 -5.5814 1.6442 11.9755 0.196 0.8084 0.738 0.4125
Car 0 0 0.4013 323.9092 178.1676 491.1098 235.0721 1.5566 1.6887 4.251 -5.9125 1.7166 21.0764 0.1278 0.5277 0.1408 0.2813
Car 0 0 0.3971 731.0366 181.9189 849.1175 228.7083 1.5868 1.6011 3.8172 6.4231 1.9395 26.2195 0.6373 0.4254 0.2096 0.3288
Car 0 0 -2.4425 1.0 184.5407 267.8681 363.4439 1.5124 1.6507 4.3515 -6.3343 1.6693 7.1093 3.1128 0.3823 0.2787 0.7644
Car 0 0 -2.9831 359.3243 181.5745 493.5852 230.4436 1.4965 1.6591 4.2058 -5.9205 1.7848 23.382 3.0521 0.3801 0.0714 0.0669
Car 0 0 -2.9968 434.8321 180.3905 532.7694 212.6 1.4422 1.6646 4.1328 -5.8683 1.787 33.6356 3.1137 0.3781 0.1574 0.0
Car 0 0 -1.5337 630.1364 180.6049 649.1808 197.4484 1.398 1.6177 3.5936 2.5545 2.0808 62.8803 -1.4931 0.3505 0.0803 0.0
Car 0 0 -2.9619 465.4578 181.1886 544.7788 211.0057 1.4861 1.5851 3.6624 -5.5158 1.9293 37.8015 -3.1068 0.3317 0.0036 0.0
Car 0 0 -2.8629 707.4656 183.7883 816.9923 225.2576 1.4445 1.5945 3.8685 5.5333 1.8521 26.6838 -2.6584 0.3315 0.0075 0.1772
Car 0 0 -2.8561 420.747 182.3627 523.1156 217.9864 1.4346 1.6015 4.1528 -5.8168 1.8469 30.3732 -3.0453 0.2848 0.0063 0.0