Car 0 0 -1.9046 740.0854 155.9388 1014.8589 348.0793 1.7542 1.722 4.4559 2.7714 1.5877 8.689 -1.5958 0.8817 0.8495 0.8349
Car 0 0 -1.8095 700.1945 178.4434 821.3491 265.607 1.5023 1.5697 3.6197 2.7973 1.6184 14.3346 -1.6168 0.8557 0.8233 0.8145
Car 0 0 -1.7434 677.2671 175.3366 757.8206 237.0616 1.5048 1.5741 3.6104 2.7623 1.5793 19.5838 -1.6032 0.8177 0.8695 0.787
Car 0 0 -2.6821 121.8539 168.0359 381.6565 272.5276 1.8229 1.6985 3.8499 -6.7504 1.7386 13.6883 -3.1403 0.6864 0.4736 0.4168
Car 0 0 -2.8369 194.4386 175.9346 426.8308 254.3947 1.4961 1.6156 3.7074 -6.0797 1.5681 14.8479 3.0576 0.625 0.0714 0.3102
Car 0 0 -1.6584 651.9406 173.9755 693.2234 209.3642 1.4813 1.5623 3.6184 2.6951 1.537 32.0672 -1.5745 0.6095 0.7444 0.7682
Car 0 0 -2.6373 43.1449 181.9384 327.8191 290.957 1.4661 1.5816 3.7704 -6.5876 1.6338 10.8823 3.1016 0.588 0.5784 0.7197
Car 0 0 0.1255 400.1695 172.5133 505.4382 211.7916 1.5364 1.6265 3.687 -6.3209 1.5199 28.8222 -0.0904 0.577 0.3322 0.0671
Car 0 0 -2.5766 0.0 184.6278 308.4435 347.0586 1.4589 1.6547 4.2669 -6.099 1.6452 7.9293 3.0509 0.5292 0.6295 0.4076
Car 0 0 -1.6518 636.5362 169.3516 670.8968 199.9767 1.6359 1.6214 3.6869 2.3729 1.4545 40.5641 -1.5934 0.5244 0.6216 0.2449
Car 0 0 -2.8916 328.4375 169.7054 478.5044 224.3595 1.5917 1.6599 4.0116 -6.3181 1.5036 22.0828 3.1129 0.5204 0.2165 0.4397
Car 0 0 -2.829 433.7743 165.374 528.3988 203.8912 1.6952 1.7089 3.9149 -5.8571 1.3596 32.5813 -3.0069 0.4504 0.4509 0.0
Car 0 0 -2.7999 249.711 166.2946 442.0344 243.9662 1.6954 1.6444 3.7681 -6.0197 1.5515 16.4922 3.1333 0.3467 0.0316 0.187
Car 0 0 -2.5811 303.2506 166.6485 439.5702 237.0758 1.632 1.5546 3.1271 -6.0469 1.512 18.2779 -2.9006 0.2873 0.0714 0.331