Car 0 0 -1.2058 180.0195 189.2485 399.3377 302.7456 1.4349 1.626 4.0484 -4.8719 1.5351 11.5953 -1.6036 0.823 0.804 0.7786
Car 0 0 -1.1074 158.6023 179.0359 293.7525 252.2135 1.663 1.6407 3.4224 -9.5652 1.5209 18.2225 -1.5907 0.6977 0.0714 0.0
Car 0 0 -0.8948 0.0 193.9739 204.2315 294.457 1.4128 1.5586 3.4804 -8.8266 1.5858 12.3491 -1.5154 0.6716 0.7058 0.705
Car 0 0 -1.5546 569.0756 180.438 601.4906 210.8979 1.4846 1.614 3.7057 -1.1927 1.2549 37.6619 -1.5863 0.5672 0.6859 0.0306
Car 0 0 -1.1567 351.5744 184.3079 430.4773 225.9519 1.4203 1.5625 3.6726 -8.2059 1.4142 27.3244 -1.4485 0.5483 0.1862 0.5154
Car 0 0 -0.9815 173.5694 180.5578 286.8078 241.277 1.6304 1.6334 3.4017 -11.2763 1.5104 21.5783 -1.4631 0.5246 0.2133 0.5747
Car 0 0 -1.3303 345.1976 183.037 412.4794 227.0621 1.3908 1.5583 3.4823 -8.0971 1.3477 25.5749 -1.6369 0.4834 0.0124 0.1677
Car 0 0 2.6838 324.853 184.0819 402.5126 227.2381 1.4565 1.4575 3.2592 -9.016 1.4433 26.5588 2.3566 0.4698 0.0714 0.2795
Car 0 0 -1.6528 491.0668 184.2361 528.3392 216.0474 1.473 1.4948 3.4769 -4.9458 1.4439 35.9662 -1.7894 0.4042 0.1829 0.6351
Car 0 0 -1.2357 284.915 181.8486 375.6142 238.3532 1.4983 1.5892 3.2711 -8.2389 1.4155 21.4181 -1.6029 0.352 0.0017 0.6336
Car 0 0 -1.3827 426.8856 177.5921 509.4529 236.2396 1.6262 1.6987 4.5456 -4.2687 1.3865 22.4631 -1.5705 0.3432 0.0714 0.0
Car 0 0 -1.9743 283.6422 184.0989 358.7261 226.5481 1.5164 1.586 3.809 -11.1323 1.4948 27.8549 -2.3545 0.3051 0.0038 0.0001
Car 0 0 -1.1138 300.1044 184.3102 379.2136 225.6564 1.4411 1.5608 3.3901 -10.3256 1.435 27.6886 -1.4708 0.2673 0.031 0.0