Car 0 0 -1.941 764.6792 175.9689 1008.9312 337.0592 1.6309 1.6255 3.7225 3.1944 1.6882 9.3419 -1.6115 0.8963 0.8734 0.8442
Car 0 0 -2.7864 122.4667 181.4158 372.1274 273.8629 1.5739 1.6368 3.8627 -6.7317 1.7465 13.5125 3.0346 0.8544 0.7302 0.5028
Car 0 0 -1.7437 682.6363 183.77 750.7616 235.1534 1.4401 1.5792 3.6226 3.2322 1.8047 22.7093 -1.6023 0.8029 0.8181 0.8647
Car 0 0 -2.8523 272.1763 181.7692 448.7788 244.9749 1.4506 1.5885 3.5697 -6.1066 1.6784 17.8236 3.1008 0.6905 0.003 0.7101
Car 0 0 -2.7578 237.2049 180.623 444.4112 256.011 1.5363 1.6164 3.9133 -5.8685 1.7103 15.8376 -3.1127 0.6665 0.4952 0.4277
Car 0 0 0.616 344.5535 180.0422 487.6632 238.363 1.5327 1.5639 3.7014 -5.5499 1.7433 20.5305 0.352 0.5125 0.4709 0.5351
Car 0 0 -2.4901 1.0 188.425 262.2882 343.1523 1.5358 1.7175 4.3295 -6.8613 1.7256 7.8133 3.0724 0.5099 0.7299 0.61
Car 0 0 -2.8202 385.5398 178.739 510.2514 221.8834 1.455 1.6042 3.9616 -5.714 1.6622 25.4058 -3.0415 0.4734 0.2419 0.0
Car 0 0 -2.2509 905.9369 184.3938 1273.8495 375.6608 1.5495 1.6311 4.0536 3.0369 1.6532 3.9967 -1.6011 0.4385 15.0 0.6779
Car 0 0 -2.7034 428.2576 179.8252 532.046 215.0235 1.3689 1.6051 4.0574 -5.3612 1.657 29.7065 -2.8819 0.4137 0.1078 0.0
Car 0 0 -2.6336 479.3016 178.2055 547.0308 204.5632 1.514 1.6097 3.7525 -5.8498 1.8437 43.1524 -2.7683 0.383 0.0714 0.0
Car 0 0 -2.1489 740.9604 183.0124 815.4029 219.0274 1.3953 1.5605 3.5831 7.0523 1.851 30.6596 -1.9228 0.3316 0.0714 0.2636
Car 0 0 -1.9987 735.7884 182.0564 825.5234 229.8546 1.4415 1.5881 3.6767 5.5429 1.7567 24.1264 -1.7729 0.3188 0.0714 0.0
Car 0 0 -2.8131 300.14 179.327 468.427 241.2719 1.5488 1.6126 3.8859 -5.9831 1.7371 19.3472 -3.113 0.313 0.0714 0.2378
Car 0 0 -2.3525 493.7974 176.8686 549.001 200.5935 1.5522 1.6037 3.7013 -6.0063 1.8232 48.5374 -2.4756 0.3031 0.0101 0.017