Car 0 0 -1.8895 731.6119 167.8306 942.7445 324.0914 1.6823 1.5918 3.6858 2.7296 1.6314 9.6987 -1.6151 0.8948 0.8333 0.8084
Car 0 0 -1.6874 667.7338 180.4812 729.6284 229.965 1.4552 1.5996 3.6822 2.7731 1.7233 23.6668 -1.5708 0.7325 0.7817 0.734
Car 0 0 -2.7326 381.4964 175.2532 500.9577 220.2612 1.522 1.6596 4.0514 -6.1031 1.6127 25.9166 -2.9639 0.5896 0.3466 0.6986
Car 0 0 0.7238 0.0 180.4058 308.7092 345.3034 1.4628 1.6315 4.1622 -5.8418 1.5915 7.8331 0.083 0.562 0.6659 0.4413
Car 0 0 -2.8372 288.2128 177.2917 467.5322 242.2664 1.5384 1.6661 3.8763 -5.8255 1.6579 18.2081 3.1364 0.4969 0.607 0.4113
Car 0 0 -0.013 711.2332 174.2694 821.177 217.1301 1.6279 1.6421 3.9105 6.0502 1.6923 28.3951 0.1969 0.4306 0.0559 0.7316
Car 0 0 -2.5052 112.0101 162.7465 373.3225 280.0029 1.8138 1.669 3.7039 -6.3942 1.6554 12.3975 -2.9813 0.4053 0.01 0.2249
Car 0 0 0.4262 343.7837 176.6187 485.2184 232.7854 1.5328 1.6064 3.7338 -5.6248 1.6468 20.8402 0.1625 0.3512 0.1139 0.7002
Car 0 0 -1.5516 628.6606 177.2571 651.7812 196.6749 1.4197 1.6265 3.8964 2.3034 1.765 55.2366 -1.51 0.3468 0.3103 0.269
Car 0 0 -2.2002 698.8888 175.1832 786.9182 217.4204 1.4978 1.6186 3.8666 4.9868 1.594 27.7294 -2.0223 0.3434 0.0714 0.185
Car 0 0 -2.8789 468.023 177.5759 549.4135 205.2856 1.5125 1.6765 4.2227 -5.6854 1.7606 40.4003 -3.0187 0.3032 0.0509 0.3566
Car 0 0 -2.8814 407.1719 175.4297 505.1957 211.2436 1.5013 1.595 4.0107 -6.6942 1.6202 31.3246 -3.0919 0.2927 0.029 0.3442
Car 0 0 -2.9292 428.826 170.8947 522.8692 207.2396 1.6517 1.705 4.2559 -6.3164 1.5678 34.0479 -3.1126 0.2822 0.0 0.0