Car 0 0 -1.3865 437.9212 171.6661 523.0391 230.0835 1.4862 1.6251 4.0387 -3.4898 1.254 20.2239 -1.5574 0.835 0.8676 0.7341
Cyclist 0 0 -0.4206 294.108 167.0321 361.2848 226.2204 1.7485 0.6089 1.9023 -8.5548 1.3533 21.7383 -0.7955 0.5961 0.1362 0.0
Cyclist 0 0 -0.2035 841.7678 147.7483 910.935 197.018 1.7927 0.6072 1.8564 10.2156 0.5967 26.7509 0.1612 0.4833 0.0714 0.0
Cyclist 0 0 -2.1565 358.3482 166.7706 402.3652 214.6743 1.7219 0.5691 1.7198 -8.4034 1.2159 26.3113 -2.4657 0.4764 0.0556 0.0
Car 0 0 -0.579 1028.5457 147.5549 1147.7248 182.7097 1.5064 1.6659 4.2994 21.8072 0.0529 31.9747 0.0196 0.3683 0.0714 0.0
Car 0 0 -0.5599 945.676 159.4212 1024.7823 185.4831 1.5662 1.6619 3.7806 23.6534 0.2865 44.079 -0.0673 0.3623 0.0253 0.0
Pedestrian 0 0 -2.1044 366.422 164.6535 395.3262 214.5923 1.828 0.6177 0.9279 -8.4505 1.2464 26.5727 -2.4123 0.3304 0.0198 0.002
Pedestrian 0 0 -0.3502 417.3485 160.5696 444.8682 209.1364 1.8864 0.6973 0.8523 -6.9201 1.1106 28.1166 -0.5915 0.3235 0.0 0.0
Pedestrian 0 0 -0.4304 519.366 162.4904 553.6458 208.5183 1.7546 0.6426 0.8786 -2.6604 1.0644 27.2139 -0.5279 0.318 0.0714 0.492
Cyclist 0 0 0.1498 661.3853 157.4399 691.7192 196.7782 1.8353 0.57 1.8595 3.4235 0.7391 34.1784 0.2496 0.2645 0.0 0.0
Cyclist 0 0 -0.1851 847.6099 149.7665 899.4848 194.3732 1.8396 0.6023 1.8365 11.0392 0.5736 29.2161 0.1761 0.2626 0.0714 0.0
Cyclist 0 0 -0.1749 281.6378 165.1851 373.0089 223.8564 1.7688 0.5888 1.7491 -8.5142 1.2963 21.6589 -0.5494 0.2598 0.0714 0.0