Pedestrian 0 0 -2.2471 275.6493 163.7314 339.2851 277.6849 1.7177 0.5675 0.9081 -4.6276 1.4452 11.1899 -2.6392 0.8817 0.6641 0.0891
Pedestrian 0 0 -1.8463 805.9491 160.2828 876.1053 325.5696 1.6678 0.6008 0.8056 2.4927 1.4524 7.6793 -1.5325 0.7629 0.5014 0.2164
Pedestrian 0 0 -2.9874 701.4262 165.361 794.5022 326.6246 1.6613 0.5452 0.9267 1.5246 1.4978 7.7776 -2.7938 0.7046 0.1562 0.5284
Pedestrian 0 0 2.473 1060.4055 144.2524 1158.1264 304.366 1.8243 0.5775 0.844 5.9473 1.4044 8.5202 3.0824 0.673 0.5173 0.1333
Pedestrian 0 0 1.4032 1022.6917 148.0529 1082.382 276.3374 1.7747 0.6084 0.7109 6.4156 1.3136 10.3227 1.9593 0.6261 0.2779 0.0399
Pedestrian 0 0 1.3959 392.2666 165.5198 430.7204 259.7859 1.7 0.5968 0.6945 -3.601 1.4134 13.4652 1.1346 0.614 0.1198 0.0
Pedestrian 0 0 -1.9092 1078.3877 145.3296 1146.452 303.5732 1.7572 0.5552 0.6906 5.858 1.3611 8.3287 -1.2962 0.5411 0.0025 0.2363
Pedestrian 0 0 2.2322 1010.955 149.8316 1090.9358 283.9524 1.7599 0.6023 0.735 6.1095 1.3419 9.8412 2.7878 0.5319 0.0714 0.6446
Pedestrian 0 0 -2.1976 719.5694 159.458 785.3219 323.8372 1.6505 0.5502 0.8135 1.5531 1.4428 7.6955 -1.9985 0.5091 0.0096 0.5455
Car 0 0 1.7094 402.341 158.9504 485.252 229.1326 1.8154 1.6625 3.9626 -4.4842 1.1991 20.7635 1.4967 0.5077 0.4113 0.1403
Pedestrian 0 0 2.6879 723.744 166.66 777.57 283.2844 1.6551 0.5372 0.537 2.1381 1.4438 10.5371 2.8881 0.5035 0.0136 0.0
Pedestrian 0 0 2.5465 1106.0472 144.3198 1199.0924 287.7876 1.7249 0.5473 0.7704 6.7369 1.2796 8.8707 -3.0872 0.4904 0.3364 0.12
Cyclist 0 0 1.6005 386.9774 170.1224 432.4988 262.6795 1.6336 0.5567 1.5506 -3.5671 1.4303 13.3026 1.3386 0.4267 0.0927 0.0
Car 0 0 1.6952 444.0223 164.669 502.6562 213.0636 1.6853 1.7049 4.4253 -4.7696 1.0679 27.1355 1.5212 0.3499 0.1655 0.0675
Car 0 0 1.679 518.7714 166.806 562.9368 202.9536 1.6839 1.7055 4.104 -2.9785 0.9835 35.8047 1.596 0.3425 0.0714 0.222
Pedestrian 0 0 1.098 621.2636 171.1912 656.4698 244.473 1.7099 0.6224 0.806 0.8501 1.4656 17.2091 1.1474 0.3413 0.0044 0.4404
Pedestrian 0 0 -1.7978 676.4198 179.3402 697.98 227.3451 1.6281 0.5866 0.7328 2.9685 1.5534 25.1523 -1.6804 0.3381 0.0195 0.0
Pedestrian 0 0 -1.7584 796.0542 163.2062 844.5404 270.0128 1.7244 0.6027 0.7369 3.6335 1.4218 12.1256 -1.4672 0.2799 0.0714 0.0378
Pedestrian 0 0 1.2802 1117.9984 146.0158 1185.0453 294.7276 1.7505 0.5754 0.8299 6.8289 1.3385 8.9934 1.9296 0.2754 0.0051 0.2396
Cyclist 0 0 2.8424 668.1232 178.614 697.8697 228.1026 1.6878 0.5687 1.7563 2.8521 1.5905 25.3506 2.9544 0.2736 0.0714 0.0
Pedestrian 0 0 -2.0293 195.0604 165.5484 253.1678 258.1356 1.6949 0.6078 0.9845 -7.2245 1.4035 13.6375 -2.5164 0.2668 0.0714 0.0