Car 0 0 -1.2674 209.2962 183.1009 452.7726 330.6742 1.4315 1.6137 3.9273 -3.2589 1.4929 9.0929 -1.6116 0.9115 0.882 0.8207
Pedestrian 0 0 -1.7873 77.3895 171.7139 122.4688 264.8382 1.7613 0.663 0.877 -9.9528 1.5896 13.8685 -2.4098 0.6458 0.0791 0.0
Pedestrian 0 0 -2.4478 63.4596 171.3869 134.1318 264.0227 1.7231 0.6099 0.9814 -9.7411 1.55 13.5746 -3.0702 0.5346 0.1862 0.0
Pedestrian 0 0 2.5613 121.9255 175.6883 172.0362 253.645 1.7437 0.6297 0.7707 -10.6651 1.6376 16.4288 1.9855 0.5186 0.2725 0.5915
Car 0 0 1.6846 464.2074 170.7433 493.9713 192.4222 1.4975 1.6506 4.1741 -9.2031 0.8093 51.9728 1.5094 0.485 0.5913 0.0
Pedestrian 0 0 -2.6717 146.0656 175.8346 197.9278 250.875 1.7447 0.6169 0.9137 -10.5819 1.6477 17.2228 3.0606 0.4367 0.0 0.1445
Cyclist 0 0 -1.1145 899.1273 145.8506 940.1443 201.6986 1.7999 0.5944 1.8466 10.4077 0.6766 23.483 -0.6973 0.4352 0.0714 0.1451
Pedestrian 0 0 -2.8156 132.8354 176.2988 186.785 252.122 1.7445 0.6049 0.8783 -10.7779 1.6737 17.0659 2.9043 0.4345 0.0714 0.0873
Pedestrian 0 0 2.5704 156.9542 177.4826 192.4794 248.9098 1.6944 0.539 0.6808 -10.5272 1.625 17.2573 2.0227 0.4249 0.1182 0.0781
Cyclist 0 0 -1.975 899.3499 151.1316 931.0751 203.6166 1.8183 0.5388 1.6803 11.1174 0.7802 25.4317 -1.5629 0.4244 0.0025 0.0397
Pedestrian 0 0 -1.8271 603.71 153.4821 645.0699 241.648 1.8427 0.5981 1.063 0.3747 1.2796 15.4179 -1.8028 0.347 0.1276 0.1296
Pedestrian 0 0 0.9588 401.3126 162.6217 430.9978 224.2612 1.8188 0.6262 0.8293 -5.7367 1.2998 21.3585 0.6964 0.3252 0.0008 0.0
Cyclist 0 0 -1.5301 905.9462 159.676 926.4675 202.5335 1.7426 0.5679 1.7592 13.0702 0.8938 29.8016 -1.1167 0.2619 0.0714 0.0
Cyclist 0 0 1.9304 397.2919 166.4977 428.1344 227.7681 1.7182 0.5548 1.4508 -5.6055 1.3177 20.4668 1.6631 0.256 0.0714 0.0
Car 0 0 -0.6395 1104.3597 153.4284 1225.7933 191.0556 1.5206 1.6749 4.206 23.7875 0.3936 30.1372 0.0287 0.2538 0.0714 0.0