Pedestrian 0 0 2.6046 809.4016 161.6907 911.1344 337.2582 1.682 0.5812 0.9178 2.5107 1.4945 7.1461 2.9425 0.8818 0.7245 0.2622
Car 0 0 1.837 373.4995 159.9943 524.3694 265.9403 1.7656 1.686 4.1836 -2.8179 1.3692 13.9596 1.6378 0.6425 0.6489 0.1705
Car 0 0 1.7395 465.5107 168.3387 548.2254 236.9041 1.7701 1.6778 4.1842 -2.6585 1.408 20.8476 1.6126 0.5229 0.3797 0.0
Pedestrian 0 0 0.8534 111.5874 161.1479 205.745 282.9803 1.7517 0.6307 0.8606 -6.7631 1.4531 10.9098 0.2985 0.453 0.0714 0.0
Pedestrian 0 0 1.6286 797.5605 193.4378 839.6038 272.5655 1.3677 0.5424 0.6443 3.8751 1.582 12.9511 1.9194 0.3697 0.0 0.0
Pedestrian 0 0 1.4837 532.486 172.5622 561.0362 243.702 1.7607 0.638 0.8697 -1.4273 1.5333 18.3436 1.4061 0.347 0.0753 0.5897
Cyclist 0 0 1.5031 534.5058 171.8606 564.3976 243.7598 1.6972 0.5608 1.6011 -1.3222 1.4713 17.8558 1.4292 0.3377 0.0102 0.0
Pedestrian 0 0 -2.8895 1015.4061 151.6508 1151.6643 366.5184 1.6756 0.5505 0.7119 3.5531 1.4515 5.4274 -2.3098 0.3226 0.0606 0.4496
Pedestrian 0 0 1.8099 600.6389 176.2605 628.3168 240.1587 1.6587 0.5845 0.6906 0.3224 1.5297 19.3625 1.8266 0.3095 0.0412 0.1785
Cyclist 0 0 2.1099 802.1363 190.5873 843.8355 275.9259 1.5509 0.5322 1.5591 4.2558 1.7523 13.8981 2.407 0.3064 0.0714 0.0
Cyclist 0 0 -1.9053 596.5544 170.563 634.7094 238.7448 1.6998 0.5387 1.8533 0.3231 1.4374 18.7865 -1.8881 0.3029 0.0096 0.0
Cyclist 0 0 -2.0911 620.4045 173.4422 658.5696 242.5679 1.6936 0.5561 1.9027 0.9212 1.4849 18.341 -2.0409 0.2522 0.0714 0.0