Car 0 0 -1.6716 520.9293 179.7633 590.435 239.6283 1.5485 1.6385 3.6231 -1.6424 1.4086 20.9557 -1.7498 0.8291 0.7949 0.4941
Car 0 0 -1.1878 158.7774 186.8212 305.7877 260.5 1.4318 1.6254 3.9942 -8.6693 1.5122 16.8853 -1.6621 0.806 0.7241 0.7905
Car 0 0 -1.4903 418.2188 182.4941 488.6888 240.422 1.4629 1.6651 3.9655 -4.3997 1.411 20.6576 -1.7001 0.8058 0.8354 0.5203
Car 0 0 -1.3019 311.2881 184.9552 379.3506 226.4174 1.4356 1.5931 3.8324 -10.0944 1.4529 27.7617 -1.6507 0.7462 0.6728 0.7021
Car 0 0 -1.0459 59.1124 185.7566 206.0596 253.3926 1.5509 1.6191 3.5921 -12.5817 1.6078 19.1627 -1.6269 0.5505 0.2651 0.5493
Car 0 0 -1.42 357.2646 184.1457 401.3801 214.7505 1.4686 1.5995 3.738 -11.9548 1.4481 37.7106 -1.727 0.3937 0.273 0.4819
Car 0 0 -1.5804 502.0396 183.3383 523.2922 201.3586 1.3841 1.5493 3.6826 -7.8212 1.2436 58.9826 -1.7122 0.3857 0.0714 0.6489
Car 0 0 -1.2282 277.0932 184.8845 328.978 214.1728 1.5319 1.6314 3.8484 -17.395 1.543 41.1013 -1.6286 0.3836 0.3069 0.2192
Car 0 0 -0.6815 1.0 200.5444 191.3371 344.95 1.405 1.5819 3.6691 -7.273 1.6548 8.3082 -1.4006 0.3785 0.1436 0.4762
Car 0 0 -1.0719 42.8646 187.4473 176.8231 258.5151 1.5552 1.6509 3.3302 -12.6624 1.6581 18.4923 -1.6723 0.333 0.0714 0.5121
Car 0 0 2.383 1.0 202.7232 136.9108 343.4815 1.3922 1.5865 4.1364 -7.3789 1.6551 7.9242 1.6333 0.2857 0.0714 0.4691