Car 0 0 -1.9025 570.6528 188.6513 712.9196 279.3636 1.3885 1.5669 3.742 0.3782 1.722 13.5484 -1.8746 0.8878 0.869 0.8878
Car 0 0 -1.7242 466.7206 181.1706 523.2986 224.1828 1.4947 1.607 3.7211 -4.5261 1.8314 27.5805 -1.8868 0.7119 0.7744 0.6115
Car 0 0 1.8009 281.7926 184.132 331.7836 215.6658 1.468 1.6434 3.5384 -15.3138 2.0635 36.4837 1.4035 0.6229 0.6351 0.0
Car 0 0 -1.6523 455.4181 180.4282 498.3062 215.8475 1.5146 1.6113 3.7885 -6.2559 1.8877 33.4889 -1.837 0.5617 0.6422 0.0
Car 0 0 1.7964 24.0716 205.9753 205.8991 317.8272 1.3499 1.5725 3.6302 -7.8905 1.9509 11.5695 1.1978 0.5421 0.5278 0.7078
Car 0 0 2.8409 637.0358 168.6981 742.8323 207.9878 1.6312 1.6803 4.0215 3.3961 1.458 31.0924 2.9497 0.4493 0.1733 0.0964
Car 0 0 2.1342 1.0 210.0766 186.7772 382.7972 1.4418 1.6067 3.7729 -5.9532 1.8147 6.2505 1.3731 0.4308 0.3924 0.0
Car 0 0 1.7723 302.7666 184.2868 345.6052 209.3 1.418 1.7111 4.2353 -17.8217 2.1687 45.098 1.396 0.3807 0.0714 0.0
Car 0 0 -2.2955 789.1111 138.1154 1176.6029 373.3864 1.8236 1.6578 3.9266 2.6897 1.5731 5.9996 -1.8741 0.3596 0.0564 0.0
Car 0 0 -1.6003 441.5956 176.4324 465.2566 198.0802 1.5198 1.5819 3.7408 -11.5219 1.7944 52.9058 -1.8147 0.2828 0.0515 0.0
Car 0 0 0.4162 57.4903 189.4346 162.2226 221.0305 1.4445 1.6267 4.1418 -24.4147 2.2733 35.3173 -0.1887 0.276 0.037 0.0
Car 0 0 2.1434 21.0 216.5546 158.1695 374.2306 1.4024 1.5154 3.4278 -6.271 1.9126 7.6023 1.4536 0.2631 0.0714 0.0