Car 0 0 -2.0879 770.5243 199.456 1257.8278 380.9283 1.455 1.6352 4.2989 2.696 1.7078 5.7402 -1.6489 0.811 0.8284 0.8169
Car 0 0 -1.8088 699.3881 186.5676 804.0161 256.2742 1.4053 1.5999 3.9435 3.1632 1.7596 17.2231 -1.6272 0.8106 0.8038 0.6429
Car 0 0 0.6576 24.5706 189.4121 365.39 313.0766 1.4454 1.6983 4.3956 -5.9071 1.6829 9.7563 0.1132 0.746 0.7696 0.8297
Car 0 0 -1.6542 656.9723 174.9683 700.2362 212.9396 1.6211 1.6495 3.5328 3.0312 1.7314 32.8201 -1.5621 0.6494 0.6668 0.0602
Car 0 0 -2.9843 426.0036 174.532 533.0904 219.3252 1.7194 1.7043 3.9971 -5.1497 1.7905 28.568 3.1205 0.528 0.0714 0.0
Car 0 0 -2.8195 443.4528 173.6844 541.5978 212.443 1.6275 1.6539 4.0808 -5.1662 1.67 31.6381 -2.9814 0.5028 0.2883 0.2312
Car 0 0 -2.874 408.6093 178.5461 526.9634 222.8662 1.4783 1.6325 3.9133 -5.0115 1.6781 25.3444 -3.0692 0.4833 0.1357 0.0
Car 0 0 -2.7061 153.6706 172.2294 398.414 266.1062 1.7368 1.7276 4.171 -6.7287 1.7435 14.6293 -3.1372 0.456 0.3426 0.5847
Car 0 0 -3.0092 463.2506 174.561 552.302 207.7611 1.6629 1.6865 4.1204 -5.274 1.7642 37.2669 3.1334 0.4491 0.0295 0.0
Car 0 0 -2.7644 104.204 182.8186 378.3076 283.6598 1.4724 1.6147 3.6199 -5.9516 1.6392 11.7817 3.051 0.4459 0.0062 0.4344
Car 0 0 -2.0491 385.3878 181.6228 472.561 236.4167 1.4506 1.4619 3.116 -5.2929 1.7224 20.8645 -2.2975 0.3513 0.0714 0.0
Car 0 0 -1.5923 641.8435 177.7522 664.5882 198.1051 1.5048 1.5565 3.5382 3.2964 1.8862 55.6273 -1.5331 0.3476 0.0072 0.0
Car 0 0 -2.5478 379.4364 181.5697 493.5611 228.6982 1.408 1.559 3.5629 -5.6337 1.7069 23.2974 -2.785 0.3225 0.0046 0.0
Car 0 0 -1.2054 279.7827 164.3467 400.1454 249.5926 1.7969 1.6248 3.5191 -6.2758 1.6275 16.9605 -1.5598 0.3119 0.0714 0.0541
Car 0 0 -2.6621 483.3188 174.269 558.5742 204.3635 1.6418 1.6821 4.098 -5.0541 1.7289 40.6988 -2.7857 0.3001 0.0414 0.0
Car 0 0 -2.5422 189.1464 167.9302 388.5795 253.831 1.7717 1.6587 3.878 -7.2078 1.6923 16.2826 -2.9589 0.2575 0.0714 0.0471