Car 0 0 -0.484 855.7458 192.3838 1104.828 278.6852 1.4368 1.6201 3.7553 6.581 1.8079 13.1867 -0.0211 0.8498 0.8284 0.759
Car 0 0 0.4197 215.3591 176.9648 444.0113 261.3246 1.5745 1.6577 4.0268 -5.6677 1.6696 14.6166 0.0498 0.8154 0.7003 0.6537
Car 0 0 -2.6083 23.1242 188.052 362.2261 303.2415 1.4177 1.6144 4.3112 -6.1123 1.6572 10.178 3.1341 0.723 0.7581 0.7503
Car 0 0 -0.4624 816.172 184.4662 1003.3261 261.649 1.5453 1.5979 3.4524 6.4364 1.8189 15.8583 -0.0769 0.6873 0.6032 0.483
Car 0 0 -0.2291 716.9766 182.6814 838.9064 229.8162 1.5215 1.6333 3.7619 5.7479 1.878 24.9103 -0.0023 0.6779 0.5121 0.7949
Car 0 0 -2.9291 275.3144 174.5364 462.3388 243.8754 1.6475 1.7104 4.2905 -5.982 1.6885 18.0736 3.0344 0.6707 0.3798 0.0029
Car 0 0 -1.6532 638.5073 182.5585 674.6703 211.7747 1.4247 1.5633 3.6308 2.3468 1.943 37.8205 -1.5912 0.654 0.6793 0.2875
Car 0 0 -2.7817 308.9406 175.6413 472.112 236.7831 1.6585 1.7194 4.2577 -6.2812 1.7413 20.7088 -3.0762 0.4831 0.0138 0.2691
Car 0 0 -2.5121 1.0 188.9069 269.3053 346.8311 1.4376 1.6592 4.2474 -6.8425 1.6578 7.8564 3.0545 0.4529 0.7957 0.6784
Car 0 0 -2.7402 362.9192 181.6298 484.711 227.5402 1.4977 1.6301 4.0112 -6.4165 1.7985 24.8431 -2.993 0.4086 0.0041 0.0
Car 0 0 0.3614 419.0309 182.1706 520.1791 217.3759 1.4622 1.6115 3.9822 -6.0995 1.8594 31.1804 0.1682 0.3725 0.0882 0.0
Car 0 0 -2.8211 339.4474 178.0113 489.2976 232.2584 1.5696 1.694 4.1798 -6.0028 1.7405 22.2497 -3.0846 0.3509 0.0014 0.0
Car 0 0 1.4999 561.8546 176.7805 586.093 197.4788 1.4989 1.6074 3.788 -2.8104 1.8266 55.7146 1.4495 0.3199 0.0042 0.0
Car 0 0 -2.7236 153.5005 182.6739 391.7819 272.8026 1.4538 1.6339 3.707 -6.1836 1.6506 13.1168 3.1191 0.2837 0.0714 0.0002
Car 0 0 -2.9281 485.1406 179.4314 556.3214 203.1082 1.4662 1.6538 4.2678 -5.6791 1.8884 45.6977 -3.0517 0.2785 0.0714 0.0