Car 0 0 -1.9614 796.0352 177.6137 1011.3322 310.9566 1.5441 1.5895 3.6806 3.8958 1.6284 10.3741 -1.6022 0.8988 0.8557 0.8064
Car 0 0 -1.802 748.818 180.8054 856.9835 260.3309 1.5165 1.5656 3.5657 4.0349 1.7072 15.8213 -1.5523 0.8637 0.8732 0.9115
Car 0 0 1.7893 413.8017 184.6788 501.4282 242.6689 1.4765 1.5863 3.9186 -4.3258 1.8379 20.7986 1.5842 0.8322 0.8077 0.8883
Car 0 0 -1.7357 717.3568 177.741 789.0144 234.6308 1.5443 1.5762 3.5933 4.1559 1.6982 21.6474 -1.546 0.8227 0.7504 0.7311
Car 0 0 1.7063 468.7501 182.563 527.265 226.6877 1.5182 1.6351 4.006 -4.2641 1.9154 27.6896 1.5535 0.7184 0.7434 0.4176
Car 0 0 -1.7143 698.5971 178.6116 755.0302 222.1301 1.5228 1.5994 3.8991 4.3477 1.7522 27.5905 -1.558 0.6714 0.6738 0.4851
Car 0 0 1.7071 498.379 181.4992 546.7348 218.3141 1.5801 1.651 4.0813 -4.0544 1.9989 33.6327 1.5872 0.5092 0.5127 0.3175
Car 0 0 -1.6952 686.289 175.233 734.6302 213.3098 1.5669 1.6037 3.796 4.3398 1.6881 31.9622 -1.5603 0.4093 0.3191 0.0
Car 0 0 1.7729 548.532 177.3575 585.2956 201.7964 1.4852 1.5953 4.0832 -2.7833 1.7982 46.8568 1.7136 0.3998 0.5148 0.4423
Car 0 0 2.5952 949.0991 175.8393 1019.9709 202.5231 1.4907 1.5698 3.9997 21.951 1.6781 42.3376 3.0735 0.375 0.0714 0.0
Car 0 0 -2.2508 943.6013 206.9208 1189.0 373.6641 1.4254 1.6429 3.9225 3.9093 1.6933 4.9483 -1.5822 0.341 0.1195 0.8346
Car 0 0 -1.918 868.3369 171.5917 920.6809 197.3246 1.541 1.7047 4.2055 17.9038 1.4681 45.651 -1.5442 0.2684 0.0034 0.0