Car 0 0 -1.7836 703.6247 183.6336 824.0886 276.4815 1.4822 1.5539 3.4035 2.705 1.7054 13.6105 -1.5875 0.8793 0.8899 0.7524
Car 0 0 -1.3325 368.2784 181.8093 483.7051 260.8621 1.5459 1.6213 3.7611 -4.0736 1.7711 16.4163 -1.5758 0.7937 0.7892 0.1621
Car 0 0 -1.2022 146.3623 211.5436 384.3673 357.0604 1.3446 1.552 3.5763 -4.1227 1.8785 9.139 -1.626 0.7901 0.7386 0.7258
Car 0 0 1.7504 472.6611 185.9587 528.0054 225.0241 1.4262 1.604 3.8107 -4.4822 2.006 29.7328 1.6007 0.7328 0.6851 0.1004
Car 0 0 -1.6375 657.16 178.7252 704.9165 221.6546 1.5422 1.6403 3.6782 2.7039 1.7942 28.3901 -1.5426 0.6666 0.748 0.6623
Pedestrian 0 0 1.9175 291.4509 178.5287 340.4083 274.2446 1.648 0.6144 0.7294 -5.343 1.7515 13.031 1.5283 0.4255 0.1027 0.0
Pedestrian 0 0 1.6889 255.331 180.6153 297.6381 277.9541 1.6811 0.6541 0.623 -5.9751 1.8231 12.8348 1.2532 0.4212 0.0714 0.0
Car 0 0 1.6649 521.8366 185.993 552.076 209.4444 1.4437 1.5457 3.7146 -4.8269 2.3356 47.7276 1.5641 0.4025 0.3729 0.3691
Pedestrian 0 0 1.3052 247.7623 182.9259 306.9686 287.3114 1.6461 0.5973 0.6567 -5.5585 1.8023 11.9339 0.8693 0.3854 0.0292 0.0
Car 0 0 -2.3011 962.0424 185.1457 1241.0 371.7054 1.4861 1.5771 3.8088 2.9106 1.6374 3.3003 -1.5783 0.3225 13.0 0.7833
Pedestrian 0 0 2.0939 297.535 183.9465 342.855 257.4355 1.5791 0.5741 0.7372 -6.4853 1.8331 16.0753 1.7104 0.3089 0.0714 0.0
Car 0 0 -1.4165 400.7825 181.8833 488.3124 250.9674 1.551 1.6241 3.8502 -4.2348 1.8141 18.734 -1.6388 0.275 0.0714 0.5543