Car 0 0 -2.8114 190.9619 193.5027 420.6493 268.3036 1.4229 1.66 4.1822 -6.4272 1.8921 15.281 3.0736 0.847 0.7421 0.5465
Car 0 0 -1.7551 677.5935 192.1742 762.8297 252.1279 1.4011 1.5602 3.5167 2.8187 1.946 19.4277 -1.611 0.8157 0.8137 0.7365
Car 0 0 -2.6514 22.8711 195.7666 308.0773 310.9986 1.506 1.5793 3.5182 -6.8534 1.8959 10.9277 3.0716 0.6906 0.6162 0.827
Car 0 0 -1.6915 644.8878 187.5209 696.341 228.7808 1.4867 1.6004 3.9369 2.3258 2.1178 29.1853 -1.612 0.6756 0.7803 0.7488
Car 0 0 -2.4536 0.0 197.6236 277.3763 345.2953 1.4708 1.6253 3.9337 -6.6269 1.8052 8.4431 -3.119 0.6233 0.7115 0.756
Car 0 0 -2.9004 421.2217 184.9419 523.3144 223.5757 1.5415 1.6639 3.8985 -5.8149 2.0543 30.4744 -3.0889 0.5254 0.2232 0.0
Car 0 0 -2.8028 275.6805 193.2139 444.599 252.6998 1.3728 1.6171 4.0426 -6.518 1.9484 19.0326 -3.1328 0.5092 0.0097 0.0977
Car 0 0 -2.8151 316.5419 190.4476 470.1359 243.7642 1.4462 1.6226 4.1793 -6.3976 1.9932 21.4652 -3.1048 0.5073 0.3998 0.1492
Car 0 0 -2.4274 487.6907 182.9345 554.1653 209.5947 1.4268 1.5965 3.864 -5.2169 2.0381 41.8632 -2.5513 0.4149 0.0316 0.0
Car 0 0 0.3022 379.7544 187.8551 490.3287 230.8491 1.4405 1.5901 3.8574 -6.2803 1.9931 25.9434 0.0647 0.3734 0.0492 0.0
Car 0 0 1.9481 504.1156 183.1856 551.944 211.0043 1.609 1.6246 4.0952 -5.1086 2.2757 45.2218 1.8356 0.346 0.0714 0.0
Car 0 0 0.5788 359.5875 187.2418 487.6774 239.1124 1.5018 1.5853 3.8245 -5.9398 1.9661 22.9711 0.3258 0.2724 0.0013 0.0