Car 0 0 -1.3132 331.0549 181.6272 461.3651 262.3644 1.4634 1.6212 4.0683 -4.4089 1.4084 15.4821 -1.5906 0.842 0.8083 0.8672
Car 0 0 -1.5767 582.1464 176.9977 664.756 253.8164 1.4977 1.6589 3.4119 0.3119 1.3268 15.9069 -1.5571 0.8384 0.8242 0.4869
Car 0 0 -1.1046 0.0 195.7133 316.9828 376.8788 1.461 1.6115 3.79 -4.4958 1.5946 7.137 -1.6667 0.8121 0.7689 0.7616
Car 0 0 2.1652 2.8793 186.2459 200.2354 273.6403 1.3824 1.4885 3.2726 -9.711 1.4576 13.9227 1.5561 0.6202 0.0714 0.0247
Car 0 0 -1.3339 327.779 183.4862 397.816 230.0772 1.4731 1.5906 3.5716 -8.565 1.4312 25.1982 -1.6616 0.6 0.0714 0.0
Car 0 0 -1.0201 185.6963 182.4817 295.0232 228.8563 1.4757 1.6067 3.7074 -12.9053 1.4052 25.4447 -1.4895 0.5302 0.1833 0.2823
Car 0 0 2.1444 36.8162 176.8082 142.2355 218.0534 1.4628 1.588 3.8794 -20.0319 1.1591 27.9114 1.5219 0.4671 0.3374 0.0
Car 0 0 -1.0894 331.8118 182.9297 438.456 237.0169 1.4481 1.5722 3.6379 -6.6841 1.4111 21.7772 -1.3872 0.446 0.0714 0.0
Car 0 0 -1.0204 321.0908 182.8816 418.7952 228.9446 1.4366 1.6091 3.6697 -8.2355 1.3784 25.0414 -1.3382 0.4038 0.1889 0.0
Car 0 0 -1.4517 681.0371 182.1248 705.9558 201.4175 1.4796 1.6055 3.7693 6.9978 1.2451 58.3904 -1.3324 0.388 0.0043 0.1041
Car 0 0 1.111 51.4658 186.2623 227.8128 281.6862 1.4587 1.5664 3.3884 -8.2736 1.4835 12.6595 0.5322 0.2937 0.0296 0.3312
Car 0 0 2.1144 34.5731 187.5558 207.1114 261.9711 1.3395 1.5026 3.3371 -10.5991 1.4517 15.8344 1.5245 0.2807 0.0714 0.0