Car 0 0 -0.5277 798.6493 181.873 1177.6057 327.5244 1.6266 1.7151 3.9264 4.5656 1.7649 9.1765 -0.066 0.8585 0.8007 0.6197
Car 0 0 -2.5297 0.0 180.1448 259.9232 302.8513 1.5874 1.6685 4.0229 -7.7531 1.7124 10.4103 3.1134 0.7198 0.7277 0.6962
Car 0 0 -2.7939 86.9809 172.6342 323.2494 257.4607 1.63 1.6788 3.9695 -8.3319 1.6423 14.8994 2.9794 0.6793 0.5901 0.6807
Car 0 0 -0.409 749.2339 185.784 1026.8375 287.6292 1.5243 1.663 3.8394 4.4435 1.7488 11.9788 -0.0538 0.652 0.7314 0.4152
Car 0 0 -1.781 452.034 177.0446 494.9647 205.067 1.5532 1.6702 4.0563 -8.1741 1.8279 42.6974 -1.9702 0.4298 0.2355 0.0
Car 0 0 -1.6492 759.9311 188.413 884.1697 281.5525 1.4308 1.4946 3.1098 3.7474 1.7407 13.245 -1.3735 0.4081 0.0215 0.0647
Car 0 0 -2.2552 1026.8675 183.1351 1105.5931 210.7523 1.4702 1.6743 4.0813 26.1338 2.0767 41.5619 -1.6939 0.34 0.0542 0.0
Car 0 0 -1.4076 1127.7904 184.435 1202.698 233.3918 1.5021 1.6571 3.6013 19.1106 1.9382 24.7015 -0.7491 0.3263 0.0714 0.0
Car 0 0 1.7156 1041.1757 184.3906 1097.3045 209.6304 1.4355 1.6524 4.0546 27.73 2.1533 43.6908 2.2812 0.3221 0.0055 0.0
Car 0 0 -3.0432 223.5854 169.3751 370.6529 226.4534 1.6472 1.6793 4.0827 -9.5675 1.5595 22.2462 2.8338 0.2857 0.0714 0.0
Car 0 0 -2.5966 145.919 175.6866 334.2349 253.5922 1.6597 1.6036 3.5199 -8.404 1.7355 16.5138 -3.0673 0.2808 0.0714 0.1533