Car 0 0 1.8314000368118286 283.4436950683594 203.27490234375 457.3587951660156 323.1106872558594 1.4745999574661255 1.6171000003814697 3.967400074005127 -3.7144999504089355 2.036099910736084 11.774499893188477 1.5257999897003174 0.8974000215530396 0.8654000163078308 0.9028000235557556
Car 0 0 -1.8654999732971191 712.3532104492188 194.83360290527344 889.9110107421875 325.12078857421875 1.5202000141143799 1.5789999961853027 3.6428000926971436 2.5487000942230225 1.8762999773025513 10.718199729919434 -1.6319999694824219 0.8914999961853027 0.8794000148773193 0.807699978351593
Car 0 0 -1.764799952507019 672.8607177734375 194.5554962158203 773.3071899414062 272.4731140136719 1.4809999465942383 1.5860999822616577 3.848400115966797 2.408600091934204 2.02239990234375 16.50469970703125 -1.6197999715805054 0.8458999991416931 0.8422999978065491 0.7705000042915344
Car 0 0 1.7776000499725342 396.1095886230469 202.21029663085938 499.2345886230469 277.3493957519531 1.4904999732971191 1.614300012588501 3.974400043487549 -3.928299903869629 2.289299964904785 17.82159996032715 1.5606000423431396 0.8202000260353088 0.7682999968528748 0.8514999747276306
Car 0 0 -2.08240008354187 819.190185546875 198.07460021972656 1198.8994140625 379.6882019042969 1.4924999475479126 1.5010000467300415 3.0583999156951904 2.9751999378204346 1.743499994277954 6.245299816131592 -1.6377999782562256 0.8026000261306763 0.7972000241279602 0.843999981880188
Car 0 0 1.7506999969482422 469.0343933105469 199.05580139160156 529.4804077148438 243.00030517578125 1.479699969291687 1.6405999660491943 4.173699855804443 -4.256899833679199 2.547100067138672 28.041400909423828 1.600100040435791 0.6881999969482422 0.7441999912261963 0.7713000178337097
Car 0 0 -1.7072999477386475 653.4415893554688 193.1405029296875 711.6220092773438 242.3043975830078 1.496000051498413 1.5398000478744507 3.384000062942505 2.447000026702881 2.27810001373291 25.45199966430664 -1.6115000247955322 0.5853000283241272 0.5216000080108643 0.21739999949932098
Car 0 0 -1.7055000066757202 662.0001831054688 193.99620056152344 728.6840209960938 249.03599548339844 1.4825999736785889 1.558899998664856 3.5683999061584473 2.5102999210357666 2.1772000789642334 22.35700035095215 -1.5937000513076782 0.44359999895095825 0.07540000230073929 0.6269000172615051
Car 0 0 -1.7094999551773071 666.4696044921875 192.80499267578125 743.2222900390625 254.92750549316406 1.49399995803833 1.5958000421524048 3.9646999835968018 2.4895999431610107 2.0843000411987305 20.12529945373535 -1.5865000486373901 0.4397999942302704 0.0071000000461936 0.14980000257492065
Car 0 0 1.6920000314712524 439.25518798828125 198.91259765625 508.97100830078125 255.22169494628906 1.5095000267028809 1.6390999555587769 3.915800094604492 -4.329599857330322 2.421799898147583 23.27359962463379 1.5081000328063965 0.3903999924659729 0.0272000003606081 0.7462000250816345
Car 0 0 -1.5870000123977661 627.1495971679688 192.07339477539062 656.4963989257812 218.3795928955078 1.4980000257492065 1.6191999912261963 3.6006999015808105 1.9503999948501587 2.738100051879883 45.1859016418457 -1.5439000129699707 0.32280001044273376 0.19539999961853027 0.0