Car 0 0 -2.9487 212.6502 179.2478 434.4774 257.4339 1.6576 1.7258 4.3563 -6.4468 1.8116 16.4337 2.9607 0.7562 0.5871 0.0072
Car 0 0 -0.4248 798.0014 193.6453 1010.798 276.8668 1.4799 1.6367 3.737 5.8178 1.9265 14.548 -0.0444 0.7356 0.5379 0.5656
Car 0 0 -2.5754 43.3725 191.5214 359.6337 300.78 1.4204 1.6418 4.1885 -6.2224 1.7364 10.8735 -3.0952 0.6846 0.6034 0.6747
Car 0 0 -1.6266 634.1946 187.7318 672.0734 220.64 1.4455 1.5821 3.645 2.0368 2.2149 35.4887 -1.5693 0.6181 0.592 0.2022
Car 0 0 -0.5603 864.4727 190.4478 1177.5217 300.475 1.5054 1.635 3.9415 6.1377 1.7888 11.0895 -0.0548 0.5867 0.6208 0.6151
Car 0 0 -0.3751 718.9318 180.8242 846.4305 239.5107 1.71 1.677 3.963 5.4679 1.9985 23.23 -0.1439 0.5522 0.0209 0.1872
Car 0 0 -2.6718 129.7444 188.8144 382.7154 282.998 1.4851 1.6198 3.7695 -6.2509 1.7972 12.8078 -3.1258 0.535 0.6374 0.2492
Car 0 0 -0.345 719.8091 189.28 867.6684 245.6176 1.5138 1.6425 4.0008 5.2733 2.0086 20.9923 -0.0989 0.5013 0.1778 0.1248
Car 0 0 2.6403 756.6963 190.5908 920.7558 254.3986 1.4862 1.5977 4.0724 5.7469 1.9483 18.4507 2.9423 0.48 0.0377 0.2968
Car 0 0 -0.7778 923.502 184.0076 1250.7915 338.5223 1.5055 1.6165 3.9871 5.7461 1.6662 8.3225 -0.1735 0.4308 0.3441 0.3746
Car 0 0 -2.2353 899.4877 211.1396 1241.6024 374.8796 1.4755 1.5774 3.6828 2.6164 1.737 3.4982 -1.5932 0.3787 11.0 0.6727
Car 0 0 -1.6391 621.4018 185.3991 647.765 208.7525 1.4906 1.6053 3.7789 1.6189 2.3858 49.852 -1.6067 0.3786 0.0034 0.0737
Car 0 0 -3.1402 393.5696 187.5227 513.836 229.822 1.3629 1.5779 3.8706 -5.5302 1.8909 25.1708 2.9267 0.3586 0.0225 0.0
Car 0 0 -0.533 848.4145 194.5069 1111.3646 286.1102 1.4138 1.6034 3.7692 6.1394 1.7901 12.3054 -0.0703 0.341 0.0714 0.2469
Car 0 0 -2.438 0.0 187.1838 234.7672 339.2289 1.4908 1.5392 3.4216 -6.6189 1.6772 8.3741 -3.1068 0.3326 0.0188 0.4609
Car 0 0 0.693 428.5185 187.4905 527.3032 223.5916 1.3681 1.6288 4.4681 -5.638 2.01 30.3907 0.5095 0.3309 0.0609 0.0947
Cyclist 0 0 -1.4627 527.1188 183.5933 552.0194 224.4684 1.5932 0.5449 1.7803 -2.9656 2.0655 30.1487 -1.5607 0.2993 0.0107 0.0
Car 0 0 -0.2118 735.9608 187.9736 894.8428 249.2779 1.4807 1.5984 4.0512 5.3094 1.8943 19.0228 0.0604 0.2572 0.0714 0.4877