Car 0 0 -1.9857 759.2028 184.244 1100.862 374.4452 1.4603 1.6325 3.9419 2.6921 1.6004 7.2234 -1.6289 0.9 0.8576 0.7801
Car 0 0 0.6618 0.0 173.6768 340.4918 311.2431 1.5443 1.6944 4.2705 -6.1904 1.5699 9.2094 0.07 0.7343 0.6835 0.5107
Car 0 0 -2.8132 273.1686 171.5508 451.9454 231.297 1.5094 1.6723 4.2341 -6.5772 1.4653 19.2092 3.1401 0.6082 0.4864 0.6821
Car 0 0 -0.0097 752.9829 177.9397 863.0231 221.8845 1.558 1.5928 3.6393 7.1145 1.7509 26.4807 0.2527 0.5905 0.4069 0.4568
Car 0 0 -2.7033 326.5213 170.8814 486.6096 223.3772 1.4513 1.6308 4.1224 -5.9626 1.3983 21.2157 -2.9773 0.5325 0.3268 0.0
Car 0 0 -2.937 397.8807 166.1852 521.3266 213.2731 1.6317 1.6569 4.0161 -5.4289 1.3914 26.0102 3.1404 0.5167 0.3911 0.6779
Car 0 0 -0.048 687.3452 172.9342 763.9588 203.4612 1.5751 1.6036 3.8467 5.9398 1.5606 37.6836 0.1083 0.4844 0.2475 0.034
Car 0 0 -0.2478 733.3696 175.2809 848.4999 217.1 1.5524 1.6459 3.9743 6.906 1.6577 27.9986 -0.0059 0.4399 0.0483 0.0655
Car 0 0 -2.5777 245.936 181.2194 409.665 239.4969 1.3836 1.5985 3.7789 -7.3252 1.606 18.6746 -2.9515 0.4151 0.0714 0.3507
Car 0 0 -1.5963 636.9644 172.9266 660.4406 193.4802 1.4614 1.6211 4.0931 2.8254 1.4761 53.2039 -1.5432 0.413 0.4937 0.2119
Car 0 0 -2.7124 133.5517 182.4784 395.9355 271.4882 1.4813 1.6859 4.2566 -6.2906 1.6862 13.3482 3.1303 0.3936 0.0183 0.0
Car 0 0 -2.599 60.4662 158.543 359.0646 267.3508 1.5197 1.6482 4.4149 -6.4094 1.3126 11.4237 -3.1103 0.38 0.0301 0.0
Car 0 0 -2.5411 198.1231 175.7521 399.1698 255.3944 1.4833 1.6126 3.772 -6.4378 1.5643 15.1008 -2.9441 0.3246 0.0714 0.0
Car 0 0 -2.437 839.8488 179.8258 957.939 230.6599 1.4751 1.5433 3.498 8.9801 1.701 22.7379 -2.0608 0.2873 0.0714 0.0
Car 0 0 -2.5051 1.0 183.9402 105.8485 336.9325 1.5449 1.6235 4.1795 -8.2268 1.6816 7.4213 2.9413 0.2674 0.0714 0.0649
Car 0 0 0.4049 379.3873 170.1338 499.4992 216.4862 1.4902 1.5719 3.6944 -5.7257 1.3977 24.2688 0.1732 0.2645 0.0714 0.0