Car 0 0 -1.8756 483.0809 185.2427 613.5052 266.0066 1.3955 1.586 3.8121 -1.4887 1.6902 15.0686 -1.9741 0.8798 0.8636 0.7963
Car 0 0 -1.7354 381.7789 180.6081 439.8665 222.8501 1.4826 1.6086 3.8444 -7.8409 1.8069 27.9825 -2.0086 0.7345 0.7442 0.4586
Car 0 0 1.2129 1057.2817 158.7322 1218.9679 240.3126 1.5001 1.5515 3.5949 10.7843 1.2215 15.0567 1.8344 0.6718 0.604 0.216
Car 0 0 1.8203 184.7419 185.0257 237.4802 216.356 1.4258 1.6972 3.485 -19.7526 2.0574 35.7695 1.3157 0.6524 0.6084 0.0
Car 0 0 -1.6971 370.4334 179.7576 417.1307 215.136 1.5006 1.6232 3.9738 -10.0887 1.8382 33.2803 -1.9914 0.6256 0.5732 0.0
Car 0 0 -2.0972 676.24 135.9876 1028.7361 355.4188 1.9028 1.7011 4.1231 2.1448 1.5503 7.839 -1.8301 0.4472 0.0677 0.0
Car 0 0 2.9948 556.7054 168.5754 645.9458 201.7417 1.6003 1.6617 4.1681 -0.4629 1.3922 35.9333 2.9819 0.4145 0.0559 0.0
Car 0 0 2.2926 1.0 203.6153 118.6545 366.6833 1.4893 1.5425 3.8449 -7.2444 1.8779 7.1281 1.4991 0.3989 0.4137 0.0
Car 0 0 -1.2538 7.1603 202.0286 143.1036 302.3423 1.3828 1.5216 3.1225 -9.1125 1.8993 12.0832 -1.9 0.3717 0.0207 0.4383
Car 0 0 -1.5927 351.7872 177.7579 376.6137 198.2262 1.4468 1.656 3.513 -18.2871 1.8204 53.5377 -1.9218 0.3335 0.0448 0.0
Car 0 0 2.7974 549.7669 167.0809 654.4354 208.3633 1.637 1.6585 3.9738 -0.4303 1.4069 30.088 2.7831 0.3087 0.0033 0.1651
Cyclist 0 0 1.963 1.0 204.1158 122.7061 362.7066 1.6561 0.5993 1.7716 -6.9612 1.9371 7.4256 1.2099 0.2654 0.0714 0.0