Car 0 0 1.2251 771.2508 190.1982 935.7382 298.6722 1.4671 1.6168 4.0696 3.9324 1.8143 12.439 1.5313 0.8112 0.8318 0.7173
Car 0 0 -1.6746 730.599 186.1679 807.007 251.3819 1.44 1.586 3.5602 3.9117 1.8067 18.4411 -1.4656 0.7306 0.7944 0.6781
Car 0 0 -1.7112 699.7665 179.585 753.1576 221.7019 1.4934 1.5257 3.8867 4.428 1.7731 28.1737 -1.5553 0.6511 0.7367 0.1975
Car 0 0 1.737 421.9974 165.5551 546.9281 271.787 1.8152 1.6848 4.1038 -2.3819 1.6896 14.3974 1.573 0.6389 0.6945 0.784
Car 0 0 -1.7124 717.1526 182.3173 787.2292 238.1562 1.4994 1.5792 3.8393 4.1572 1.8084 21.8879 -1.5247 0.6382 0.638 0.2935
Car 0 0 -2.0692 901.5727 184.5668 1279.0 378.209 1.5403 1.5506 3.5585 3.3862 1.6662 5.4211 -1.5109 0.577 0.7939 0.6169
Car 0 0 1.6661 554.4547 177.3376 596.7085 210.5075 1.5609 1.6753 4.0916 -1.7317 1.7994 36.4464 1.6186 0.5744 0.6956 0.8169
Car 0 0 -1.6894 684.87 180.7111 726.6632 213.8282 1.509 1.5924 3.8398 4.5944 1.9067 35.4369 -1.5605 0.5517 0.6759 0.6439
Pedestrian 0 0 2.4271 885.1914 188.9115 993.3333 361.3521 1.5079 0.5203 0.6318 2.9566 1.6708 6.652 2.8454 0.4453 0.2055 0.0
Car 0 0 2.1412 41.9679 201.7767 394.9339 372.0 1.4872 1.6435 3.5859 -2.7396 1.7236 3.3353 1.4535 0.2936 16.0 0.6644
Car 0 0 -1.6131 674.6206 178.5873 705.3622 207.071 1.5366 1.6101 3.6336 4.4997 1.8836 41.0984 -1.5041 0.2873 0.0097 0.0
Pedestrian 0 0 2.6439 869.4004 191.4159 970.4697 352.783 1.4129 0.5265 0.6345 2.791 1.5949 6.7007 3.0386 0.2667 0.0714 0.0