Car 0 0 -1.930999994277954 751.07421875 181.0135040283203 937.083984375 293.6737976074219 1.475600004196167 1.6096999645233154 3.9047999382019043 3.5132999420166016 1.6345000267028809 11.750900268554688 -1.6404999494552612 0.8992999792098999 0.8647000193595886 0.8652999997138977
Car 0 0 1.9163000583648682 193.9593963623047 190.2158966064453 401.8251037597656 310.8116149902344 1.534600019454956 1.6674000024795532 4.225200176239014 -4.861999988555908 1.8653000593185425 11.846199989318848 1.526900053024292 0.8909000158309937 0.8456000089645386 0.7199000120162964
Car 0 0 -2.065999984741211 860.57177734375 184.54690551757812 1275.202392578125 376.5852966308594 1.4536000490188599 1.5539000034332275 3.5485000610351562 3.6415998935699463 1.5913000106811523 6.567200183868408 -1.5597000122070312 0.8565999865531921 0.8162000179290771 0.8219000101089478
Car 0 0 1.8307000398635864 337.3662109375 188.306396484375 459.6825866699219 260.0968933105469 1.4321000576019287 1.6562000513076782 4.247300148010254 -4.938000202178955 1.8406000137329102 17.269800186157227 1.5521999597549438 0.8535000085830688 0.7883999943733215 0.7156000137329102
Car 0 0 -1.777400016784668 721.6207885742188 179.5059051513672 820.601318359375 252.53469848632812 1.5046000480651855 1.5801000595092773 3.8559000492095947 3.636899948120117 1.6756999492645264 17.105199813842773 -1.5678999423980713 0.8482999801635742 0.8519999980926514 0.8125
Car 0 0 -1.7092000246047974 705.6821899414062 179.6562957763672 772.25341796875 230.74049377441406 1.4479000568389893 1.5194000005722046 3.6078999042510986 3.8877999782562256 1.672700047492981 22.535600662231445 -1.5384000539779663 0.7602999806404114 0.8314999938011169 0.8082000017166138
Car 0 0 1.7620999813079834 489.98760986328125 179.96839904785156 539.9089965820312 215.34039306640625 1.5261000394821167 1.5706000328063965 3.7395999431610107 -4.399700164794922 1.8756999969482422 33.54629898071289 1.631700038909912 0.7045999765396118 0.8140000104904175 0.5349000096321106
Car 0 0 -1.7654000520706177 685.25 177.18319702148438 745.1762084960938 220.539794921875 1.5582000017166138 1.5938999652862549 3.7885000705718994 3.9972000122070312 1.746999979019165 28.26219940185547 -1.624899983406067 0.6190000176429749 0.6678000092506409 0.7250000238418579
Car 0 0 2.1644999980926514 22.08880043029785 201.4069061279297 287.9612121582031 377.4537048339844 1.4747999906539917 1.5979000329971313 4.061299800872803 -4.681300163269043 1.757699966430664 5.779399871826172 1.4837000370025635 0.45170000195503235 0.7175999879837036 0.7775999903678894
Car 0 0 1.6901999711990356 510.6781921386719 179.20140075683594 553.0615844726562 209.1569061279297 1.4615000486373901 1.6923999786376953 4.44980001449585 -4.120500087738037 1.8147000074386597 38.337100982666016 1.5831999778747559 0.3675000071525574 0.4512999951839447 0.0
Car 0 0 -0.2847000062465668 597.1005859375 173.58230590820312 643.2824096679688 192.15280151367188 1.5702999830245972 1.691499948501587 3.660399913787842 0.8446000218391418 1.6456999778747559 62.27730178833008 -0.2711000144481659 0.27070000767707825 0.006200000178068876 0.0