Car 0 0 -1.8597 455.1942 186.1555 582.9096 265.5466 1.3915 1.5757 3.7463 -2.1234 1.7156 15.3231 -1.9974 0.8706 0.8603 0.7184
Car 0 0 1.2277 1000.0336 161.6305 1146.2559 239.7956 1.4924 1.584 3.7261 9.8994 1.2683 15.7662 1.7884 0.6956 0.6663 0.31
Car 0 0 -1.7507 351.1147 182.0507 408.9091 223.6622 1.4959 1.599 3.6647 -9.1704 1.8761 28.429 -2.0627 0.6168 0.7332 0.5363
Car 0 0 1.9026 148.0409 185.7851 204.518 217.1996 1.4531 1.6691 3.2195 -21.7887 2.134 36.3271 1.3623 0.5597 0.7231 0.0
Car 0 0 -1.7196 336.271 181.6613 387.4358 219.3494 1.5231 1.6001 3.6176 -11.0972 1.9372 31.9608 -2.0538 0.5533 0.492 0.0715
Car 0 0 2.9091 520.5106 170.1787 615.5551 206.9067 1.6785 1.6847 4.0558 -2.0047 1.5638 34.1644 2.8505 0.4234 0.1527 0.0028
Car 0 0 -2.114 627.8147 141.9826 960.4286 347.5109 1.8914 1.6668 4.0682 1.6637 1.5736 8.2336 -1.9147 0.4101 0.5173 0.0
Car 0 0 1.2849 882.1469 162.7366 993.0173 225.134 1.4926 1.5741 3.56 8.48 1.2453 19.0381 1.704 0.3774 0.0649 0.0973
Car 0 0 -1.5913 316.2569 177.0291 343.3157 199.9678 1.525 1.6572 3.8752 -19.7967 1.8345 50.8854 -1.9623 0.359 0.3854 0.0
Car 0 0 -2.6179 1.0 198.6 102.1772 356.8367 1.5142 1.5798 3.9808 -7.9631 1.8428 7.5836 2.8555 0.3276 0.0027 0.0
Car 0 0 -2.2443 847.3389 166.2547 986.0274 223.372 1.4448 1.587 3.785 8.1596 1.2661 19.5988 -1.8498 0.3193 0.0714 0.057
Car 0 0 1.7533 29.0538 206.7202 123.526 309.495 1.4032 1.5279 3.2488 -9.5512 2.0036 11.8711 1.0758 0.2722 0.0714 0.4151