Car 0 0 -0.397 793.8832 190.1965 1000.0218 264.6754 1.4263 1.611 3.8531 5.9944 1.8173 15.413 -0.0261 0.7247 0.6121 0.6038
Car 0 0 -2.9769 221.4712 174.6909 440.4387 252.4922 1.6659 1.7297 4.3618 -6.3198 1.7143 16.5702 2.9419 0.6571 0.5366 0.0018
Car 0 0 -2.6954 57.5525 190.2207 372.821 288.8234 1.3957 1.6916 4.3194 -6.3663 1.7135 11.6944 3.0892 0.6361 0.721 0.5378
Car 0 0 -1.6683 633.3868 183.9924 672.75 215.5383 1.4422 1.5642 3.8981 2.0762 2.041 36.5234 -1.6115 0.6144 0.6617 0.2326
Car 0 0 -2.1597 854.4566 197.5928 1279.0 377.8015 1.5322 1.5851 3.8574 2.6557 1.7424 4.4239 -1.619 0.5951 0.4661 0.6416
Car 0 0 -0.4016 714.3199 180.959 849.5454 237.8006 1.6136 1.6786 3.8884 5.244 1.8886 22.416 -0.1718 0.5824 0.4902 0.2811
Car 0 0 -2.7628 165.6034 185.3734 392.6278 269.6108 1.4842 1.6139 3.7727 -6.4099 1.7505 14.1131 3.0941 0.58 0.6929 0.4382
Car 0 0 -2.1621 835.3441 192.237 1168.6485 368.707 1.4532 1.617 3.687 2.6817 1.6212 4.5074 -1.6254 0.4686 0.0251 0.6587
Car 0 0 -0.576 917.2514 183.7908 1224.2234 311.2793 1.405 1.6406 4.0714 5.9544 1.5778 9.3656 -0.0097 0.452 0.4012 0.4127
Car 0 0 -0.5507 846.0612 181.8638 1131.5694 283.9604 1.5107 1.6222 4.0114 6.1673 1.6777 11.9708 -0.075 0.445 0.3006 0.5462
Car 0 0 -2.9609 390.3814 184.4297 504.9684 225.5846 1.4141 1.6094 3.8127 -5.9166 1.8568 26.3988 3.1019 0.4155 0.0159 0.0
Car 0 0 -0.1917 738.3152 186.0526 882.5129 241.0784 1.4755 1.5954 4.0515 5.6658 1.8622 20.7457 0.0749 0.3763 0.0714 0.4598
Car 0 0 -2.753 0.0 185.6559 257.3511 296.511 1.4967 1.581 3.3138 -7.7457 1.7263 11.0729 2.9198 0.3404 0.0068 0.1571
Car 0 0 0.6733 1.0 179.8574 295.3404 366.6517 1.5641 1.6811 4.5404 -5.752 1.6692 6.5321 -0.0486 0.3266 0.0293 0.3424
Car 0 0 2.8731 750.8268 187.9226 908.5677 245.9962 1.5186 1.6316 3.8421 6.07 1.9452 20.1988 -3.1182 0.3254 0.0533 0.818
Car 0 0 0.404 428.1262 183.8988 534.3244 217.8398 1.384 1.6271 4.4065 -5.7777 1.889 31.9983 0.2254 0.3009 0.0233 0.2182