Car 0 0 1.8595 282.724 188.5368 415.066 270.2052 1.5388 1.6583 4.0968 -5.8251 1.9464 16.4939 1.52 0.8815 0.869 0.8317
Car 0 0 1.8258 375.3944 187.2886 459.4254 241.6207 1.4629 1.5633 3.7816 -5.8685 1.939 22.2062 1.5674 0.8219 0.8049 0.6129
Car 0 0 1.7212 459.5073 182.7366 508.172 218.5046 1.4776 1.6216 3.8807 -5.7377 1.9604 32.9332 1.5487 0.7033 0.7464 0.7253
Car 0 0 1.7838 422.224 184.5675 485.7564 228.7517 1.4805 1.559 3.6921 -5.8604 1.9589 27.2414 1.5719 0.6708 0.6814 0.5685
Car 0 0 2.9268 792.261 153.3303 910.1548 196.8566 1.7543 1.7379 4.3759 9.9203 0.9491 30.0697 -3.0377 0.6267 0.4192 0.0
Car 0 0 1.7689 492.2551 180.966 532.8822 210.1065 1.5096 1.6038 3.7809 -5.4434 1.9923 40.5035 1.6353 0.5024 0.6793 0.7499
Car 0 0 -1.6473 660.8073 172.7366 703.7778 205.9635 1.5825 1.6092 3.8357 3.6394 1.5999 37.0495 -1.5494 0.3892 0.0271 0.1551
Pedestrian 0 0 -2.5712 191.9284 148.8001 264.3788 278.3908 1.9144 0.6046 1.0049 -5.859 1.5618 10.9993 -3.0606 0.3441 0.0714 0.0
Car 0 0 -0.6368 1148.9127 132.2832 1250.3107 172.8034 1.5063 1.695 4.3588 20.3049 0.0572 24.2072 0.0611 0.3139 0.0714 0.0
Car 0 0 -0.6984 655.7431 172.8572 721.6184 203.9213 1.5587 1.6038 3.664 4.1201 1.5649 37.978 -0.5903 0.3133 0.0714 0.0
Car 0 0 -2.1424 1038.528 141.2595 1111.0049 173.7228 1.6167 1.6548 3.9776 24.1847 -0.0149 37.7777 -1.573 0.29 0.0021 0.0508
Car 0 0 1.7473 530.1867 178.5584 559.6044 198.5961 1.5555 1.5865 3.8128 -5.266 2.0283 58.5569 1.6576 0.2888 0.0714 0.0