Pedestrian 0 0 -0.7799 900.8825 166.7431 970.2361 283.9798 1.6686 0.5874 0.7983 4.8638 1.4558 10.5689 -0.3486 0.546 0.401 0.3362
Pedestrian 0 0 1.7445 283.4029 195.5717 378.6036 371.975 1.5039 0.6835 0.7384 -2.4033 1.6384 6.2466 1.3772 0.54 0.1888 0.4329
Pedestrian 0 0 -1.4628 575.5006 173.2391 607.7458 244.9983 1.6404 0.6147 0.7865 -0.2621 1.4578 17.1793 -1.4781 0.5386 0.336 0.0
Cyclist 0 0 -1.0994 680.7666 167.5397 740.177 252.699 1.7786 0.5804 1.7808 2.4094 1.4879 16.0679 -0.9506 0.5118 0.0656 0.0
Pedestrian 0 0 1.6985 275.979 181.1158 399.7949 379.1456 1.5514 0.6326 0.6601 -1.9029 1.5788 4.9098 1.3288 0.4657 0.0048 0.0
Cyclist 0 0 1.8762 437.9506 180.9172 508.1116 288.4352 1.6304 0.5655 1.7682 -2.0992 1.6334 11.7264 1.6991 0.4626 0.0656 0.0
Pedestrian 0 0 1.9415 454.5868 183.409 499.8498 282.4966 1.5621 0.58 0.6073 -2.0741 1.6026 11.8454 1.7682 0.4259 0.0797 0.3501
Cyclist 0 0 1.4784 681.8369 168.4481 723.4796 252.0872 1.7305 0.5735 1.7789 2.2099 1.461 15.8654 1.6168 0.4197 0.0017 0.0
Pedestrian 0 0 1.9111 525.326 173.9574 552.2574 240.7104 1.6328 0.5739 0.696 -1.5918 1.4409 17.9852 1.8228 0.4072 0.0447 0.0
Pedestrian 0 0 1.6504 554.3474 175.2877 578.7008 231.5815 1.6718 0.6044 0.7988 -1.0933 1.4917 22.2506 1.6013 0.3431 0.0502 0.0
Cyclist 0 0 0.4355 240.6202 190.8809 353.6631 301.021 1.6189 0.5437 1.5282 -4.7478 1.7683 11.1896 0.0343 0.336 0.0714 0.0
Cyclist 0 0 1.6499 552.7191 176.0087 580.976 231.9362 1.7088 0.6134 1.985 -1.1229 1.5406 22.7574 1.6006 0.3226 0.0714 0.0
Cyclist 0 0 -0.6736 886.2074 170.7815 984.9608 287.597 1.6439 0.5409 1.7433 4.9348 1.4928 10.7024 -0.2415 0.3137 0.0714 0.0