Car 0 0 -1.7594 704.9714 187.2776 816.7614 270.8097 1.3951 1.5944 3.8536 2.8718 1.7301 14.754 -1.5671 0.837 0.8584 0.7712
Car 0 0 -0.3106 755.7254 177.9244 940.6147 240.4133 1.5504 1.7128 4.2423 6.1192 1.6931 18.9746 0.0013 0.6418 0.4743 0.3902
Car 0 0 -2.8774 384.1055 178.1746 502.643 223.9319 1.656 1.6616 4.1071 -6.3103 1.8624 27.3611 -3.104 0.5298 0.231 0.0404
Car 0 0 0.6566 38.5845 188.8153 346.2339 312.1562 1.5023 1.6161 3.6902 -6.0765 1.7512 10.1318 0.1163 0.4665 0.3694 0.6886
Car 0 0 -2.72 104.5362 184.4641 411.7824 288.6696 1.5224 1.7046 4.3138 -5.7263 1.7199 11.7177 3.1086 0.4639 0.0329 0.4895
Car 0 0 -2.968 355.8413 179.3149 483.1473 230.349 1.5873 1.6249 3.735 -6.2448 1.8109 23.6463 3.057 0.4583 0.3144 0.3132
Car 0 0 -2.8877 318.6337 181.2895 475.7974 236.2836 1.5279 1.6555 4.0462 -6.1784 1.7786 21.1182 3.1109 0.4487 0.0199 0.3576
Car 0 0 -2.3568 1.0 198.2098 155.7848 360.6677 1.4379 1.5782 3.9101 -6.8033 1.7239 7.1327 -3.1185 0.4363 0.4361 0.7484
Car 0 0 0.5825 173.155 177.5138 416.2978 271.7541 1.4877 1.5343 3.6369 -5.5888 1.5899 12.9348 0.1747 0.4332 0.3347 0.2998
Car 0 0 -1.5582 638.62 178.8379 668.1075 204.5992 1.4786 1.6667 4.2586 2.6532 1.8596 44.5453 -1.4987 0.4117 0.4966 0.03
Car 0 0 -3.0439 441.3284 179.8078 543.0714 212.1086 1.4575 1.6743 4.2584 -5.4724 1.7842 33.6074 3.0779 0.3773 0.1241 0.0
Car 0 0 -1.7176 696.9344 177.2207 740.411 214.1133 1.6603 1.6622 3.6066 5.113 1.8765 34.6441 -1.571 0.3714 0.0714 0.273
Car 0 0 2.9809 246.2862 178.2857 439.555 252.7624 1.5154 1.6433 4.1559 -5.8991 1.6493 16.4194 2.636 0.3433 0.0184 0.3753
Car 0 0 -2.8211 275.917 179.7093 459.3498 240.7164 1.4645 1.6173 3.953 -6.0751 1.6491 18.3096 -3.1415 0.3318 0.0518 0.1286
Car 0 0 -0.3792 697.8782 178.7486 776.2158 214.1648 1.5596 1.6174 3.6787 5.8777 1.8484 33.7258 -0.2066 0.3052 0.0684 0.0993