Car 0 0 -1.8954999446868896 726.5374145507812 197.6085968017578 916.06201171875 332.53369140625 1.4551000595092773 1.5180000066757202 3.2669999599456787 2.6242001056671143 1.8206000328063965 9.907999992370605 -1.6366000175476074 0.8841999769210815 0.8378000259399414 0.5676000118255615
Car 0 0 1.770900011062622 364.7174072265625 200.0637969970703 485.57379150390625 285.72198486328125 1.4747999906539917 1.6523000001907349 4.172900199890137 -3.9156999588012695 2.137399911880493 15.766400337219238 1.527400016784668 0.8695999979972839 0.8411999940872192 0.7885000109672546
Car 0 0 -1.7928999662399292 675.5614013671875 196.48410034179688 789.4600219726562 286.02850341796875 1.5013999938964844 1.5853999853134155 3.7267000675201416 2.3066999912261963 2.023099899291992 14.681300163269043 -1.6369999647140503 0.8343999981880188 0.8256999850273132 0.7996000051498413
Car 0 0 1.7903000116348267 429.72821044921875 198.12109375 509.77099609375 258.1163024902344 1.4882999658584595 1.5607000589370728 3.748300075531006 -4.156000137329102 2.319000005722046 21.68090057373047 1.6009000539779663 0.7479000091552734 0.7376999855041504 0.7358999848365784
Car 0 0 -1.7060999870300293 650.0863037109375 193.32659912109375 726.932373046875 255.1092071533203 1.4732999801635742 1.6002999544143677 3.828000068664551 2.069999933242798 2.101099967956543 20.38050079345703 -1.6047999858856201 0.7473000288009644 0.7448999881744385 0.5785999894142151
Car 0 0 1.6894999742507935 480.0567932128906 198.97560119628906 526.6685791015625 235.3885955810547 1.4473999738693237 1.6252000331878662 4.090799808502197 -4.7683000564575195 2.6637001037597656 32.38750076293945 1.5434000492095947 0.5741999745368958 0.7336999773979187 0.7203999757766724
Car 0 0 -1.6948000192642212 637.462890625 192.28790283203125 689.1375122070312 235.32589721679688 1.5616999864578247 1.5989999771118164 3.4453999996185303 2.0251998901367188 2.387399911880493 29.170700073242188 -1.6253999471664429 0.5105999708175659 0.6098999977111816 0.0
Car 0 0 -1.7000999450683594 644.3831787109375 193.67039489746094 707.3021850585938 242.63009643554688 1.4593000411987305 1.5936000347137451 3.808300018310547 2.0982000827789307 2.2012999057769775 24.524799346923828 -1.614799976348877 0.4431999921798706 0.005499999970197678 0.08110000193119049
Car 0 0 -1.6239999532699585 614.7658081054688 192.360595703125 642.4937744140625 216.3070068359375 1.4706000089645386 1.628000020980835 3.595400094985962 1.19159996509552 2.8057000637054443 48.21189880371094 -1.5993000268936157 0.3285999894142151 0.02419999986886978 0.0
Car 0 0 -2.3208999633789062 948.52490234375 203.09530639648438 1243.067626953125 372.0 1.4342999458312988 1.541100025177002 3.596400022506714 2.4814000129699707 1.6575000286102295 2.9809000492095947 -1.6267000436782837 0.30820000171661377 7.0 0.30219998955726624
Car 0 0 -2.308500051498413 909.0847778320312 194.68370056152344 1189.0 372.0 1.460800051689148 1.611799955368042 3.5064001083374023 2.4737000465393066 1.6516000032424927 3.0529000759124756 -1.6275999546051025 0.3061000108718872 4.0 0.30959999561309814