Pedestrian 0 0 2.9784 375.3033 160.9984 421.1675 247.5865 1.7567 0.5689 0.7423 -4.253 1.3407 14.9017 2.7004 0.6572 0.3418 0.0
Pedestrian 0 0 1.8097 268.4776 156.6001 341.8812 330.3096 1.796 0.6536 0.7802 -3.2884 1.5299 7.8946 1.415 0.5294 0.0823 0.0
Pedestrian 0 0 1.8167 256.1854 155.4843 350.5884 356.1364 1.7828 0.6095 0.6482 -2.8294 1.5458 6.7653 1.4206 0.4881 0.0067 0.0
Cyclist 0 0 1.7902 506.0238 169.4561 539.4449 232.0273 1.7237 0.5753 1.8222 -2.2581 1.3944 20.5342 1.6807 0.4686 0.014 0.0
Car 0 0 -1.8254 745.9057 180.535 944.8551 318.0697 1.4846 1.6365 4.0831 3.0414 1.4915 10.0258 -1.5309 0.4541 0.233 0.0
Pedestrian 0 0 1.6598 512.3704 174.6701 539.726 232.1524 1.6352 0.5828 0.7662 -2.2207 1.4308 20.8483 1.5537 0.4354 0.0714 0.0
Pedestrian 0 0 -2.0161 649.5677 172.3903 674.4505 224.4911 1.6083 0.5552 0.7642 1.8571 1.3185 22.4489 -1.9336 0.3909 0.0002 0.091
Pedestrian 0 0 1.9581 645.0042 165.9864 672.1607 225.5205 1.672 0.5727 0.7368 1.6127 1.2252 20.5355 2.0364 0.3849 0.0339 0.0
Pedestrian 0 0 1.547 625.8736 163.8306 645.6226 213.0674 1.7739 0.6219 0.7783 1.2381 1.1328 26.3744 1.5939 0.3801 0.0969 0.0
Pedestrian 0 0 1.645 509.9289 170.0905 534.7223 230.7526 1.6722 0.5464 0.7235 -2.2436 1.3581 20.1557 1.5341 0.3784 0.0844 0.0021
Pedestrian 0 0 -2.2017 1095.8419 151.3164 1216.2528 366.0138 1.717 0.6504 0.7139 4.6135 1.4791 6.0602 -1.551 0.3617 0.164 0.0576
Pedestrian 0 0 -1.5677 1102.9582 148.9889 1177.17 354.2512 1.647 0.5752 0.7033 4.5115 1.4038 5.9679 -0.9204 0.3462 0.0714 0.139
Pedestrian 0 0 -2.8104 63.4916 133.3232 125.1262 241.3648 1.7853 0.6 0.7184 -8.6421 0.9866 12.1988 2.8564 0.3053 0.0714 0.0
Pedestrian 0 0 0.3449 143.3184 149.4867 238.1918 282.633 1.8592 0.6592 0.8863 -6.0637 1.4146 10.5224 -0.1779 0.284 0.0038 0.0
Pedestrian 0 0 -1.7268 563.9104 170.7274 585.8476 218.5722 1.7353 0.6464 0.7471 -1.0191 1.3307 26.7299 -1.7649 0.2723 0.0714 0.0