Car 0 0 -2.0134999752044678 839.8934936523438 181.5500946044922 1168.0977783203125 369.82000732421875 1.503100037574768 1.5490000247955322 3.5 3.656399965286255 1.61899995803833 7.5594000816345215 -1.5628999471664429 0.9017999768257141 0.8648999929428101 0.8363000154495239
Car 0 0 -1.885599970817566 742.6026000976562 177.89089965820312 906.9578857421875 279.7257995605469 1.5080000162124634 1.6110999584197998 3.9377999305725098 3.5541000366210938 1.61080002784729 12.847800254821777 -1.6158000230789185 0.887499988079071 0.8762000203132629 0.8835999965667725
Car 0 0 1.8902000188827515 234.6905975341797 190.59739685058594 417.6011962890625 299.6831970214844 1.5348000526428223 1.667199969291687 4.201000213623047 -4.8734002113342285 1.9003000259399414 12.961199760437012 1.5305999517440796 0.8779000043869019 0.8373000025749207 0.6492000222206116
Car 0 0 1.8241000175476074 359.7593994140625 186.76559448242188 471.04840087890625 253.71319580078125 1.42739999294281 1.6676000356674194 4.362800121307373 -4.850900173187256 1.8143999576568604 18.340700149536133 1.565500020980835 0.8508999943733215 0.8636999726295471 0.73580002784729
Car 0 0 -1.7592999935150146 716.9674072265625 178.0124053955078 808.1298217773438 245.83070373535156 1.5260000228881836 1.5980000495910645 3.925600051879883 3.7239999771118164 1.6658999919891357 18.42930030822754 -1.5599000453948975 0.8170999884605408 0.8497999906539917 0.6854000091552734
Car 0 0 2.1328999996185303 0.0 199.5821990966797 306.0365905761719 377.62420654296875 1.4391000270843506 1.5780999660491943 3.767699956893921 -4.782299995422363 1.7720999717712402 7.0858001708984375 1.5392999649047852 0.7930999994277954 0.8511999845504761 0.8608999848365784
Car 0 0 1.7347999811172485 494.90008544921875 179.09339904785156 542.4669799804688 213.90660095214844 1.5268000364303589 1.600000023841858 3.8089001178741455 -4.328100204467773 1.8466999530792236 34.334999084472656 1.6094000339508057 0.6791999936103821 0.7976999878883362 0.6341000199317932
Car 0 0 -1.7092000246047974 698.486572265625 177.32919311523438 764.6456298828125 226.84500122070312 1.4785000085830688 1.5845999717712402 3.6410999298095703 3.8680999279022217 1.6390000581741333 23.725099563598633 -1.5475000143051147 0.6651999950408936 0.6367999911308289 0.6974999904632568
Car 0 0 -1.7186000347137451 692.30517578125 177.58779907226562 745.7647705078125 219.41720581054688 1.5577000379562378 1.5988999605178833 3.9182000160217285 4.326099872589111 1.7725000381469727 29.42959976196289 -1.572700023651123 0.5942999720573425 0.6567000150680542 0.609000027179718
Car 0 0 1.7892999649047852 514.2360229492188 178.7886962890625 558.2720947265625 208.72549438476562 1.511299967765808 1.6198999881744385 3.8838999271392822 -3.9821999073028564 1.851199984550476 39.05690002441406 1.6877000331878662 0.34310001134872437 0.1168999969959259 0.0
Car 0 0 -2.3076000213623047 1097.8697509765625 172.75259399414062 1238.6458740234375 222.80490112304688 1.4673999547958374 1.6117000579833984 3.666599988937378 17.60110092163086 1.4802000522613525 22.960399627685547 -1.6535999774932861 0.28529998660087585 0.056699998676776886 0.0