Car 0 0 -1.894 710.2154 181.7931 890.9322 294.5967 1.4849 1.6335 4.2231 2.8346 1.6554 11.9132 -1.6604 0.8903 0.8645 0.6837
Car 0 0 -1.722 681.7685 178.3615 748.8648 227.3368 1.4227 1.533 3.8059 3.2243 1.6106 23.1703 -1.5838 0.7381 0.7574 0.51
Car 0 0 0.4502 213.8512 186.8947 445.5964 257.0546 1.3809 1.6395 4.3386 -6.0296 1.698 15.5762 0.0809 0.7287 0.5873 0.6507
Car 0 0 0.6297 0.0 177.3565 320.6998 316.2061 1.5207 1.6675 4.2036 -6.295 1.6173 9.2119 0.0302 0.6621 0.4953 0.419
Car 0 0 -1.6024 652.5818 169.4533 686.2584 201.7462 1.6367 1.6062 3.6235 3.117 1.4653 38.616 -1.5218 0.5006 0.4783 0.0935
Car 0 0 -2.8108 270.3553 177.7001 448.196 250.6366 1.5935 1.6347 3.8016 -5.7917 1.7076 16.8615 3.1415 0.4803 0.0332 0.1705
Car 0 0 -2.411 1.0 187.7969 259.8548 368.2073 1.5512 1.7072 4.2568 -6.3599 1.7145 6.9511 3.1312 0.4797 0.4854 0.5511
Car 0 0 -2.8623 437.0017 174.896 539.4878 210.3663 1.4854 1.6631 4.0428 -5.3487 1.5727 31.529 -3.0304 0.474 0.0309 0.0
Car 0 0 -2.9661 452.118 169.5654 548.2638 206.1154 1.6606 1.6813 4.2133 -5.1612 1.5071 33.8312 -3.1175 0.4548 0.0106 0.0
Car 0 0 0.6887 20.6796 181.7331 284.0089 292.9136 1.5351 1.6412 4.0496 -7.4754 1.697 11.3171 0.105 0.3997 0.0714 0.0307
Car 0 0 -1.586 641.8706 171.4147 663.769 190.8839 1.5476 1.5963 3.6816 3.4896 1.434 59.386 -1.5273 0.3403 0.0714 0.0
Car 0 0 -2.7611 426.7505 178.8943 526.3718 214.5608 1.4284 1.5946 3.6975 -5.6542 1.6886 30.4368 -2.9447 0.3362 0.0714 0.0
Car 0 0 -2.9547 419.2116 180.1874 515.3972 220.2248 1.5002 1.5978 3.4765 -5.5332 1.7826 28.0062 3.1334 0.335 0.03 0.0
Car 0 0 -2.6363 311.1432 170.4416 457.0086 231.8108 1.7462 1.6827 3.9221 -6.827 1.6843 21.7311 -2.9406 0.321 0.0041 0.1066
Car 0 0 -2.7005 328.2898 169.5135 439.1472 223.3492 1.9161 1.7837 3.7324 -8.375 1.8171 26.7195 -3.0043 0.3103 0.0714 0.0
Car 0 0 -2.8506 472.1711 172.0766 553.2453 203.722 1.5512 1.6589 4.0328 -5.0119 1.5163 36.9639 -2.9854 0.2983 0.0121 0.2796
Car 0 0 3.0586 175.5204 186.4417 408.8558 261.3526 1.3943 1.6222 4.3003 -6.5156 1.6869 15.0946 2.6511 0.2859 0.0714 0.416