Car 0 0 -1.8374 736.2013 190.2679 901.5105 310.7662 1.427 1.5902 3.7053 2.8986 1.7317 10.9356 -1.5783 0.8564 0.8366 0.712
Car 0 0 -0.4477 781.2986 172.2221 1017.567 256.5743 1.6445 1.7281 4.4019 5.9658 1.6482 15.316 -0.0762 0.6063 0.4954 0.536
Car 0 0 -0.3293 697.5826 175.8021 809.5088 219.0724 1.5892 1.6376 3.878 5.4756 1.7089 27.894 -0.1355 0.5151 0.1884 0.1681
Car 0 0 -2.849 315.3894 178.5953 464.9222 232.111 1.5101 1.6356 3.9739 -6.4763 1.6793 21.3618 3.1398 0.5064 0.2659 0.2468
Car 0 0 0.7489 65.339 174.6138 360.1217 293.3321 1.568 1.6299 3.5745 -6.0268 1.6087 10.8597 0.2422 0.5006 0.4058 0.6429
Car 0 0 -2.835 346.6388 176.4732 483.5012 228.146 1.6371 1.6722 4.1512 -6.4665 1.7645 24.0351 -3.0979 0.4963 0.3058 0.257
Car 0 0 -3.0075 429.605 178.9603 530.9616 213.5513 1.4797 1.6457 4.1118 -5.7075 1.752 31.7659 3.0979 0.4837 0.2083 0.0
Car 0 0 -2.6971 265.865 180.4118 448.597 246.3983 1.5048 1.5921 4.1325 -6.1414 1.6965 17.6423 -3.0321 0.4824 0.4948 0.5983
Car 0 0 -1.6596 635.1434 177.6488 665.93 205.1107 1.5372 1.5824 3.6825 2.3271 1.8298 42.7523 -1.6052 0.4132 0.4747 0.2658
Car 0 0 0.7063 108.9201 176.115 396.4732 283.6395 1.5527 1.6662 4.2115 -5.9039 1.618 11.9468 0.2473 0.3711 0.142 0.1921
Car 0 0 2.321 733.5432 181.4723 843.5703 229.057 1.4562 1.595 4.0224 5.8756 1.7485 23.8749 2.5624 0.371 0.0677 0.0
Car 0 0 -2.2739 737.3078 180.596 854.6204 241.2624 1.4665 1.5333 3.3625 4.8502 1.68 19.3469 -2.0282 0.3447 0.0714 0.0
Car 0 0 0.6746 15.554 184.0595 340.1129 349.188 1.4743 1.6275 4.0257 -5.6977 1.6623 8.0041 0.0559 0.3348 0.0038 0.6255
Car 0 0 -2.784 399.3404 178.818 520.231 215.6523 1.4344 1.6735 4.2506 -5.9725 1.6785 28.762 -2.9888 0.3275 0.0714 0.1044
Car 0 0 -1.7613 745.5654 176.1126 866.7494 265.5148 1.5843 1.5531 3.2146 3.8551 1.6774 14.7735 -1.506 0.3195 0.0714 0.044
Car 0 0 -2.948 190.413 181.6835 405.1262 255.2004 1.424 1.5715 3.817 -6.3505 1.5998 14.8866 2.9319 0.3008 0.0892 0.3299
Car 0 0 -0.0516 704.6566 172.941 798.5879 213.1032 1.7276 1.6781 4.0113 6.2373 1.7501 32.5475 0.1378 0.2747 0.0714 0.1051