Pedestrian 0 0 1.6419 397.1334 163.4514 454.2623 295.9869 1.7559 0.6892 0.8524 -2.4795 1.5111 10.0008 1.3988 0.8303 0.6463 0.6607
Pedestrian 0 0 -1.6861 578.0552 164.4247 628.2416 285.052 1.6988 0.6149 0.7851 -0.0269 1.4595 10.6491 -1.6886 0.7111 0.6781 0.2852
Cyclist 0 0 1.7425 471.6706 168.4779 525.2256 274.7692 1.7031 0.5683 1.6715 -1.7852 1.4932 12.2271 1.5975 0.6992 0.5861 0.6795
Pedestrian 0 0 1.1784 768.9694 135.8973 879.3118 344.0333 1.9098 0.6758 0.9544 2.1426 1.4809 7.125 1.4705 0.6314 0.0608 0.0
Pedestrian 0 0 -1.6136 522.3584 168.607 546.1022 222.3845 1.7753 0.6259 0.8726 -2.2961 1.3313 24.1702 -1.7083 0.6072 0.0541 0.3555
Pedestrian 0 0 -2.0298 912.1019 147.1329 995.2879 312.1698 1.7703 0.5788 0.7841 3.8836 1.399 8.0923 -1.5824 0.5807 0.0515 0.0975
Cyclist 0 0 0.9726 743.3982 143.6407 896.82 355.3644 1.8241 0.5882 1.7908 1.9518 1.4844 6.7265 1.255 0.5721 0.0691 0.0
Pedestrian 0 0 -1.53 551.2586 171.0341 574.0024 225.539 1.662 0.5948 0.8066 -1.2442 1.3331 22.3396 -1.5856 0.5696 0.2073 0.276
Pedestrian 0 0 -1.5155 582.5122 165.777 621.5113 267.4357 1.6717 0.6034 0.7547 -0.0328 1.413 12.3341 -1.5182 0.554 0.0714 0.0
Pedestrian 0 0 1.24 785.5635 144.4531 863.4832 298.1196 1.9543 0.6715 0.8841 2.9225 1.478 9.6479 1.5342 0.4821 0.0 0.1119
Cyclist 0 0 2.7058 74.3729 163.3926 261.9606 364.9308 1.6897 0.5854 1.8358 -3.8005 1.5728 6.1383 2.1515 0.457 0.0148 0.0
Pedestrian 0 0 -1.5091 573.0036 171.5478 593.5232 225.597 1.7051 0.6068 0.7345 -0.6217 1.3902 23.1692 -1.5359 0.4066 0.0414 0.0037
Pedestrian 0 0 1.9704 272.7689 193.1529 314.2269 280.6513 1.4763 0.5216 0.5171 -5.5388 1.7075 12.8634 1.5639 0.3863 0.0 0.0
Cyclist 0 0 -1.7495 521.5127 168.0998 546.4886 223.7456 1.7478 0.5398 1.8233 -2.2383 1.3076 23.3596 -1.845 0.3576 0.0318 0.0
Pedestrian 0 0 2.6143 87.9565 159.8988 225.513 355.2004 1.6736 0.5823 0.8673 -4.1384 1.4899 6.6929 2.0605 0.3456 0.0034 0.0
Pedestrian 0 0 -1.1597 575.5412 169.2855 598.5572 222.4206 1.7517 0.6161 0.7583 -0.5137 1.3505 24.029 -1.1811 0.3289 0.0012 0.0
Pedestrian 0 0 0.8296 326.5168 189.3932 391.1732 287.493 1.6094 0.6549 0.793 -4.2494 1.7503 12.4788 0.5014 0.3203 0.0443 0.0
Cyclist 0 0 1.364 772.1794 136.8852 874.0384 325.9747 1.924 0.6162 1.9676 2.4563 1.4712 8.1242 1.6576 0.3126 0.0714 0.0
Pedestrian 0 0 -1.1612 656.0905 165.4412 678.1591 215.9758 1.9098 0.645 0.8679 2.5372 1.2866 28.0023 -1.0708 0.2901 0.0714 0.0
Cyclist 0 0 1.8092 388.7012 162.4388 453.1029 298.5381 1.7431 0.6094 1.8166 -2.5032 1.4967 9.8861 1.5612 0.2754 0.0714 0.0