Car 0 0 -1.698 632.4104 177.9102 696.6722 228.4841 1.4703 1.5979 3.9075 1.646 1.66 23.5538 -1.6283 0.7737 0.8288 0.5573
Cyclist 0 0 1.7961 402.1266 178.9012 458.0106 274.9936 1.5893 0.5224 1.8235 -3.2966 1.7315 13.1936 1.5513 0.7242 0.6041 0.8016
Car 0 0 -0.5824 868.7793 190.7597 1256.8372 333.6206 1.4492 1.681 4.0791 5.4617 1.6875 8.7519 -0.0244 0.7216 0.7589 0.8765
Car 0 0 -1.899 828.8456 168.9147 1005.7325 295.2567 1.6377 1.5491 3.5807 4.4611 1.6046 11.0528 -1.5154 0.5036 0.0714 0.2513
Car 0 0 -0.7181 841.9061 165.5718 1107.7559 301.376 1.7876 1.6451 3.6246 5.3236 1.7164 10.8023 -0.2602 0.4953 0.4465 0.586
Car 0 0 -1.6607 615.1412 176.2848 653.5893 207.2851 1.5097 1.5891 3.8419 1.1761 1.6856 37.2496 -1.6291 0.4924 0.694 0.2301
Car 0 0 -2.7866 204.0419 184.719 423.5998 253.3066 1.393 1.6511 4.5291 -6.5175 1.6544 16.1172 3.1123 0.4643 0.1342 0.0
Car 0 0 -2.7377 225.2538 185.3109 402.3179 243.95 1.4207 1.638 3.965 -7.7025 1.7552 18.8564 -3.1255 0.399 0.0046 0.4726
Car 0 0 -2.477 424.6697 180.9157 498.055 210.7452 1.4459 1.5886 3.7273 -7.6715 1.8711 36.9995 -2.6814 0.3909 0.0557 0.0838
Car 0 0 2.1952 1029.8187 164.5596 1241.0 366.4904 1.6905 1.7205 4.3038 5.2984 1.591 5.1671 2.9932 0.3721 0.0714 0.3461
Car 0 0 1.0727 1.0 145.5389 211.3342 357.3336 1.7701 1.7144 4.3953 -6.2573 1.5293 6.78 0.3273 0.3328 0.0134 0.3779
Car 0 0 0.9614 287.3076 182.0471 439.8051 239.9973 1.4548 1.6449 4.359 -7.0066 1.7376 20.4928 0.6319 0.3154 0.0507 0.3794
Car 0 0 0.9351 274.4954 180.7471 451.046 252.7018 1.4547 1.6508 4.3315 -6.0194 1.6703 17.2926 0.6001 0.2899 0.0714 0.1983
Car 0 0 -2.9361 461.2568 176.736 524.426 199.4802 1.4933 1.6092 3.95 -7.8892 1.7563 48.429 -3.0976 0.2895 0.0317 0.0