Car 0 0 -1.9073 734.8562 194.3782 965.8339 342.9488 1.4261 1.6149 4.0557 2.7471 1.7465 9.412 -1.6234 0.9025 0.8642 0.8119
Car 0 0 1.8888 237.421 206.2754 460.9757 344.4043 1.3984 1.6197 4.1365 -3.4661 1.9596 10.3772 1.5664 0.8836 0.8665 0.7815
Car 0 0 -1.7865 706.935 190.8906 822.2005 273.9828 1.4766 1.5946 3.8142 3.0564 1.8891 15.2592 -1.5888 0.8224 0.8047 0.7167
Car 0 0 1.7532 437.6313 195.2776 525.3838 258.1715 1.498 1.6763 4.2331 -3.6619 2.2115 20.9401 1.5801 0.7993 0.7715 0.7948
Car 0 0 1.7744 380.5822 199.4825 488.8394 280.721 1.5327 1.5887 3.7808 -3.8836 2.1845 16.4046 1.5419 0.7479 0.6631 0.7349
Car 0 0 -1.6848 687.8344 188.0993 760.0171 247.4809 1.5288 1.6322 3.9433 3.2088 2.0115 21.3503 -1.5356 0.7248 0.7305 0.7677
Car 0 0 2.1282 0.0 204.7979 354.1387 376.1286 1.5123 1.6385 3.9143 -3.1717 1.8119 4.5631 1.5208 0.5105 0.6954 0.5502
Car 0 0 -1.6989 643.8376 188.7096 680.9978 218.4126 1.471 1.594 3.6733 2.8064 2.3748 39.6647 -1.6283 0.4271 0.3903 0.0465
Car 0 0 -2.1761 832.5024 196.6753 1249.0763 375.7365 1.4673 1.5427 3.6331 2.4404 1.6933 3.3522 -1.5468 0.39 21.0 0.5815
Car 0 0 -2.3399 885.0836 189.8704 1181.0 373.3152 1.4553 1.6057 3.6773 2.4514 1.6257 3.0906 -1.6693 0.3586 1.0 0.5362
Car 0 0 -1.6825 601.8028 189.4222 627.8318 210.9638 1.4708 1.561 3.4117 0.2784 2.7369 53.617 -1.6773 0.2822 0.0024 0.0
Car 0 0 -2.227 923.6957 192.9082 1269.7273 367.2781 1.505 1.5896 3.8252 2.4975 1.6303 3.3221 -1.5823 0.2755 5.0 0.6435