Pedestrian 0 0 1.8638 345.6719 175.196 429.716 327.9588 1.638 0.6484 0.8349 -2.4774 1.5732 8.2854 1.5732 0.6175 0.2324 0.0
Pedestrian 0 0 0.6613 16.1224 172.1111 159.5458 379.2141 1.5793 0.6036 0.751 -3.6415 1.5227 4.9707 0.029 0.5935 0.3067 0.5666
Pedestrian 0 0 1.7889 538.4905 157.0058 568.929 226.2769 1.8207 0.6237 0.8177 -1.3075 1.1716 19.3416 1.7214 0.5832 0.4238 0.7341
Cyclist 0 0 1.8706 341.3256 177.0985 446.446 337.3798 1.6423 0.5743 1.6827 -2.364 1.6078 8.1804 1.5893 0.5426 0.1118 0.4956
Pedestrian 0 0 -1.4874 573.1189 157.2835 608.7436 239.9918 1.7909 0.6597 0.8881 -0.2664 1.2657 16.1693 -1.5038 0.5108 0.2275 0.5528
Cyclist 0 0 0.0931 693.4372 150.0833 769.7646 256.526 1.8855 0.5842 1.9882 2.3787 1.3332 13.3847 0.269 0.5049 0.02 0.0
Pedestrian 0 0 -1.6676 819.7184 151.8404 858.4213 256.2419 1.7403 0.6114 0.7133 4.0662 1.239 12.4303 -1.3515 0.4879 0.1095 0.2046
Pedestrian 0 0 -1.1112 1054.8556 138.9744 1150.3894 313.5138 1.804 0.5793 0.7007 5.3671 1.3536 7.7608 -0.5061 0.3445 0.0757 0.0
Pedestrian 0 0 -2.1022 1046.7102 131.1699 1173.8174 360.6031 1.8057 0.5873 0.7586 4.0033 1.4217 5.7218 -1.4917 0.343 0.0714 0.0
Pedestrian 0 0 -1.3052 613.4247 158.574 634.1362 207.6088 1.8198 0.6501 0.8181 0.8313 0.958 27.2026 -1.2746 0.3244 0.0714 0.0
Cyclist 0 0 1.9204 471.901 168.4425 516.0152 239.0661 1.6853 0.5733 1.8029 -2.704 1.3661 17.9519 1.7709 0.3238 0.0499 0.0
Pedestrian 0 0 -1.5468 617.4496 164.7665 636.2031 207.6362 1.7215 0.5867 0.9032 1.016 1.0359 29.266 -1.5121 0.3181 0.0714 0.0
Cyclist 0 0 1.1407 703.0133 147.0568 762.4758 244.1771 1.9046 0.6061 1.8515 2.6662 1.2211 15.0252 1.3163 0.2779 0.0069 0.0
Cyclist 0 0 -1.871 1036.4011 130.6371 1179.6222 366.954 1.8683 0.5674 1.6706 4.2102 1.462 6.1107 -1.2677 0.2775 0.0714 0.0
Pedestrian 0 0 -1.4682 601.5053 162.8749 621.8018 209.2153 1.799 0.6238 0.9334 0.3863 1.0645 28.707 -1.4548 0.2765 0.0 0.0