Car 0 0 -1.8268 714.8885 167.6825 872.4181 290.4514 1.662 1.5938 3.5963 2.7044 1.5903 11.6405 -1.5985 0.8757 0.8213 0.8457
Car 0 0 -1.6725 662.5659 176.6051 718.6132 221.3354 1.4671 1.6288 3.8141 2.7748 1.6162 25.9562 -1.566 0.7152 0.7126 0.5493
Car 0 0 0.7136 9.1091 176.3603 354.9387 303.8504 1.4906 1.6838 4.2406 -5.8774 1.5512 9.7973 0.1732 0.7016 0.6262 0.4693
Car 0 0 -2.8839 328.2838 173.6904 486.623 228.7722 1.4808 1.6524 4.0714 -5.712 1.5086 20.3502 3.1256 0.5268 0.179 0.4621
Car 0 0 -2.647 400.139 172.5115 506.8212 213.4474 1.4852 1.6298 3.9631 -6.0511 1.4756 27.5848 -2.8629 0.5065 0.2813 0.5987
Car 0 0 -2.9465 355.9562 176.2535 495.6674 224.3594 1.466 1.6109 4.2536 -5.7701 1.5573 22.805 3.0888 0.4116 0.0714 0.6311
Car 0 0 -2.9358 379.0244 173.1586 500.064 219.1668 1.5269 1.6183 3.9472 -5.8407 1.5455 24.7417 3.1155 0.3827 0.0714 0.3661
Car 0 0 -2.9339 413.5641 171.3755 514.5758 207.5487 1.5562 1.6317 4.1015 -6.5469 1.5045 32.3348 -3.1337 0.373 0.0259 0.0
Car 0 0 -1.5397 625.5728 173.2905 648.688 192.9705 1.5262 1.6264 3.8349 2.1575 1.571 57.4823 -1.5022 0.3577 0.2214 0.2846
Car 0 0 2.9704 177.6224 162.7438 393.2383 269.6456 1.8232 1.5932 3.6827 -6.2515 1.6752 14.0978 2.553 0.3334 0.0255 0.1686
Car 0 0 -1.699 670.5592 169.8681 714.7974 207.0781 1.67 1.6759 3.4577 3.892 1.5532 34.7758 -1.5875 0.2713 0.0107 0.0
Car 0 0 -2.4703 976.4235 192.0176 1241.0 382.5342 1.5907 1.5981 3.9152 2.6952 1.6829 2.5605 -1.6592 0.2663 3.0 0.7532
Car 0 0 -1.8854 696.8975 169.9909 783.9629 226.6766 1.6074 1.6176 3.6489 3.8651 1.5224 22.2417 -1.7133 0.2615 0.0714 0.015