Car 0 0 2.0473 12.3728 198.0927 310.0357 346.6006 1.4267 1.6306 4.0326 -5.6732 1.8299 9.6332 1.5151 0.8724 0.856 0.7533
Car 0 0 1.2821 730.0162 180.0667 873.1515 271.9752 1.4506 1.5768 3.6956 3.3821 1.606 13.5671 1.5264 0.8707 0.8611 0.8315
Car 0 0 1.9146 332.7225 183.8392 449.2669 250.0257 1.4787 1.6013 4.0322 -5.667 1.8015 19.0132 1.6249 0.8385 0.7958 0.8654
Car 0 0 -1.7642 693.5395 176.7711 782.0824 239.0472 1.4766 1.5977 3.8185 3.235 1.5902 19.1555 -1.5968 0.827 0.8592 0.8654
Car 0 0 1.735 463.627 176.3614 512.208 211.0988 1.562 1.6721 4.0953 -5.8954 1.7498 35.0703 1.5685 0.6566 0.6871 0.3854
Car 0 0 -1.7088 667.6384 174.9712 720.7011 217.32 1.5155 1.5765 3.5071 3.1367 1.5987 27.7787 -1.5963 0.6132 0.3985 0.8479
Car 0 0 1.7902 481.175 177.951 526.7199 207.2024 1.4883 1.6928 4.4782 -5.8529 1.7941 40.0408 1.645 0.464 0.0884 0.3818
Car 0 0 1.6096 659.4092 174.8964 711.7574 214.7734 1.5112 1.6535 4.0736 3.0683 1.5968 29.6657 1.7126 0.3872 0.0314 0.2721
Car 0 0 -2.2892 952.2963 171.0932 1241.0 369.9241 1.5568 1.6154 3.8201 3.2495 1.6081 3.6674 -1.5642 0.3807 15.0 0.8426
Car 0 0 0.7319 95.0315 185.2828 247.3292 242.678 1.4898 1.5842 3.7989 -12.5616 1.8633 20.6372 0.1851 0.3483 0.0714 0.0
Car 0 0 1.2463 870.7791 185.3 1086.6759 328.4684 1.5082 1.6015 3.7016 4.6983 1.7161 9.7762 1.6943 0.2608 0.0714 0.0013