Car 0 0 -1.6947 631.2332 179.2579 687.2224 223.462 1.4612 1.5854 3.8219 1.682 1.7107 26.3391 -1.6309 0.8028 0.8231 0.553
Car 0 0 2.4662 901.9344 186.393 1241.8904 327.2876 1.4389 1.6085 3.7003 5.5203 1.6302 8.764 3.0283 0.7914 0.6871 0.7572
Car 0 0 -0.4521 810.2649 189.2349 1111.0342 291.5232 1.4701 1.6771 3.9978 5.4053 1.752 11.612 -0.0165 0.647 0.7336 0.8339
Cyclist 0 0 -1.2019 450.0562 175.2644 487.1012 251.8712 1.6609 0.5485 1.7446 -3.2962 1.7252 16.5798 -1.3982 0.6302 0.5094 0.2369
Car 0 0 -2.8419 270.4358 182.222 436.6624 237.2852 1.4376 1.6363 4.1992 -7.126 1.6944 20.2103 3.1023 0.589 0.3068 0.1751
Car 0 0 0.6931 0.0 155.1876 300.1761 301.3157 1.7279 1.7022 4.2933 -6.5071 1.532 9.4478 0.09 0.5683 0.1762 0.2994
Car 0 0 -0.7613 791.4422 168.9462 1003.0266 272.8219 1.8006 1.6286 3.7921 5.6156 1.7498 14.2291 -0.3854 0.5667 0.1052 0.6496
Car 0 0 -1.8357 780.1314 167.5174 920.8777 270.4078 1.7329 1.6898 4.0256 4.5303 1.6483 14.3201 -1.5293 0.4675 0.0714 0.2513
Car 0 0 -1.6708 613.7868 176.2144 646.8268 203.4257 1.4909 1.5816 3.5292 1.0837 1.6933 41.4598 -1.6446 0.4443 0.6009 0.4763
Car 0 0 -2.3496 1.0 161.7242 246.7049 360.2533 1.667 1.6716 4.171 -6.3185 1.5758 6.9224 -3.0894 0.4278 0.5132 0.313
Car 0 0 0.534 327.3954 180.829 468.4896 229.764 1.4135 1.6106 4.2073 -6.8459 1.693 23.0616 0.2454 0.4122 0.0674 0.2804
Car 0 0 -0.9754 1060.2094 185.0828 1241.0 381.548 1.4683 1.6642 4.1547 5.9763 1.5541 6.1329 -0.2029 0.3426 0.0118 0.5285
Car 0 0 -0.5598 833.3778 171.6673 985.0129 239.8725 1.8733 1.7322 3.7265 8.5115 1.8404 20.9678 -0.1742 0.3199 0.0714 0.0
Car 0 0 -2.9243 385.6731 180.0908 486.5636 231.1964 1.4739 1.4386 3.2649 -5.5262 1.7108 22.797 3.121 0.2949 0.0714 0.0778
Car 0 0 3.048 447.104 179.3059 504.7124 208.0926 1.4508 1.5819 3.8343 -7.0916 1.7949 38.1034 2.864 0.2754 0.0043 0.0
Car 0 0 -3.0065 465.3939 176.11 528.4511 198.4459 1.4774 1.61 3.8778 -7.7949 1.7113 49.7213 3.1212 0.2607 0.0714 0.0