Pedestrian 0 0 2.0918 330.5996 175.2552 399.7826 317.0229 1.6241 0.6254 0.702 -2.8665 1.556 8.6271 1.771 0.8736 0.5792 0.0
Pedestrian 0 0 0.923 904.8961 168.4008 992.4661 316.1846 1.6662 0.5853 0.7823 4.0239 1.5115 8.4714 1.3664 0.8193 0.6095 0.3359
Pedestrian 0 0 1.5606 751.2542 171.0811 822.2036 332.1563 1.6233 0.6264 0.791 1.9418 1.5168 7.7277 1.8068 0.8142 0.5649 0.0647
Pedestrian 0 0 -1.7342 707.5432 175.49 761.9888 292.1878 1.5966 0.6008 0.8567 1.876 1.5161 10.3689 -1.5552 0.7376 0.5873 0.0976
Pedestrian 0 0 1.1586 962.7243 167.0917 1043.6405 315.7583 1.7067 0.628 0.7926 4.7562 1.5391 8.6006 1.6638 0.7283 0.3835 0.4004
Car 0 0 1.6788 548.0223 184.5771 596.9962 224.0216 1.4989 1.6437 3.9695 -1.1879 1.6671 30.5278 1.6399 0.7271 0.7826 0.6299
Cyclist 0 0 2.0264 206.5838 180.1537 317.5048 316.266 1.5625 0.5617 1.6573 -4.2955 1.563 9.1314 1.5867 0.5949 0.0747 0.0
Pedestrian 0 0 -1.4902 637.2786 171.2362 670.7064 252.3171 1.7747 0.6362 0.9129 1.1686 1.5479 16.4483 -1.4193 0.5782 0.5197 0.0
Pedestrian 0 0 1.8574 229.326 183.7317 305.7447 318.32 1.5406 0.6159 0.7193 -4.0891 1.5726 8.7754 1.4213 0.5582 0.0714 0.0
Pedestrian 0 0 0.4507 408.5953 180.5752 459.7014 285.4731 1.6409 0.5798 0.5292 -2.7235 1.6196 11.5585 0.2193 0.4962 0.0714 0.0
Pedestrian 0 0 2.8745 691.4787 173.478 730.4912 283.8928 1.6221 0.5246 0.62 1.6164 1.5109 10.9236 3.0214 0.4814 0.4013 0.1359
Cyclist 0 0 -1.3663 634.2646 171.8126 673.5088 253.6916 1.762 0.5901 2.0087 1.1519 1.5549 16.253 -1.2955 0.4201 0.0201 0.0
Cyclist 0 0 1.449 228.5524 182.9769 303.6416 311.9291 1.5537 0.5689 1.6503 -4.3736 1.5785 9.2906 1.009 0.4057 0.0529 0.0
Pedestrian 0 0 1.0041 950.4096 169.341 1064.3522 324.9712 1.6637 0.6395 0.8557 4.6001 1.543 8.3181 1.5093 0.3838 0.0714 0.6634
Pedestrian 0 0 -1.2964 790.8521 168.9684 824.1399 246.7162 1.7734 0.6732 0.8214 4.6941 1.4768 16.5545 -1.0201 0.3676 0.0679 0.6368
Cyclist 0 0 1.0057 950.3556 171.1901 1074.5752 331.9568 1.6376 0.5729 1.7674 4.4823 1.5432 8.0372 1.5144 0.3479 0.0714 0.0
Pedestrian 0 0 -1.9038 658.4964 176.4649 691.3312 255.7087 1.6678 0.5981 0.6716 1.5704 1.5621 15.8011 -1.8048 0.335 0.0503 0.0