Pedestrian 0 0 -2.4503 970.627 164.7713 1062.8164 327.751 1.6354 0.5653 0.6422 4.3273 1.4726 7.6065 -1.933 0.7134 0.4834 0.1882
Pedestrian 0 0 -2.9592 412.374 171.5087 448.204 243.4471 1.6347 0.5937 0.7776 -4.0283 1.4054 16.7849 3.0885 0.6063 0.2797 0.0
Pedestrian 0 0 1.5141 515.3104 178.613 539.8486 235.6882 1.6648 0.61 0.718 -2.2406 1.5696 21.4723 1.4102 0.4513 0.3108 0.2062
Pedestrian 0 0 -1.527 623.4024 172.737 646.1233 218.7443 1.7015 0.5986 0.8672 1.2283 1.3604 27.107 -1.4817 0.4141 0.0563 0.0
Pedestrian 0 0 -0.6912 297.4711 155.9614 347.761 251.123 1.7198 0.6082 0.7807 -5.2414 1.2599 13.4137 -1.0637 0.4057 0.0714 0.0
Car 0 0 -1.7526 726.4368 181.262 864.178 290.8954 1.4945 1.6195 3.8551 3.0068 1.5163 12.08 -1.5087 0.3693 0.0738 0.0
Cyclist 0 0 1.4249 625.8478 172.0621 645.5019 218.3591 1.6626 0.5824 1.8183 1.2331 1.3178 26.5099 1.4713 0.3581 0.0276 0.0
Pedestrian 0 0 -1.38 671.2251 173.8888 695.3462 224.8493 1.6564 0.6242 0.7824 2.6941 1.3995 23.8414 -1.2675 0.3531 0.0036 0.0955
Pedestrian 0 0 1.9182 370.3797 172.7107 425.7512 276.8644 1.61 0.5973 0.7511 -3.3187 1.4827 11.6092 1.6397 0.3502 0.1128 0.3029
Cyclist 0 0 -1.136 514.1452 174.2105 539.9036 233.8406 1.6687 0.5503 1.9129 -2.206 1.4729 21.0135 -1.2406 0.3449 0.0072 0.0
Pedestrian 0 0 2.3231 364.5545 167.8724 430.9579 306.3394 1.6093 0.5531 0.6049 -2.5435 1.4651 8.8496 2.0432 0.329 0.0555 0.0
Pedestrian 0 0 -2.9333 253.4227 153.4623 303.9814 246.7727 1.7057 0.599 0.7084 -6.0757 1.1881 13.4433 2.9254 0.2634 0.0714 0.0