Car 0 0 -1.7088 666.2437 173.2998 748.4859 234.9072 1.4759 1.6626 3.8492 2.4557 1.4937 19.2574 -1.5819 0.8366 0.8108 0.6967
Car 0 0 -1.0769 0.0 178.0971 432.6959 371.7298 1.552 1.6076 4.008 -2.6465 1.6307 4.8384 -1.5774 0.725 0.8325 0.6238
Car 0 0 -1.5829 519.1748 173.0827 560.3996 210.4086 1.5396 1.6543 4.0869 -3.1112 1.561 31.8911 -1.6801 0.6993 0.7851 0.647
Car 0 0 -1.6957 643.4062 173.6735 690.2591 210.4664 1.5085 1.5615 3.8207 2.3805 1.5427 31.5923 -1.6205 0.5618 0.7515 0.6143
Car 0 0 -1.3262 272.2362 179.0259 449.2188 316.457 1.4563 1.5391 3.038 -3.1636 1.5539 9.46 -1.6489 0.476 0.4395 0.5163
Pedestrian 0 0 -1.1346 220.4781 157.1451 275.9662 277.1182 1.7543 0.6427 0.6873 -5.4928 1.527 10.8687 -1.6026 0.4528 0.031 0.0
Pedestrian 0 0 -1.7701 212.8223 152.8007 283.2982 293.0802 1.7918 0.6304 0.6639 -4.9768 1.5439 9.8151 -2.2394 0.3375 0.0011 0.0
Pedestrian 0 0 -0.2472 267.7642 160.7963 327.3245 267.0729 1.722 0.5626 0.6244 -5.2966 1.5231 12.0909 -0.66 0.3146 0.0381 0.0716
Car 0 0 -1.7326 631.8572 171.6558 677.695 206.7381 1.5927 1.6227 3.9238 2.0433 1.5444 34.6822 -1.6738 0.3086 0.1071 0.0666
Car 0 0 -2.3633 895.683 176.259 1241.4183 371.6142 1.5206 1.6732 3.9486 2.6167 1.5785 3.16 -1.6717 0.2813 11.0 0.6975
Pedestrian 0 0 2.0199 255.2371 159.8411 306.8408 267.6462 1.7583 0.6015 0.5884 -5.6161 1.5382 12.1905 1.5882 0.2604 0.0714 0.0