Car 0 0 -1.7793 679.247 179.7788 783.6972 255.666 1.4877 1.5986 3.9957 2.597 1.665 16.5393 -1.6235 0.8517 0.8513 0.7616
Car 0 0 -0.7558 729.2564 179.2457 897.5379 243.1959 1.4596 1.585 4.0943 5.197 1.6523 18.607 -0.4834 0.6488 0.0546 0.0185
Car 0 0 0.733 0.0 175.8075 329.7948 320.6598 1.5945 1.6708 4.239 -6.0728 1.6492 9.1818 0.1486 0.6134 0.6439 0.6121
Car 0 0 -0.2034 747.8238 182.5201 891.4408 234.6082 1.4607 1.6136 3.7054 6.239 1.7705 21.8944 0.0742 0.5101 0.0792 0.6914
Car 0 0 0.9059 168.7714 172.9504 382.7508 268.2064 1.5799 1.6119 3.8875 -6.3987 1.6051 13.5855 0.4657 0.4218 0.0045 0.5445
Car 0 0 -2.6594 409.3734 178.0621 518.0486 214.2984 1.408 1.6105 4.0363 -5.967 1.6265 29.5718 -2.8585 0.4167 0.1485 0.0
Car 0 0 -2.9566 447.4236 171.7762 536.8814 206.1369 1.5616 1.6512 3.9166 -5.575 1.525 34.2228 -3.1181 0.3841 0.2093 0.0
Car 0 0 1.0963 217.9579 174.3009 373.9012 257.5348 1.5057 1.5454 3.4397 -6.3967 1.5445 14.6206 0.6839 0.3702 0.0175 0.2093
Car 0 0 -2.6919 363.8486 178.8341 499.3004 224.6354 1.4315 1.6501 4.2602 -5.9262 1.637 23.9584 -2.9343 0.3631 0.0121 0.0
Car 0 0 -1.553 630.1892 176.4327 650.1568 194.1792 1.4401 1.5764 3.7924 2.5216 1.7432 60.595 -1.5114 0.3574 0.314 0.6153
Car 0 0 -2.8986 289.8312 177.476 475.721 241.3352 1.5305 1.6822 4.3156 -5.8993 1.6638 18.7726 3.0801 0.3512 0.1387 0.4402
Car 0 0 -2.7439 382.9339 176.1948 511.7761 218.665 1.4693 1.6923 4.4052 -5.8947 1.5964 26.1946 -2.9653 0.3471 0.0044 0.0
Car 0 0 0.0374 668.9149 176.0577 725.8226 202.1113 1.5351 1.5769 3.6036 5.3992 1.7463 44.7926 0.1573 0.2717 0.0714 0.0
Car 0 0 -1.3198 672.8601 176.241 712.3366 202.6806 1.4732 1.5575 3.444 4.8471 1.6866 42.6426 -1.2066 0.2556 0.0714 0.0
Car 0 0 2.9885 719.8648 181.1504 841.821 228.0495 1.5111 1.6265 4.0346 5.8381 1.8039 24.8026 -3.0636 0.2519 0.0714 0.0