Pedestrian 0 0 -1.4878 613.6504 168.2862 669.9878 307.2278 1.6569 0.6227 0.7693 0.4728 1.4987 9.0999 -1.4359 0.8308 0.6686 0.3385
Pedestrian 0 0 1.6547 282.5813 157.0104 374.8078 357.1956 1.7569 0.6969 0.8621 -2.6223 1.5367 6.8149 1.2874 0.8269 0.6162 0.7319
Cyclist 0 0 1.9107 403.5015 172.2469 485.0657 332.474 1.6568 0.5586 1.7165 -1.8025 1.5651 8.1387 1.6927 0.6937 0.5814 0.6708
Pedestrian 0 0 -1.6055 550.2757 171.1697 575.2723 229.0362 1.6464 0.6093 0.8446 -1.1559 1.3411 20.9463 -1.6606 0.6078 0.3937 0.2545
Pedestrian 0 0 1.2002 906.8098 126.4975 1037.9258 368.7904 1.8775 0.664 0.8226 2.7745 1.4644 5.5016 1.6673 0.5376 0.2118 0.6503
Pedestrian 0 0 1.338 465.8177 165.1769 491.0006 225.4881 1.8476 0.6416 0.7309 -3.8539 1.349 22.3386 1.1672 0.5036 0.0702 0.0
Pedestrian 0 0 -1.3516 577.7299 169.9423 603.7116 228.5004 1.6652 0.5924 0.843 -0.3359 1.3283 21.0735 -1.3676 0.4662 0.1652 0.3846
Cyclist 0 0 -1.4079 510.804 171.7305 536.3254 227.5874 1.718 0.6143 1.7167 -2.5204 1.4021 23.0356 -1.5169 0.4596 0.0029 0.0
Cyclist 0 0 1.8475 502.7772 170.3863 535.0152 228.6129 1.7078 0.5527 1.8379 -2.5212 1.3678 21.9234 1.733 0.4543 0.0714 0.0
Pedestrian 0 0 1.3847 463.4691 169.5637 487.4178 230.2076 1.7787 0.619 0.6823 -3.7843 1.4184 21.375 1.2095 0.4466 0.0048 0.0
Pedestrian 0 0 -1.3703 573.5338 165.6588 600.2804 226.235 1.7717 0.6108 0.7785 -0.4612 1.3146 21.4185 -1.3918 0.446 0.0147 0.2961
Pedestrian 0 0 2.6959 185.302 201.685 264.5022 314.3755 1.5534 0.5948 0.72 -5.5057 1.8488 10.4648 2.2116 0.3918 0.0109 0.0
Cyclist 0 0 1.0234 895.2314 134.3634 1046.7776 361.1536 1.8522 0.5668 1.6767 2.9039 1.4864 5.8756 1.4824 0.3867 0.0064 0.0
Pedestrian 0 0 2.161 332.9438 188.5541 419.8746 351.3776 1.5544 0.5955 0.7909 -2.3587 1.6234 7.4434 1.8541 0.3796 0.0714 0.0793
Pedestrian 0 0 -1.6168 510.6543 173.8504 534.9104 226.5515 1.6907 0.5946 0.7635 -2.5967 1.4319 23.4388 -1.7271 0.3751 0.1101 0.4084
Pedestrian 0 0 1.7354 485.1885 167.936 510.9093 224.839 1.7823 0.6595 0.8011 -3.3341 1.3515 22.9637 1.5912 0.3609 0.1481 0.309
Cyclist 0 0 -1.8221 984.0984 141.4086 1128.658 366.9308 1.8131 0.5407 1.641 3.7068 1.4973 6.1205 -1.2776 0.3389 0.0714 0.0
Pedestrian 0 0 1.9002 382.8058 166.6414 472.5006 339.4266 1.6782 0.6369 0.8317 -1.8648 1.5355 7.6536 1.6612 0.3258 0.0318 0.0
Pedestrian 0 0 -1.8623 594.3006 171.8673 619.6229 225.8105 1.5681 0.5641 0.6817 0.1315 1.2827 21.1485 -1.8561 0.3018 0.0 0.2287
Pedestrian 0 0 2.1712 341.4207 184.5595 413.0379 315.0412 1.6598 0.5888 0.7431 -3.058 1.7108 9.7155 1.8663 0.2944 0.0714 0.0
Pedestrian 0 0 2.4896 196.8924 203.2829 240.6452 310.4239 1.3917 0.496 0.4906 -5.2221 1.6897 9.734 1.9972 0.2861 0.0244 0.0
Cyclist 0 0 1.0311 870.9102 123.5428 1081.8382 367.1008 1.8779 0.5901 1.7631 2.1801 1.5036 4.4064 1.4906 0.2698 0.0714 0.0