Car 0 0 -1.7990000247955322 703.60498046875 184.5493927001953 826.2255859375 274.6117858886719 1.447100043296814 1.5583000183105469 3.616499900817871 2.751300096511841 1.6890000104904175 13.78600025177002 -1.6021000146865845 0.8809999823570251 0.8970000147819519 0.9225000143051147
Car 0 0 0.6295999884605408 61.88359832763672 179.42550659179688 362.0155944824219 278.21630859375 1.4739999771118164 1.673799991607666 4.212100028991699 -6.575099945068359 1.5928000211715698 11.971400260925293 0.12729999423027039 0.8567000031471252 0.8256000280380249 0.7348999977111816
Car 0 0 -1.7268999814987183 653.7864990234375 175.4138946533203 721.4215698242188 228.57229614257812 1.569700002670288 1.5947999954223633 3.61929988861084 2.354599952697754 1.655500054359436 23.190799713134766 -1.6258000135421753 0.7947999835014343 0.7508000135421753 0.32600000500679016
Car 0 0 -2.9769999980926514 218.99969482421875 166.68380737304688 440.4960021972656 251.10260009765625 1.8529000282287598 1.72160005569458 4.394000053405762 -6.478700160980225 1.7201000452041626 16.76930046081543 2.9375 0.7827000021934509 0.7325000166893005 0.6474999785423279
Car 0 0 -2.7483999729156494 351.0570068359375 179.04879760742188 487.6687927246094 229.90170288085938 1.6093000173568726 1.6943999528884888 3.991499900817871 -6.255199909210205 1.809000015258789 23.704700469970703 -3.006500005722046 0.6373999714851379 0.26159998774528503 0.2198999971151352
Car 0 0 -2.275399923324585 1.0 182.55340576171875 171.0446014404297 358.5690002441406 1.5944000482559204 1.6247999668121338 3.6503000259399414 -7.167799949645996 1.7282999753952026 7.604700088500977 -3.0313000679016113 0.4745999872684479 0.3142000138759613 0.5145999789237976
Car 0 0 -1.7300000190734863 648.6987915039062 174.63780212402344 700.7725830078125 219.7480010986328 1.6894999742507935 1.6045000553131104 3.7530999183654785 2.487799882888794 1.7670999765396118 29.02090072631836 -1.6445000171661377 0.41200000047683716 0.5376999974250793 0.28790000081062317
Car 0 0 -2.9744999408721924 478.89691162109375 175.54490661621094 554.1420288085938 201.8054962158203 1.5184999704360962 1.6785999536514282 4.3506999015808105 -5.511600017547607 1.659000039100647 42.49169921875 -3.1034998893737793 0.40369999408721924 0.0333000011742115 0.0
Car 0 0 -2.626199960708618 450.25860595703125 175.30819702148438 536.197509765625 209.8936004638672 1.5642000436782837 1.6486999988555908 3.8255999088287354 -5.5578999519348145 1.6789000034332275 34.19820022583008 -2.7873001098632812 0.3849000036716461 0.026799999177455902 0.0
Car 0 0 -1.6821000576019287 639.36376953125 174.6143035888672 675.7536010742188 208.3052978515625 1.62909996509552 1.5693000555038452 3.787100076675415 2.3636999130249023 1.7238999605178833 36.92340087890625 -1.6181999444961548 0.35760000348091125 0.4041999876499176 0.08959999680519104
Car 0 0 -2.910599946975708 429.09521484375 180.27049255371094 517.202880859375 212.63229370117188 1.4673000574111938 1.6002999544143677 3.823499917984009 -6.552800178527832 1.8345999717712402 34.39860153198242 -3.09879994392395 0.35440000891685486 0.014100000262260437 0.0
Car 0 0 -3.084700107574463 462.093994140625 173.33160400390625 537.7374267578125 205.1295928955078 1.6294000148773193 1.6378999948501587 3.944700002670288 -5.826399803161621 1.658400058746338 38.211299896240234 3.0471999645233154 0.3398999869823456 0.06120000034570694 0.0