Car 0 0 -2.0501 781.9403 193.8357 1115.9294 375.9753 1.4092 1.5321 3.4277 2.9567 1.6656 7.2836 -1.6645 0.888 0.8591 0.92
Car 0 0 -1.7879 674.8106 180.4588 780.2982 253.9136 1.4618 1.6137 4.1438 2.5495 1.6626 16.8657 -1.6378 0.8472 0.8577 0.8041
Car 0 0 -2.5624 0.0 190.962 321.674 308.7361 1.4521 1.6373 3.8874 -6.363 1.7202 10.1306 -3.1232 0.7322 0.719 0.797
Car 0 0 -1.6819 663.0896 179.2844 710.0534 217.0474 1.4063 1.5421 3.5346 3.0126 1.6828 29.2679 -1.5793 0.5932 0.7104 0.3665
Car 0 0 -2.5788 107.3938 180.5014 372.9462 278.1485 1.5406 1.646 3.8861 -6.5373 1.7051 12.9474 -3.0463 0.5805 0.3578 0.6811
Car 0 0 0.5711 191.5187 180.4925 410.1244 258.4712 1.4826 1.6468 4.0581 -6.4698 1.6488 14.9833 0.1635 0.5239 0.459 0.6227
Car 0 0 0.4368 320.3284 183.4749 479.7404 235.5417 1.4115 1.6503 4.2329 -6.0719 1.7335 21.1816 0.1577 0.5006 0.3777 0.606
Car 0 0 -2.7813 338.6117 173.147 489.1762 237.6358 1.7593 1.6794 3.7284 -5.6343 1.7782 20.8496 -3.0452 0.4636 0.0246 0.6625
Car 0 0 -3.0129 284.1146 184.7928 458.5872 241.0556 1.4141 1.6304 4.2518 -6.3329 1.7497 19.4314 2.9552 0.4246 0.0191 0.0721
Car 0 0 -2.8109 462.6096 171.6312 545.8966 205.3465 1.6327 1.6592 3.8253 -5.3824 1.5827 36.5739 -2.957 0.4011 0.1269 0.0
Car 0 0 -1.6633 641.1181 171.7576 672.7119 200.149 1.7183 1.6536 3.935 2.8771 1.6616 45.753 -1.6005 0.3867 0.0262 0.3921
Car 0 0 -2.7997 473.7268 175.7956 545.1976 209.5823 1.5955 1.577 3.4363 -4.9803 1.7487 35.4877 -2.9391 0.3514 0.0714 0.0
Car 0 0 -2.4163 31.4287 192.9172 262.8218 351.5745 1.4157 1.4894 3.4556 -6.2081 1.6893 7.7413 -3.0922 0.308 0.0714 0.5676
Car 0 0 -3.0228 373.3476 173.6529 469.5506 210.8623 1.6113 1.655 4.139 -8.5026 1.6496 32.4069 3.0038 0.2564 0.0714 0.0