Car 0 0 -1.8342 680.4568 182.0953 819.0501 279.3538 1.5113 1.5749 3.5778 2.3619 1.702 13.3568 -1.6591 0.8567 0.8408 0.7357
Car 0 0 -1.4372 289.2455 191.2249 396.1861 268.1632 1.3854 1.6227 3.7068 -5.6502 1.8166 15.5393 -1.786 0.8106 0.7616 0.6838
Car 0 0 -1.6913 566.5247 182.0099 613.2508 219.3045 1.508 1.6096 3.6792 -0.9782 1.9213 31.5604 -1.7223 0.7173 0.6548 0.6988
Cyclist 0 0 1.8159 427.773 178.0293 475.8182 250.4733 1.6658 0.5974 1.7701 -3.8846 1.8065 17.6152 1.5988 0.6703 0.0714 0.4793
Cyclist 0 0 -1.7569 438.8069 175.7135 472.6685 251.4662 1.7417 0.5226 1.729 -3.8454 1.8328 17.8122 -1.9696 0.6685 0.4451 0.4564
Cyclist 0 0 1.8343 393.8368 175.0751 438.1867 261.0963 1.7247 0.6068 1.6579 -4.1292 1.7784 15.2339 1.5696 0.6619 0.5377 0.2381
Car 0 0 -1.74 621.548 187.1176 697.5618 239.7224 1.4174 1.6562 4.1557 1.3953 1.8986 22.3769 -1.6777 0.5266 0.0714 0.1505
Car 0 0 0.9719 851.2172 179.9159 1279.0 371.3396 1.5752 1.6816 3.8808 2.9301 1.6664 4.4236 1.5569 0.4372 0.4086 0.7494
Car 0 0 -1.6006 545.9234 183.3179 576.4325 209.9194 1.4591 1.6204 3.8136 -2.9354 2.0925 42.4752 -1.6696 0.4223 0.4734 0.6227
Car 0 0 -1.6508 527.7278 183.2918 552.4096 203.249 1.4382 1.6037 3.6574 -5.3889 2.2479 54.8865 -1.7487 0.3119 0.0714 0.0
Car 0 0 1.7071 333.7876 189.5774 419.6594 257.0534 1.4274 1.6436 3.8111 -5.7929 1.8942 18.1387 1.398 0.2698 0.0714 0.1924