Pedestrian 0 0 2.0759 267.0562 171.7149 335.9957 303.7994 1.6573 0.6007 0.7234 -3.9718 1.5356 9.4404 1.6776 0.7855 0.5883 0.2911
Pedestrian 0 0 -1.3979 197.3023 167.3632 255.2404 282.2692 1.6891 0.6214 0.8583 -5.7815 1.4807 11.0103 -1.8814 0.7812 0.5845 0.0703
Pedestrian 0 0 2.8055 984.8533 134.427 1080.8342 280.6854 1.9103 0.563 0.9577 5.7321 1.2996 9.6662 -2.9424 0.7746 0.3435 0.0609
Pedestrian 0 0 -1.9776 756.3022 161.3142 818.7325 296.5032 1.6307 0.579 0.7335 2.2808 1.3866 9.0283 -1.7301 0.6963 0.5259 0.3616
Pedestrian 0 0 2.5268 1071.8579 138.3994 1199.4653 343.2647 1.8377 0.603 0.859 4.9326 1.455 6.7157 -3.1228 0.5791 0.5696 0.2156
Car 0 0 1.7774 374.7624 155.7744 477.3969 231.9816 1.7671 1.7088 4.164 -4.4137 1.1173 18.5509 1.5438 0.5769 0.4011 0.1369
Pedestrian 0 0 2.721 721.193 160.7206 773.4142 263.8088 1.7115 0.5646 0.7212 2.4414 1.3662 12.252 2.9176 0.5628 0.1702 0.047
Car 0 0 1.7227 428.1662 163.1801 498.9029 215.5039 1.6616 1.7158 4.3018 -4.6903 1.0436 24.9098 1.5365 0.5238 0.0754 0.065
Pedestrian 0 0 -1.7297 599.2068 164.2183 631.5613 235.9826 1.7113 0.6311 0.8649 0.3036 1.2951 17.7857 -1.7126 0.4306 0.0215 0.2311
Pedestrian 0 0 1.5337 1150.3853 137.6805 1221.0857 309.7149 1.8486 0.6051 0.7021 6.307 1.3713 7.7997 2.2137 0.4072 0.1154 0.5893
Pedestrian 0 0 -1.2757 187.6559 157.9712 264.456 321.2269 1.7722 0.6359 0.8521 -4.5604 1.5266 8.6562 -1.7606 0.3954 0.0714 0.0
Pedestrian 0 0 2.6004 709.6017 150.92 783.0735 291.3285 1.7615 0.5709 0.8845 1.8576 1.3767 9.4277 2.7949 0.38 0.0018 0.0327
Pedestrian 0 0 1.8959 220.5094 162.4545 292.675 317.7661 1.7238 0.6111 0.7323 -4.1512 1.5014 8.6018 1.4462 0.3755 0.0714 0.0
Pedestrian 0 0 1.6911 684.4635 158.935 752.2105 303.7 1.701 0.595 0.8238 1.4251 1.4256 9.0099 1.8479 0.3729 0.1345 0.1661
Pedestrian 0 0 2.1166 693.5767 160.7504 744.2114 271.1486 1.6931 0.5733 0.6774 1.8399 1.3853 11.4894 2.2754 0.3624 0.0047 0.1088
Car 0 0 1.6073 509.6424 163.9124 566.5054 213.7935 1.7472 1.7362 4.4241 -2.3344 1.0846 26.9316 1.5208 0.3615 0.1407 0.7158
Pedestrian 0 0 1.7734 235.0168 170.2312 281.8438 278.2308 1.6268 0.6135 0.6551 -5.3785 1.4597 11.191 1.3254 0.3504 0.1676 0.0137
Cyclist 0 0 -2.9854 985.0584 140.4505 1081.3933 284.1986 1.8694 0.5597 1.8211 5.9013 1.3459 9.9535 -2.4502 0.2964 0.0714 0.0
Pedestrian 0 0 2.9545 682.8604 175.3481 707.6338 230.2181 1.564 0.565 0.7772 2.7262 1.3942 21.0738 3.0831 0.2872 0.0023 0.0
Pedestrian 0 0 1.7723 1095.109 136.8843 1166.7391 310.7692 1.8619 0.5711 0.814 5.9242 1.395 8.1054 2.4035 0.2571 0.0714 0.0945