Car 0 0 -0.4393 809.7532 180.2238 1122.3158 282.8286 1.5143 1.7106 4.1135 5.4881 1.6508 11.6537 0.0009 0.8499 0.8213 0.7415
Car 0 0 0.2807 276.2944 179.5548 459.852 238.5774 1.4668 1.6758 4.3098 -6.3725 1.6542 18.958 -0.0436 0.7827 0.6735 0.2395
Car 0 0 -1.6936 644.307 179.6024 699.8918 223.0464 1.4526 1.5911 3.6589 2.1677 1.7141 26.4398 -1.6118 0.757 0.7507 0.7796
Car 0 0 -2.695 59.9927 189.5623 349.974 284.2212 1.4308 1.5978 4.0724 -6.7548 1.7327 12.1798 3.0818 0.5476 0.5906 0.4147
Car 0 0 -2.3852 1.0 171.5147 243.1998 366.0355 1.6234 1.6818 4.0328 -6.3722 1.618 6.9115 -3.1301 0.4411 0.1389 0.6218
Car 0 0 -2.4667 1.0 177.4034 183.2912 352.8044 1.6113 1.5588 3.8205 -6.6752 1.6771 7.3297 3.0777 0.4262 0.0383 0.352
Car 0 0 -2.8463 321.0372 176.0769 473.7476 234.1588 1.5741 1.6394 3.8342 -6.0054 1.6625 20.5528 -3.1306 0.4093 0.0104 0.3276
Car 0 0 1.5247 548.2138 175.9781 576.1482 198.9187 1.4682 1.6754 3.7278 -3.2886 1.7011 49.0928 1.4578 0.3979 0.3417 0.0
Car 0 0 -2.4687 8.8332 184.1082 301.1851 327.246 1.5116 1.6346 4.0359 -6.4273 1.6787 8.8198 -3.0985 0.3396 0.1326 0.5589
Car 0 0 -1.6175 640.833 180.2913 675.1626 211.278 1.4505 1.602 3.786 2.3579 1.8269 36.48 -1.553 0.3389 0.1261 0.5008
Car 0 0 -3.1364 435.1805 179.3717 523.3532 212.0538 1.4156 1.6282 3.9516 -5.9517 1.7206 32.9847 2.9682 0.3345 0.0441 0.5225
Car 0 0 -3.042 392.9283 177.437 493.2733 218.2925 1.5003 1.6122 3.5401 -6.322 1.6676 27.3879 3.0144 0.3185 0.0048 0.0
Car 0 0 0.4537 412.8394 178.4259 517.191 214.5597 1.4554 1.6317 4.1167 -6.0792 1.6774 30.0731 0.2543 0.2966 0.0714 0.0
Car 0 0 -1.5975 625.5696 174.7556 649.301 196.3292 1.4612 1.5605 3.5343 1.8847 1.6017 50.5538 -1.5602 0.2889 0.0714 0.0
Car 0 0 -2.3609 129.7121 191.9448 359.5338 281.8172 1.4 1.5963 3.7527 -6.6218 1.7818 13.1266 -2.8282 0.2819 0.0714 0.0564
Car 0 0 -2.8183 352.4502 175.5653 492.1791 227.6148 1.5424 1.6689 3.855 -5.8392 1.6366 22.5707 -3.0715 0.2705 0.0319 0.0