Car 0 0 1.6824 529.9364 162.2351 590.1988 207.9475 1.4925 1.6527 4.0355 -1.4286 0.8237 25.6425 1.6268 0.7308 0.7044 0.7174
Pedestrian 0 0 -2.121 715.4054 161.2456 780.8025 288.3732 1.6805 0.5674 0.7768 1.9655 1.4096 9.9562 -1.9261 0.6879 0.0714 0.4666
Pedestrian 0 0 1.6462 867.7739 157.9396 964.8989 369.5974 1.6434 0.6368 0.751 2.4594 1.4734 5.7615 2.0496 0.6484 0.4433 0.35
Pedestrian 0 0 1.4895 845.8206 150.8412 982.249 368.4558 1.7624 0.6268 0.8292 2.2935 1.5545 5.4502 1.8878 0.6018 0.0714 0.6273
Pedestrian 0 0 -1.7602 704.4448 163.1228 759.8407 285.9949 1.6918 0.5935 0.7457 1.8228 1.4331 10.3697 -1.5862 0.6 0.3674 0.207
Cyclist 0 0 -1.928 558.2822 149.5713 624.2088 242.041 1.7903 0.5793 1.814 -0.2692 1.1576 14.7365 -1.9463 0.598 0.0714 0.0
Pedestrian 0 0 -1.6107 727.5233 159.7371 791.1048 293.2528 1.6872 0.6084 0.8074 2.0543 1.3977 9.5934 -1.3997 0.5669 0.2562 0.2568
Pedestrian 0 0 -2.2808 801.8494 146.713 898.0904 337.5572 1.7674 0.5842 0.8242 2.349 1.446 7.0315 -1.9584 0.5636 0.4179 0.5568
Cyclist 0 0 -1.7103 572.3136 147.2332 611.7829 242.0118 1.8989 0.5996 1.7806 -0.2477 1.2107 15.0938 -1.7267 0.5325 0.1806 0.0
Pedestrian 0 0 -2.1331 566.7762 150.4753 615.1403 238.8426 1.8916 0.601 0.9466 -0.2823 1.2198 15.9704 -2.1508 0.4167 0.0981 0.0479
Pedestrian 0 0 -1.6554 801.4444 141.8852 869.4529 302.8282 1.796 0.593 0.7689 2.7334 1.3464 8.5627 -1.3464 0.4125 0.0714 0.0
Pedestrian 0 0 1.596 773.9762 157.7167 823.1936 293.699 1.6689 0.6221 0.5944 2.5062 1.3763 9.3168 1.8588 0.3955 0.2102 0.3927
Pedestrian 0 0 -1.943 788.8422 141.6213 850.9146 292.2183 1.8015 0.6003 0.8012 2.6962 1.3254 9.0856 -1.6546 0.3687 0.0714 0.2591
Pedestrian 0 0 -1.4133 801.8503 145.952 850.4683 262.8509 1.8218 0.6616 0.7621 3.692 1.2648 11.9105 -1.1127 0.3544 0.0714 0.0
Pedestrian 0 0 -0.573 799.3526 145.1121 838.7035 245.1355 1.8299 0.6306 0.6144 4.0575 1.159 13.5487 -0.282 0.3472 0.0 0.2269
Pedestrian 0 0 -1.2501 810.1752 144.0345 868.0617 273.1736 1.8133 0.6477 0.6556 3.4814 1.2798 10.6711 -0.9348 0.3071 0.0714 0.4569
Pedestrian 0 0 -2.0283 739.661 155.0351 803.19 293.8475 1.6445 0.6206 0.9014 2.0784 1.3474 9.0323 -1.8021 0.2924 0.0714 0.0649
Pedestrian 0 0 2.2225 3.0 118.164 165.2244 367.1745 1.8968 0.6597 0.7743 -3.1482 1.6039 3.4713 1.4859 0.2802 3.0 0.5112
Pedestrian 0 0 2.4482 0.0 139.5377 110.1448 383.0 1.8455 0.6129 0.7425 -3.5979 1.5712 4.3977 1.7625 0.2783 0.0714 0.0
Cyclist 0 0 1.9851 381.001 177.6415 429.909 263.8682 1.5704 0.5227 1.5543 -3.9181 1.5323 14.3053 1.7177 0.2704 0.0714 0.0
Cyclist 0 0 -0.475 810.2745 147.5891 883.0185 262.7138 1.8226 0.5668 1.744 4.1911 1.2797 12.369 -0.1483 0.2536 0.0714 0.0