Car 0 0 -1.8623 713.7552 182.9946 896.099 304.2288 1.4442 1.6281 4.1252 2.679 1.6311 11.0287 -1.624 0.901 0.8784 0.8324
Car 0 0 0.4793 140.2144 177.1883 409.6046 269.1749 1.5063 1.6763 4.2573 -6.0152 1.5911 12.913 0.0434 0.6462 0.627 0.5732
Car 0 0 -2.8189 360.9802 176.078 500.2908 219.9753 1.4319 1.6408 4.2437 -6.0753 1.5426 24.5403 -3.0616 0.5705 0.2335 0.0
Car 0 0 -2.7285 0.0 168.0242 272.0226 287.0328 1.6555 1.6718 3.669 -7.5385 1.6138 11.0443 2.9558 0.519 0.3887 0.1402
Car 0 0 -2.9532 419.2588 171.9572 525.2722 213.0794 1.5877 1.6608 3.952 -5.4857 1.5524 28.7514 3.1415 0.4638 0.2978 0.0
Car 0 0 -2.6263 258.9587 176.5694 457.1986 246.8031 1.4654 1.6607 4.2891 -5.872 1.5702 16.8592 -2.9614 0.4077 0.0307 0.0
Car 0 0 -0.2905 676.4016 175.926 749.5222 206.5507 1.6348 1.642 3.4956 5.6251 1.8157 39.6561 -0.1496 0.3961 0.0656 0.5606
Car 0 0 0.3924 797.88 181.7522 988.6334 256.7818 1.4713 1.5321 3.4974 6.0347 1.6822 15.7302 0.7588 0.3889 0.1141 0.3967
Car 0 0 -2.7252 331.7247 177.3326 472.867 225.9742 1.3986 1.594 3.9208 -6.4083 1.5463 22.3507 -3.0044 0.3699 0.2124 0.5764
Car 0 0 0.7071 1.0 171.9398 251.5296 333.4346 1.5923 1.6683 4.464 -7.0241 1.6422 7.8674 -0.0218 0.369 0.1891 0.8193
Car 0 0 -0.6947 732.7242 179.7263 813.1061 212.4251 1.4825 1.614 3.7282 7.7925 1.8164 34.7198 -0.474 0.3495 0.0291 0.0
Car 0 0 -1.6087 634.1374 177.4668 655.6577 196.2927 1.4443 1.5127 3.3243 2.7487 1.82 57.4742 -1.5609 0.3236 0.3437 0.0858
Car 0 0 0.7196 719.3219 177.2493 788.8414 215.8982 1.5507 1.5243 3.1976 6.0002 1.7352 30.5295 0.9137 0.3038 0.0714 0.3485
Car 0 0 -2.6392 306.0241 180.6956 453.1622 238.6268 1.4541 1.5585 3.4261 -6.3236 1.6842 19.7406 -2.9492 0.2836 0.0046 0.0