Car 0 0 -1.0759 0.0 188.0944 386.8224 370.8829 1.4867 1.6174 4.0687 -3.228 1.5951 5.5256 -1.6046 0.8009 0.8122 0.8229
Pedestrian 0 0 0.4954 685.2552 153.2474 747.1592 267.0458 1.7958 0.6001 0.8769 1.764 1.3624 11.5669 0.6468 0.6158 0.5074 0.0689
Pedestrian 0 0 0.405 391.2497 150.6499 488.2961 288.0442 1.9063 0.6128 1.0988 -2.4564 1.49 10.2791 0.1704 0.6134 0.1803 0.5588
Cyclist 0 0 -1.8661 953.0056 145.3505 988.6702 210.3297 1.8558 0.5529 1.7984 10.9437 0.8413 21.2438 -1.3904 0.5219 0.0233 0.2358
Cyclist 0 0 -1.4974 957.8481 149.6959 984.1909 211.9698 1.8015 0.5783 1.7654 11.0647 0.8931 21.4599 -1.0213 0.4584 0.0082 0.2353
Pedestrian 0 0 0.3742 401.6536 155.9029 471.9854 271.8867 1.8315 0.5962 0.8635 -2.8139 1.4457 11.5912 0.136 0.4389 0.0258 0.0045
Cyclist 0 0 0.2248 360.9102 156.3148 477.226 273.5644 1.745 0.5921 1.956 -2.9451 1.3857 11.0671 -0.0353 0.4369 0.0434 0.0
Cyclist 0 0 -1.6452 962.0955 160.6265 982.6481 210.0727 1.7216 0.5916 1.8699 13.0472 1.0069 25.2061 -1.1676 0.4307 0.0714 0.0
Cyclist 0 0 0.4359 385.2055 155.6628 493.6581 288.8913 1.8004 0.5998 2.0275 -2.4075 1.471 10.0781 0.2014 0.425 0.0121 0.0
Car 0 0 -2.0917 379.4018 174.9616 420.4984 196.6467 1.4481 1.5807 3.8278 -14.5494 1.0699 50.1627 -2.374 0.4112 0.0026 0.0
Pedestrian 0 0 0.2487 373.19 154.781 465.4216 281.8816 1.8151 0.5792 0.8518 -2.8038 1.4503 10.524 -0.0117 0.4045 0.0305 0.1102
Car 0 0 1.7095 454.5787 171.9569 487.6468 195.4889 1.5108 1.6591 4.0884 -9.111 0.9396 48.2372 1.5228 0.377 0.4784 0.2788
Pedestrian 0 0 1.9301 100.6202 175.4213 147.4815 277.6282 1.7187 0.6299 0.6122 -8.5362 1.6433 12.4844 1.3304 0.2872 0.0714 0.0