Car 0 0 -1.7251 655.4121 177.4182 727.5624 236.1716 1.6463 1.6392 3.9488 2.3995 1.8002 22.4402 -1.6186 0.8095 0.804 0.2043
Car 0 0 -2.1337 815.3573 212.5911 1211.3933 376.5075 1.4059 1.5248 3.5395 2.9598 1.7606 5.8176 -1.6631 0.6304 0.7945 0.6645
Car 0 0 -2.7623 256.4355 183.6168 441.5027 262.9751 1.4924 1.5626 3.4858 -5.4705 1.7431 15.2237 -3.1073 0.5787 0.1822 0.0
Car 0 0 -2.8468 341.196 178.7497 486.4182 238.7248 1.653 1.6197 3.8708 -5.7088 1.8352 21.1025 -3.111 0.5726 0.225 0.3356
Car 0 0 -2.9095 404.0138 179.5696 515.1457 223.1917 1.629 1.6939 4.1362 -5.8757 1.9048 28.2058 -3.1149 0.501 0.1878 0.0
Car 0 0 -2.8199 385.1713 181.7604 503.0995 226.6617 1.5635 1.6531 4.0142 -6.0973 1.8961 26.482 -3.0462 0.4544 0.2395 0.0
Car 0 0 -1.6688 647.6388 184.088 693.2668 220.6168 1.411 1.5742 3.6601 2.468 1.9084 30.4936 -1.588 0.4385 0.6211 0.0
Car 0 0 -2.9336 275.1074 184.0763 440.5772 244.3054 1.5091 1.6153 3.6507 -6.6073 1.8117 18.9683 3.0144 0.4029 0.0224 0.5426
Cyclist 0 0 2.8883 748.5088 192.7671 856.3932 300.6662 1.5346 0.568 1.7246 2.8859 1.8633 11.1028 -3.1406 0.3919 0.0041 0.0
Car 0 0 -2.9265 440.7746 179.6242 527.322 213.0703 1.6254 1.6833 4.0097 -6.3662 1.9735 36.4812 -3.0993 0.3602 0.0076 0.0
Car 0 0 -2.7549 470.635 180.7001 539.2958 206.911 1.4947 1.64 4.1334 -6.3679 1.9804 43.6168 -2.8999 0.354 0.1379 0.0
Car 0 0 -1.6259 634.3284 183.2059 663.3286 208.452 1.4637 1.5752 3.8063 2.3301 2.1247 45.1038 -1.5742 0.3109 0.0589 0.0
Car 0 0 -1.6069 632.0552 181.7639 658.6314 206.0447 1.5018 1.6143 3.7052 2.2745 2.1232 47.9676 -1.5595 0.2964 0.0714 0.0