Car 0 0 -1.9281 726.7676 190.8778 901.5316 307.0705 1.4354 1.5373 3.3812 2.8926 1.7543 11.1423 -1.6741 0.9002 0.8721 0.8351
Car 0 0 -1.7295 661.1366 182.8035 739.409 240.7052 1.4577 1.5934 4.0654 2.4373 1.7708 20.7482 -1.6126 0.8057 0.8262 0.9092
Car 0 0 -2.6576 150.647 190.1248 389.2645 271.4608 1.4156 1.5942 4.1262 -6.5533 1.7721 14.0665 -3.0936 0.6567 0.72 0.6683
Car 0 0 0.5058 254.707 182.5672 437.5719 245.7308 1.4677 1.6387 4.0954 -6.6333 1.7275 18.2085 0.1565 0.5137 0.3193 0.4319
Car 0 0 -2.631 34.9654 192.2021 325.0172 299.269 1.4498 1.6031 3.8771 -6.7486 1.7893 11.3588 3.1161 0.5082 0.4574 0.7701
Car 0 0 -2.7207 210.8551 185.9516 411.2252 258.0962 1.4567 1.5954 3.6279 -6.6253 1.7797 16.1803 -3.1093 0.4711 0.0804 0.0
Car 0 0 -2.8565 374.0611 178.5606 497.3308 231.1161 1.6557 1.6033 3.6487 -5.8741 1.855 24.2325 -3.0943 0.4657 0.2459 0.6174
Car 0 0 -1.6617 649.8382 179.2776 689.465 216.3542 1.5174 1.5165 3.3832 2.5333 1.8291 31.8512 -1.5823 0.4317 0.4163 0.6811
Car 0 0 -2.5166 1.0 195.6157 212.1205 373.2369 1.5228 1.6117 4.3283 -5.9424 1.7393 6.447 3.0219 0.3775 0.4222 0.3896
Car 0 0 -1.6366 632.7424 176.2301 659.945 201.0506 1.5794 1.6185 3.8039 2.3708 1.8179 48.5591 -1.5878 0.3622 0.0093 0.1914
Car 0 0 -2.9649 332.83 185.4373 464.4516 232.8004 1.4459 1.6043 3.8905 -6.7798 1.8633 23.2448 3.0345 0.3547 0.0447 0.1205
Car 0 0 2.6476 477.2282 173.8643 546.8454 205.4067 1.7272 1.6128 4.0521 -5.7372 1.817 42.1205 2.5122 0.3546 0.019 0.0
Car 0 0 -2.9483 396.2902 174.7505 485.5226 210.9169 1.6399 1.6548 4.0481 -8.0289 1.737 34.1064 3.1037 0.2999 0.0714 0.0
Car 0 0 0.5737 0.0 188.5001 272.5094 314.8212 1.4309 1.5276 3.7335 -6.7581 1.6759 9.7379 -0.0329 0.2859 0.031 0.5928
Car 0 0 0.3419 351.6272 185.7307 507.2367 233.003 1.371 1.5486 4.0186 -5.6738 1.7899 22.3719 0.0935 0.2686 0.0714 0.0