Car 0 0 1.9372 209.7794 199.2425 370.0262 295.4772 1.4881 1.5781 3.7609 -6.1165 2.0726 14.1677 1.5297 0.8946 0.8627 0.6794
Car 0 0 1.8299 336.3555 192.284 438.6514 254.2942 1.4563 1.6505 4.217 -6.1558 2.0502 20.2237 1.5344 0.838 0.8431 0.7518
Car 0 0 2.0917 0.0 206.7253 280.8706 369.5636 1.4112 1.5779 3.9428 -5.8814 1.9423 8.9634 1.511 0.8218 0.7973 0.8079
Car 0 0 1.8063 419.4074 187.812 489.1102 231.4297 1.4838 1.6386 4.0005 -5.9675 2.1023 27.8675 1.5953 0.7897 0.8131 0.6814
Car 0 0 -1.7253 682.7956 174.4999 758.0001 230.0952 1.5006 1.6152 3.9789 3.1511 1.5482 21.4994 -1.5798 0.6767 0.7175 0.8205
Car 0 0 2.648 913.6203 138.5942 1144.6233 216.533 1.825 1.759 4.6318 10.0255 1.0166 17.5368 -3.1159 0.6679 0.5796 0.2355
Car 0 0 -1.7026 668.3136 174.0609 728.432 219.8731 1.5859 1.6628 4.1481 3.1891 1.6417 27.0003 -1.5851 0.6281 0.6527 0.791
Car 0 0 -1.6615 655.8606 177.1499 691.2603 207.7972 1.5091 1.563 3.4955 3.2396 1.7415 37.7696 -1.5759 0.4515 0.375 0.0
Car 0 0 1.7679 492.1634 184.1582 530.7627 209.4845 1.4643 1.6509 4.1257 -6.0958 2.1883 44.8132 1.6327 0.4459 0.3607 0.0
Car 0 0 1.7705 456.8884 183.6844 508.5124 220.541 1.5785 1.6615 4.0976 -6.0695 2.1403 34.4998 1.5964 0.421 0.4061 0.0
Car 0 0 2.81 841.803 150.795 995.7966 208.353 1.7702 1.7217 3.9574 9.737 1.0809 23.0114 -3.0729 0.4201 0.1365 0.2421
Car 0 0 2.8098 802.4255 157.5673 932.9099 205.3775 1.6136 1.6579 3.9135 8.9185 1.0933 25.3602 -3.1353 0.3956 0.0129 0.0
Car 0 0 -0.2603 822.2232 155.8206 969.0462 206.1872 1.5948 1.6141 4.0816 9.1921 1.0592 23.5696 0.1115 0.2692 0.0714 0.4159