Pedestrian 0 0 0.7355 778.2899 139.4074 864.8613 315.7709 1.7397 0.5417 0.7183 2.1542 1.3325 7.2821 1.0231 0.739 0.5995 0.4037
Pedestrian 0 0 0.8133 700.3694 138.2004 804.3797 326.0199 1.8049 0.5934 0.8734 1.4366 1.3957 7.1844 1.0106 0.7317 0.4887 0.4055
Pedestrian 0 0 1.2832 550.4983 141.6921 585.8713 226.6374 1.7023 0.5818 0.5933 -0.8019 0.9244 14.4986 1.2279 0.7051 0.2705 0.0474
Pedestrian 0 0 1.5327 582.9844 139.5155 617.1478 223.7536 1.6738 0.6113 0.6607 -0.1447 0.8443 14.5242 1.5227 0.682 0.4015 0.0013
Pedestrian 0 0 1.3378 507.083 143.9689 540.6208 217.958 1.7347 0.6079 0.7273 -1.9932 0.8743 16.9633 1.2208 0.6517 0.4306 0.1876
Pedestrian 0 0 1.7562 479.5326 139.2137 511.0734 214.1476 1.7917 0.612 0.7216 -2.7236 0.8032 17.3426 1.6004 0.6165 0.0571 0.513
Pedestrian 0 0 1.677 474.9018 134.8039 507.0516 211.4428 1.8944 0.6592 0.8841 -2.9676 0.7592 18.1568 1.515 0.4633 0.0819 0.0001
Pedestrian 0 0 1.0293 450.8792 142.8523 485.4384 219.1224 1.7564 0.6089 0.7181 -3.2926 0.8779 16.7758 0.8355 0.4364 0.199 0.5588
Pedestrian 0 0 1.7843 486.2142 138.845 513.4826 207.5145 1.8063 0.5699 0.6055 -2.87 0.6985 18.9962 1.6344 0.4265 0.0714 0.0
Pedestrian 0 0 1.1977 678.4262 150.075 699.2862 202.7283 1.6102 0.4875 0.5465 2.5709 0.6741 22.0478 1.3138 0.3899 0.0426 0.6066
Pedestrian 0 0 1.9925 430.1231 143.2152 464.8632 211.6734 1.7689 0.6004 0.7149 -4.2091 0.806 18.7091 1.7712 0.3709 0.0425 0.0
Cyclist 0 0 1.9412 429.2337 146.5337 464.8448 208.3995 1.7207 0.5531 1.6506 -4.5785 0.763 20.3567 1.72 0.3534 0.0714 0.0
Cyclist 0 0 1.0988 677.7173 145.0949 698.8792 201.5864 1.6761 0.5357 1.4799 2.5328 0.6229 21.8382 1.2143 0.3231 0.0403 0.0
Pedestrian 0 0 1.5448 569.5664 142.1654 599.0921 211.6186 1.7683 0.6165 0.7036 -0.5883 0.7868 18.4047 1.5128 0.321 0.0098 0.0448
Cyclist 0 0 1.6333 424.1241 142.81 464.7412 226.8687 1.7589 0.546 1.6337 -3.6216 0.9543 15.7252 1.4069 0.3113 0.0714 0.0
Pedestrian 0 0 1.5908 574.7478 143.6745 600.0608 203.3273 1.7564 0.5892 0.6935 -0.5584 0.6753 21.222 1.5645 0.3028 0.0714 0.0
Cyclist 0 0 0.0589 256.4197 140.8376 318.7544 238.5817 1.7095 0.5618 1.7035 -5.8722 1.0015 12.9878 -0.3658 0.2826 0.0714 0.0
Pedestrian 0 0 0.923 267.3749 140.9679 324.8839 230.341 1.8655 0.6317 0.817 -6.7553 1.0245 15.353 0.5084 0.2544 0.0 0.0