Pedestrian 0 0 0.7278 871.7167 148.9233 982.3105 354.5172 1.6325 0.5327 0.6767 2.5728 1.3832 5.8261 1.1436 0.7263 0.5982 0.4516
Pedestrian 0 0 0.8161 705.833 140.6665 785.6414 306.9771 1.7662 0.5734 0.7572 1.4899 1.3373 7.8897 1.0027 0.7189 0.4345 0.4906
Pedestrian 0 0 1.2319 521.3878 145.0598 618.0218 354.3833 1.7123 0.6133 0.7337 -0.3835 1.4287 6.2622 1.1708 0.6841 0.5509 0.5695
Pedestrian 0 0 0.8017 602.1066 138.5267 694.0059 314.8469 1.8246 0.5929 0.8744 0.4091 1.3955 7.6588 0.8551 0.6824 0.4138 0.4966
Pedestrian 0 0 0.8608 786.8436 139.7954 890.4776 361.3042 1.7152 0.5252 0.6253 1.7921 1.405 5.6635 1.1672 0.5992 0.3536 0.2509
Pedestrian 0 0 1.0249 512.5811 142.0603 560.7365 244.9564 1.7503 0.6038 0.6684 -1.2552 1.0884 12.3676 0.9237 0.4732 0.051 0.4091
Pedestrian 0 0 0.6065 1067.1559 141.1075 1191.7711 377.2298 1.7482 0.6229 0.7019 3.691 1.4901 4.9539 1.2468 0.4673 0.1018 0.4321
Pedestrian 0 0 0.6926 662.3481 157.1682 746.171 314.051 1.6512 0.5458 0.7187 1.0494 1.4158 7.8869 0.8249 0.4594 0.3412 0.579
Pedestrian 0 0 1.1598 764.1122 153.0051 844.8986 311.7604 1.6577 0.5767 0.6616 2.1419 1.3644 7.8127 1.4274 0.456 0.1871 0.5742
Pedestrian 0 0 0.6729 574.5228 146.251 658.135 323.8032 1.7219 0.5356 0.6914 0.0566 1.4046 7.2859 0.6807 0.4433 0.4525 0.5561
Pedestrian 0 0 1.3017 532.1762 154.9773 605.2494 331.8992 1.7846 0.6004 0.8056 -0.4353 1.5129 7.2577 1.2418 0.4253 0.0714 0.112
Pedestrian 0 0 0.4047 746.9534 145.5855 844.9348 334.6462 1.7281 0.5656 0.9335 1.764 1.4011 6.7317 0.661 0.3789 0.0714 0.0517
Pedestrian 0 0 1.6771 524.029 143.6392 556.1454 226.9644 1.6993 0.5621 0.6029 -1.4009 0.9464 14.8304 1.5829 0.3379 0.0143 0.0
Pedestrian 0 0 0.6883 765.282 141.3738 869.3246 353.696 1.6714 0.5586 0.7511 1.6762 1.368 5.8086 0.9692 0.3218 0.1172 0.3387
Pedestrian 0 0 -0.0716 1146.9615 157.8818 1220.0 378.1414 1.6883 0.6613 0.914 4.3441 1.5315 4.7608 0.6681 0.3162 0.0068 0.1657
Pedestrian 0 0 0.5086 1059.0279 134.7376 1233.2046 376.9842 1.7168 0.6306 0.7794 3.3333 1.4632 4.4488 1.1516 0.3048 0.0775 0.0
Cyclist 0 0 1.9342 513.656 143.995 556.4738 227.1017 1.7057 0.5555 1.6722 -1.5353 0.9475 15.228 1.8337 0.2567 0.0714 0.0
Pedestrian 0 0 1.9727 489.7182 141.1633 511.3843 178.909 1.7949 0.6079 0.7743 -4.9911 -0.0844 33.6652 1.8256 0.2516 0.0714 0.0