Car 0 0 -2.8518 185.5039 175.7749 428.0452 261.3496 1.6609 1.7167 4.2038 -6.2772 1.7231 15.1228 3.0379 0.775 0.561 0.0
Car 0 0 -0.3658 820.5088 192.4392 1058.8564 279.8165 1.4463 1.6208 3.733 5.934 1.8252 13.3613 0.0521 0.7746 0.6029 0.7509
Car 0 0 -0.5843 883.8748 190.0613 1192.6863 309.5929 1.536 1.5964 3.3296 6.023 1.8069 10.462 -0.062 0.7056 0.6502 0.8428
Car 0 0 -1.6771 632.9336 183.9458 675.1455 218.4617 1.4829 1.5797 3.7329 1.9639 2.0242 33.7058 -1.6189 0.6791 0.7292 0.0808
Car 0 0 -2.5917 19.4986 192.8117 341.1979 316.3646 1.3988 1.6459 4.292 -6.2409 1.7146 9.6827 3.1189 0.6113 0.7601 0.4846
Car 0 0 -2.6704 81.7071 190.5782 363.5831 291.3857 1.4704 1.6277 3.9192 -6.2212 1.7636 11.7916 3.1273 0.5971 0.5045 0.2295
Car 0 0 2.7684 756.4634 188.6402 940.6746 256.3315 1.5027 1.6303 4.0535 5.7722 1.9177 17.8863 3.0806 0.5454 0.0697 0.5322
Car 0 0 -2.7772 379.431 183.8663 506.98 233.3706 1.4947 1.6453 3.9004 -5.4483 1.878 23.6948 -3.0032 0.5365 0.0502 0.0
Car 0 0 -0.4385 724.2516 185.5263 871.6126 243.2157 1.5408 1.6244 3.8607 5.3275 1.9101 20.7355 -0.187 0.5128 0.3618 0.4092
Car 0 0 -0.7272 725.1958 178.8431 836.9076 230.8021 1.671 1.6453 3.8919 5.8475 1.8868 24.836 -0.496 0.427 0.0714 0.1544
Car 0 0 0.581 414.2063 185.8872 524.5305 224.7928 1.3824 1.6205 4.3249 -5.5943 1.9177 28.3853 0.3864 0.4067 0.0717 0.0
Car 0 0 -0.8373 945.373 179.7596 1257.4205 355.2397 1.535 1.6215 4.1679 5.7353 1.6375 7.5295 -0.1864 0.36 0.2307 0.4745
Car 0 0 -1.6221 623.9427 184.6121 651.0196 207.4632 1.4621 1.5668 3.6301 1.7975 2.2742 48.9485 -1.5854 0.3456 0.0135 0.0993
Cyclist 0 0 -1.594 525.8196 181.9673 548.5457 226.5169 1.7196 0.5939 1.7115 -3.0108 2.0899 29.3352 -1.6963 0.3381 0.089 0.0042
Car 0 0 -2.9878 386.4841 185.8918 499.9158 224.583 1.4189 1.5993 4.2061 -6.4927 1.9475 28.1658 3.0688 0.3333 0.0714 0.0
Car 0 0 -2.4054 1.0 186.7846 240.3752 366.6698 1.5181 1.615 3.5282 -6.243 1.687 6.8185 3.1364 0.3295 0.1158 0.1578
Car 0 0 -0.3316 805.7923 195.0376 1009.5626 274.066 1.4811 1.5896 3.5961 5.9545 1.9551 14.8938 0.0487 0.2589 0.0714 0.1921