Pedestrian 0 0 2.3732 237.3394 162.2328 342.9902 347.864 1.6615 0.5714 0.7845 -2.9906 1.495 6.8017 1.9589 0.8391 0.6544 0.509
Car 0 0 1.6551 543.7426 170.9486 596.9431 212.937 1.5537 1.709 4.2289 -1.2002 1.1426 28.9635 1.6137 0.7609 0.8535 0.7862
Pedestrian 0 0 1.8273 795.3128 166.4256 883.1068 346.6226 1.6188 0.5975 0.7772 2.254 1.4893 6.9654 2.1403 0.7391 0.5925 0.5174
Pedestrian 0 0 2.3717 79.6903 161.658 207.3658 347.7501 1.7167 0.6203 0.8694 -4.5039 1.5378 7.0293 1.8019 0.7011 0.4233 0.3508
Pedestrian 0 0 0.8281 1066.2146 148.5232 1198.8252 369.5111 1.7638 0.6042 0.8171 4.2418 1.508 5.8313 1.4569 0.6183 0.4863 0.2074
Pedestrian 0 0 -1.7447 722.4364 167.3037 781.6756 299.3774 1.6657 0.5844 0.7272 1.9318 1.481 9.5425 -1.5449 0.5461 0.2416 0.4709
Pedestrian 0 0 -1.0845 622.101 159.7299 661.9442 241.7887 1.7791 0.6681 0.8952 0.8766 1.3079 16.112 -1.0301 0.5062 0.3342 0.0726
Cyclist 0 0 -1.794 621.9527 161.6609 657.3182 244.6174 1.7835 0.5641 1.8048 0.8346 1.3531 16.3574 -1.743 0.4891 0.2061 0.0
Pedestrian 0 0 -1.7176 712.3172 167.2902 766.6656 283.9106 1.6162 0.6083 0.7985 1.9642 1.4242 10.5133 -1.5329 0.4831 0.0191 0.0737
Pedestrian 0 0 -1.5129 699.1262 169.5001 746.3874 281.1607 1.6174 0.5762 0.679 1.7842 1.4467 10.8416 -1.3498 0.4449 0.3078 0.2036
Cyclist 0 0 -1.3825 644.1384 166.5267 690.7245 243.3868 1.733 0.5835 1.6316 1.5144 1.3801 16.905 -1.2932 0.3843 0.0714 0.0
Cyclist 0 0 1.9691 75.4682 161.5004 197.8683 340.7894 1.7051 0.6117 1.7683 -4.6909 1.5114 7.2688 1.396 0.3765 0.0714 0.0
Pedestrian 0 0 2.1035 775.3684 163.6796 854.3456 320.7958 1.6399 0.5733 0.6992 2.3079 1.4579 7.9295 2.3867 0.2895 0.0714 0.347
Pedestrian 0 0 -1.9136 742.567 167.2748 800.6752 290.4434 1.5624 0.5602 0.8312 2.2355 1.4 9.6969 -1.687 0.2817 0.0714 0.3332
Pedestrian 0 0 -1.6734 737.3254 172.1077 788.6909 297.1427 1.5283 0.6116 0.7665 2.0689 1.4186 9.4012 -1.4568 0.2776 0.0714 0.276