Car 0 0 -1.2617 218.0762 188.0863 481.977 354.722 1.4359 1.5794 3.6558 -2.7568 1.6361 8.3564 -1.5803 0.9124 0.8719 0.8756
Car 0 0 -1.7025 699.5404 179.623 789.0073 261.22 1.6072 1.5938 3.3258 2.8503 1.7697 16.1453 -1.5278 0.8498 0.8536 0.6911
Car 0 0 1.6788 522.4142 173.8814 578.5756 221.9236 1.6495 1.6364 3.8309 -2.176 1.6876 26.8284 1.5979 0.7458 0.7751 0.4378
Car 0 0 -1.6666 682.4369 184.8194 747.6014 243.9323 1.4937 1.5618 3.3981 2.866 1.8579 20.5361 -1.5279 0.578 0.6941 0.6338
Car 0 0 -2.6138 312.1313 174.1594 476.8657 229.852 1.4988 1.6549 4.1499 -6.1026 1.5316 20.4998 -2.9031 0.5163 0.1363 0.0
Car 0 0 1.5337 651.4497 177.9244 676.4026 199.8859 1.4639 1.5303 3.818 3.7484 1.8352 50.6687 1.6075 0.4188 0.564 0.2193
Car 0 0 -0.0515 352.4596 173.2226 480.8286 220.7022 1.5113 1.5984 3.8497 -6.6372 1.5283 24.6328 -0.3147 0.4022 0.0714 0.0
Car 0 0 -1.4986 553.6424 178.4484 591.7104 212.5117 1.5763 1.6211 4.1214 -1.843 1.8679 35.9945 -1.5498 0.4004 0.4924 0.0
Car 0 0 -1.4758 559.651 178.6234 593.965 208.2747 1.4083 1.4865 3.53 -1.7096 1.7171 36.2731 -1.5229 0.3487 0.0714 0.0
Car 0 0 2.5325 1.0 225.7969 191.913 374.5489 1.48 1.6043 4.1217 -4.073 1.8264 2.5621 1.5232 0.2909 4.0 0.0
Car 0 0 -1.4685 592.0386 170.8559 616.5896 190.1993 1.654 1.6618 4.0701 -0.4629 1.4958 64.3404 -1.4757 0.2825 0.052 0.0
Car 0 0 0.2012 366.2934 174.5904 474.2593 210.3014 1.5127 1.6392 4.2774 -8.4682 1.5934 32.059 -0.057 0.2599 0.0714 0.0