Pedestrian 0 0 3.0689 426.9212 177.1761 458.9479 245.5146 1.5837 0.5214 0.5879 -3.801 1.475 17.0788 2.8499 0.7168 0.3835 0.0
Pedestrian 0 0 -1.4956 632.6748 171.5294 670.1162 267.3791 1.6813 0.6012 0.7581 0.863 1.5059 13.0353 -1.4295 0.6821 0.6126 0.4178
Pedestrian 0 0 1.8659 705.9784 168.305 740.0294 245.3863 1.7802 0.6416 0.7826 2.8597 1.4663 17.0744 2.0318 0.6483 0.4093 0.3326
Car 0 0 1.6522 537.5144 180.5329 575.9224 211.7835 1.5018 1.6437 3.9865 -2.3091 1.4803 37.6947 1.591 0.6209 0.7437 0.4532
Pedestrian 0 0 2.1002 740.3614 168.1967 768.5172 232.7176 1.7226 0.5822 0.7516 4.1094 1.3663 19.4531 2.3084 0.5798 0.2648 0.384
Pedestrian 0 0 0.4714 670.313 168.2957 712.0242 265.576 1.6384 0.5877 0.6702 1.5205 1.4144 12.4813 0.5926 0.5461 0.3134 0.0461
Pedestrian 0 0 1.5796 404.088 170.7064 432.5963 244.87 1.6637 0.5659 0.6375 -4.252 1.4238 16.5172 1.3277 0.4667 0.097 0.0
Pedestrian 0 0 0.8583 141.0102 193.3733 288.7712 370.2822 1.3943 0.5462 0.6331 -2.6447 1.5084 4.7616 0.3513 0.4638 0.0055 0.0
Pedestrian 0 0 -1.7359 608.9556 170.639 636.5302 236.9167 1.8068 0.6306 0.8966 0.5601 1.5053 20.4162 -1.7084 0.4632 0.3081 0.0
Pedestrian 0 0 -3.0772 654.1537 167.5189 695.2256 249.7038 1.7545 0.6131 0.8495 1.5694 1.4556 15.7811 -2.9781 0.4073 0.0714 0.0
Pedestrian 0 0 0.8021 159.5301 203.8303 266.9622 373.501 1.3635 0.5906 0.7492 -2.9152 1.5136 5.2146 0.2923 0.3388 0.0022 0.0
Cyclist 0 0 -1.3965 604.8402 168.6329 636.3841 237.7665 1.7821 0.5948 1.9826 0.4838 1.4518 19.4629 -1.3717 0.3364 0.0189 0.0
Pedestrian 0 0 1.3709 678.8548 166.2659 720.4536 249.7001 1.6841 0.62 0.7175 1.9987 1.3783 15.0398 1.503 0.3338 0.026 0.0
Pedestrian 0 0 -1.6992 648.2898 169.8414 686.707 253.5203 1.6798 0.6167 0.8025 1.3259 1.4543 14.9551 -1.6108 0.3161 0.09 0.0
Pedestrian 0 0 1.8876 646.1548 165.472 693.9658 267.551 1.7815 0.6472 0.8548 1.2154 1.4962 13.0717 1.9803 0.3062 0.0 0.2724