Car 0 0 -2.0623 800.7188 201.5375 1178.1865 373.9067 1.3843 1.5859 3.7401 3.089 1.7107 6.8674 -1.6396 0.8306 0.8857 0.7604
Car 0 0 -1.6915 640.5006 183.9112 710.2334 238.1792 1.435 1.5693 3.4841 1.7939 1.7918 21.434 -1.608 0.7658 0.7569 0.4655
Car 0 0 2.0477 0.0 212.2179 274.232 379.3774 1.3731 1.5833 3.8295 -5.118 1.8627 7.35 1.4394 0.7446 0.7796 0.6654
Car 0 0 -1.6672 625.74 183.3548 675.489 226.369 1.4894 1.5568 3.7421 1.4801 1.9197 27.9859 -1.6143 0.6859 0.7516 0.7323
Car 0 0 1.7754 445.9322 184.8642 496.4449 218.7558 1.4495 1.5775 3.7226 -6.5564 2.054 34.1344 1.5857 0.6438 0.6856 0.0352
Car 0 0 2.8606 852.8547 169.0104 1015.6108 223.9484 1.6486 1.7198 4.2157 9.9633 1.528 22.4103 -3.0043 0.4901 0.1481 0.4154
Car 0 0 3.0141 802.5888 178.8928 896.7913 213.2652 1.4529 1.579 3.8407 10.4771 1.7032 31.7413 -2.9503 0.402 0.0639 0.0
Car 0 0 2.4955 857.7791 178.1695 962.1988 222.611 1.4303 1.4964 3.4763 10.228 1.6139 24.7992 2.8867 0.3539 0.0714 0.3802
Car 0 0 1.7435 466.2812 184.8765 509.1104 215.1081 1.5147 1.6264 4.1616 -6.7623 2.2046 40.0701 1.5763 0.3263 0.0714 0.1286
Car 0 0 2.7965 866.0825 171.4547 1005.9135 214.6394 1.5562 1.6886 4.4481 12.0978 1.5151 27.0916 -3.0667 0.3181 0.0714 0.1448
Car 0 0 -1.6249 613.6576 179.1861 638.8286 202.5918 1.5273 1.5615 3.6214 1.0708 1.9814 49.6675 -1.6033 0.2758 0.0137 0.0