Car 0 0 -2.0354 768.1515 200.1898 1111.4507 381.5339 1.423 1.5913 4.0148 2.917 1.7528 7.5889 -1.6684 0.8365 0.8421 0.7331
Car 0 0 -1.7105 653.0392 176.03 719.6744 229.9164 1.6192 1.6498 3.9243 2.3919 1.7363 23.8404 -1.6105 0.7567 0.7153 0.1228
Car 0 0 -2.701 303.9317 180.7874 461.5946 247.0669 1.5609 1.6029 3.5801 -5.8586 1.7791 18.6136 -3.006 0.6272 0.2547 0.0
Car 0 0 -2.8917 362.6549 176.9874 497.4237 232.3794 1.6875 1.6444 3.9169 -5.7239 1.8211 23.1055 -3.1345 0.5691 0.3071 0.367
Car 0 0 -2.9147 386.0518 175.7963 501.7646 224.7906 1.7584 1.7096 4.0364 -6.2697 1.8779 27.253 -3.1408 0.5236 0.0376 0.0
Car 0 0 -2.8235 406.4917 179.4048 513.2506 221.2136 1.6118 1.657 3.8487 -5.9907 1.8669 28.7829 -3.0287 0.48 0.0929 0.0
Car 0 0 -2.8492 435.2618 177.7856 525.8457 215.3121 1.6301 1.6314 3.8167 -5.9104 1.8648 32.8242 -3.0274 0.4778 0.1201 0.4258
Car 0 0 -1.5968 629.9592 179.6293 655.1444 203.371 1.5466 1.5855 3.6783 2.2129 2.0549 50.4639 -1.5529 0.4619 0.0714 0.0
Pedestrian 0 0 -0.1557 324.1618 192.9567 370.922 282.6528 1.5153 0.5451 0.48 -4.734 1.8926 12.9389 -0.5064 0.4086 0.0714 0.0
Car 0 0 -1.6784 644.6972 182.4588 686.609 216.95 1.4835 1.5836 3.6975 2.4896 1.9509 33.6626 -1.6046 0.3531 0.2671 0.0
Car 0 0 -2.9113 481.9763 178.8894 543.5711 204.284 1.5215 1.5963 3.7327 -6.0997 1.89 45.0902 -3.0457 0.3354 0.0757 0.0
Car 0 0 -1.626 632.0364 180.9579 660.2384 204.5872 1.4832 1.5952 3.7006 2.3531 2.036 48.0691 -1.5771 0.3166 0.0379 0.0