Pedestrian 0 0 1.4113 480.834 144.6535 536.2423 276.5163 1.8743 0.6601 0.934 -1.5024 1.3543 10.5633 1.27 0.6944 0.3987 0.1498
Pedestrian 0 0 1.2757 788.992 147.1551 893.2471 366.5769 1.7469 0.6089 0.5399 1.7802 1.4995 5.5304 1.5871 0.6825 0.003 0.4804
Pedestrian 0 0 1.8186 683.835 148.6821 733.418 278.8988 1.7321 0.5733 0.703 1.3703 1.3039 9.7658 1.958 0.6724 0.4092 0.3831
Pedestrian 0 0 1.0571 785.1604 135.418 925.157 369.4659 1.692 0.5995 0.7307 1.6134 1.4058 4.9367 1.373 0.6599 0.3189 0.1173
Pedestrian 0 0 1.0911 639.5592 140.0165 705.6394 274.1188 1.7677 0.6015 0.7078 0.8685 1.2292 9.733 1.18 0.6333 0.384 0.4807
Pedestrian 0 0 0.625 872.6913 129.9331 1007.1066 370.8265 1.7904 0.5973 0.8103 2.337 1.4465 5.1131 1.0537 0.6319 0.2988 0.072
Pedestrian 0 0 1.123 541.7064 141.1098 594.7812 262.6008 1.7441 0.5985 0.6347 -0.6122 1.1787 10.5421 1.065 0.6248 0.3645 0.4894
Pedestrian 0 0 2.2558 768.3878 144.136 830.4344 268.0939 1.8312 0.6112 0.8258 2.9248 1.2923 10.8001 2.5203 0.5411 0.0312 0.0
Pedestrian 0 0 1.1 595.7536 142.9474 643.8698 261.9321 1.6489 0.5725 0.613 0.1662 1.1188 10.2806 1.1162 0.5304 0.3749 0.0159
Pedestrian 0 0 1.137 512.3612 145.3732 560.9355 266.8595 1.6913 0.5499 0.6145 -1.0459 1.1991 10.1586 1.0345 0.4975 0.3595 0.3192
Pedestrian 0 0 1.2429 879.3719 128.3229 970.4131 365.2293 1.7873 0.5444 0.4964 2.1913 1.4221 4.9272 1.6613 0.4796 0.0001 0.0337
Pedestrian 0 0 0.8097 443.2389 140.1809 511.2564 246.794 1.8529 0.6603 0.8752 -2.3724 1.1459 12.7474 0.6257 0.4746 0.0714 0.0
Pedestrian 0 0 1.5312 576.6401 141.4547 607.2409 222.0726 1.7254 0.569 0.575 -0.343 0.8824 15.584 1.5092 0.4315 0.0639 0.3506
Pedestrian 0 0 0.9833 254.9407 137.0538 320.2683 259.1711 1.8854 0.6231 0.8203 -5.1453 1.1977 11.3551 0.5579 0.4258 0.0714 0.2841
Pedestrian 0 0 0.9845 567.5702 140.6534 610.243 228.9379 1.8399 0.6547 0.9127 -0.4118 0.9978 15.1639 0.9574 0.4226 0.0433 0.0883
Pedestrian 0 0 1.6817 463.2984 141.1586 496.2296 228.4478 1.783 0.5731 0.601 -2.6659 0.9719 14.8157 1.5037 0.4132 0.1598 0.1162
Pedestrian 0 0 1.2681 624.7588 143.0768 656.5246 226.7237 1.6649 0.4979 0.5792 0.6696 0.9114 14.4903 1.3143 0.3847 0.0126 0.0
Pedestrian 0 0 1.6488 777.9001 147.9121 821.8358 255.5352 1.6456 0.5569 0.6304 3.0442 1.1444 11.2226 1.9137 0.3607 0.0714 0.0
Pedestrian 0 0 1.5189 665.6779 146.3693 718.0594 272.9784 1.6128 0.5214 0.6129 1.0858 1.1815 9.2555 1.6357 0.3596 0.0714 0.1799
Cyclist 0 0 1.9797 458.6357 141.9304 499.4168 221.2512 1.7573 0.5579 1.6163 -2.932 0.8903 16.2763 1.8015 0.3255 0.0714 0.0
Pedestrian 0 0 2.8586 360.8859 144.6112 407.4642 200.2133 1.8239 0.649 0.8568 -7.4054 0.6454 23.669 2.5554 0.2981 0.0714 0.0
Pedestrian 0 0 2.3966 1026.4762 184.4535 1078.308 257.72 1.4914 0.4385 0.4783 9.33 1.5782 14.8202 2.9585 0.2836 0.0714 0.0
Pedestrian 0 0 1.1051 256.5704 146.6357 310.6003 239.9328 1.7782 0.6476 0.8602 -6.5021 1.1253 14.2157 0.6761 0.2812 0.0714 0.0
Pedestrian 0 0 1.3551 546.1294 141.9238 589.2504 238.2838 1.7501 0.6076 0.717 -0.7555 1.0402 13.3551 1.2986 0.2802 0.0714 0.0
Pedestrian 0 0 1.1151 783.4272 149.7823 817.275 236.0498 1.6017 0.52 0.503 3.6825 1.0272 13.5361 1.3808 0.2754 0.0714 0.0
Pedestrian 0 0 1.1989 569.5688 137.739 616.6869 257.1197 1.7515 0.538 0.573 -0.2613 1.1176 10.7788 1.1747 0.2578 0.0714 0.134
Pedestrian 0 0 0.871 228.982 132.8872 330.037 305.1086 1.8447 0.6386 0.8901 -3.7226 1.3287 7.9834 0.4347 0.2545 0.0714 0.0