Pedestrian 0 0 2.5454 763.0478 158.7956 835.1512 299.9038 1.714 0.5602 0.8248 2.4456 1.4351 9.0734 2.8086 0.8734 0.5434 0.3839
Pedestrian 0 0 -2.0404 133.1131 180.5363 242.2114 373.187 1.6014 0.6105 0.8024 -3.4975 1.5932 6.031 -2.566 0.6859 0.0212 0.4377
Car 0 0 1.8532 353.2225 168.5377 490.8092 257.6311 1.6733 1.6862 4.1543 -3.736 1.4028 15.6073 1.6183 0.6584 0.7308 0.0907
Pedestrian 0 0 2.7903 1011.3536 140.5061 1150.7047 324.3982 1.8323 0.5802 0.9624 4.8779 1.4253 7.4194 -2.9113 0.617 0.2984 0.0474
Pedestrian 0 0 1.926 243.3986 181.365 304.5071 302.0905 1.6175 0.611 0.6447 -4.6445 1.6217 10.1298 1.4961 0.6004 0.2386 0.0
Car 0 0 1.7377 435.4132 173.8012 507.7868 235.9957 1.734 1.6625 3.9509 -3.965 1.5155 22.3418 1.562 0.5648 0.3173 0.0255
Pedestrian 0 0 -2.3511 106.479 175.3133 255.3676 378.7258 1.6095 0.5822 0.8025 -2.8641 1.5659 4.8215 -2.8872 0.4869 0.2343 0.0
Pedestrian 0 0 -0.0733 508.1179 176.3598 530.3518 232.2921 1.6839 0.5929 0.6865 -2.5815 1.5244 22.1816 -0.1892 0.4836 0.0388 0.0
Pedestrian 0 0 2.097 722.8206 189.3868 755.6626 257.1086 1.5778 0.5699 0.6877 3.3348 1.7814 17.5541 2.2847 0.4446 0.1809 0.0
Cyclist 0 0 1.9159 225.5314 181.0641 297.7454 294.4513 1.6573 0.5552 1.6744 -5.3935 1.6768 11.3449 1.4721 0.4213 0.0103 0.0
Pedestrian 0 0 2.4121 228.924 179.8009 286.3925 294.1804 1.6944 0.5588 0.7187 -5.3746 1.6792 11.175 1.9638 0.3752 0.0221 0.2607
Pedestrian 0 0 2.7973 1036.2012 148.5247 1132.7615 281.8386 1.7721 0.572 0.8962 6.5345 1.3386 9.8227 -2.8989 0.3708 0.0714 0.0
Cyclist 0 0 1.8433 245.2895 182.1654 307.0378 297.0457 1.5886 0.5627 1.639 -4.8429 1.5976 10.6673 1.4171 0.3227 0.0071 0.0
Car 0 0 2.5149 3.0 199.7479 249.1561 368.9733 1.486 1.5769 3.749 -2.9555 1.5926 2.0207 1.5438 0.2847 2.0 0.2934
Pedestrian 0 0 1.2964 591.151 173.7592 615.042 233.5823 1.6795 0.5996 0.8469 0.0178 1.4643 20.808 1.2973 0.2531 0.0714 0.0