Pedestrian 0 0 0.863 650.0772 142.0919 710.2696 270.332 1.73 0.5653 0.7306 1.0 1.2075 9.9395 0.9633 0.6857 0.4127 0.5522
Pedestrian 0 0 1.3412 549.1328 142.1641 578.1151 211.1205 1.7049 0.5955 0.6467 -1.0876 0.757 17.8297 1.2803 0.6753 0.3692 0.2154
Pedestrian 0 0 0.9838 599.1155 140.1084 665.7152 273.4982 1.7686 0.5917 0.8083 0.3206 1.2302 9.8495 1.0163 0.6279 0.3794 0.5089
Pedestrian 0 0 1.1478 573.8122 135.4023 643.2246 278.0762 1.8293 0.6131 0.7964 -0.0144 1.2485 9.4425 1.1463 0.5907 0.3643 0.5815
Pedestrian 0 0 1.581 521.693 140.3638 550.2136 213.873 1.7799 0.594 0.6837 -1.7646 0.8019 17.6583 1.4814 0.5846 0.2605 0.2188
Pedestrian 0 0 1.3021 485.5032 140.8493 515.0004 211.925 1.756 0.5949 0.6773 -2.6831 0.7776 17.8242 1.1527 0.5353 0.3548 0.0643
Pedestrian 0 0 1.656 462.1683 139.2394 489.8556 207.6255 1.7571 0.5794 0.6644 -3.4595 0.6888 18.7543 1.4736 0.5062 0.1951 0.4207
Pedestrian 0 0 1.563 507.2697 139.7708 532.8006 198.5885 1.8267 0.6318 0.7435 -2.7149 0.563 22.351 1.4422 0.4337 0.0714 0.0
Pedestrian 0 0 1.6731 404.8605 142.9311 433.5642 210.373 1.7941 0.5887 0.6601 -5.1593 0.7851 19.5054 1.4145 0.3402 0.0 0.0
Pedestrian 0 0 1.2408 579.06 145.5804 612.7832 217.5144 1.6999 0.6005 0.7455 -0.2625 0.8633 17.4231 1.2257 0.3352 0.0714 0.0
Pedestrian 0 0 1.7011 434.1158 144.6319 461.1192 209.0138 1.7075 0.5703 0.6558 -4.2786 0.7542 19.0582 1.4802 0.3348 0.0019 0.4419
Pedestrian 0 0 1.5444 496.1078 138.0847 519.6996 207.435 1.7919 0.5977 0.6453 -2.6044 0.6901 18.6643 1.4058 0.3329 0.0714 0.3254
Pedestrian 0 0 2.5474 424.9948 143.9762 455.6778 202.0733 1.825 0.6265 0.7262 -5.3071 0.66 22.646 2.3172 0.326 0.0714 0.0
Pedestrian 0 0 1.0626 577.9898 141.301 631.1473 246.7615 1.6788 0.5834 0.7435 -0.0717 1.0592 11.8964 1.0566 0.3232 0.0007 0.0
Pedestrian 0 0 0.2353 1112.1661 156.7016 1260.6598 382.0742 1.638 0.6328 0.7546 3.6246 1.5041 4.463 0.9174 0.2872 0.0714 0.0
Pedestrian 0 0 1.7231 511.5003 142.4243 536.3394 202.6659 1.7052 0.5969 0.7301 -2.3935 0.6212 20.5089 1.6069 0.2799 0.0462 0.0004
Pedestrian 0 0 1.8246 402.8107 144.1472 428.7738 202.6074 1.7839 0.623 0.7809 -6.0216 0.6461 22.4148 1.5621 0.2791 0.0714 0.0