Car 0 0 -1.7102 636.6911 176.259 708.3176 229.9227 1.4399 1.6079 4.0299 1.7283 1.5594 21.7418 -1.6309 0.8413 0.859 0.5761
Car 0 0 -1.668 618.536 173.334 657.6114 205.5666 1.5498 1.5965 3.8031 1.3356 1.5742 36.5347 -1.6315 0.5716 0.5272 0.5274
Cyclist 0 0 -1.9288 332.5264 173.425 412.6964 310.8195 1.7273 0.5588 1.6045 -3.3363 1.7445 9.9986 -2.2509 0.5462 0.0714 0.2533
Car 0 0 -0.7371 877.121 163.8335 1253.6137 317.2198 1.6538 1.6792 3.9299 5.5266 1.5699 9.0116 -0.187 0.5433 0.4468 0.7321
Cyclist 0 0 -1.7507 345.7273 173.0057 428.893 304.2969 1.7446 0.5508 1.7105 -3.3212 1.7438 10.6614 -2.0527 0.5372 0.2286 0.4434
Car 0 0 -1.9071 881.3011 163.0211 1106.693 324.098 1.72 1.5799 3.6448 4.6189 1.6167 9.2998 -1.4461 0.5152 0.0714 0.2724
Car 0 0 -3.0555 182.5454 185.8534 393.9557 251.9021 1.3346 1.6404 4.3352 -7.4058 1.6654 16.5273 2.8065 0.4914 0.0941 0.5839
Car 0 0 -2.742 251.9398 182.4379 412.6806 237.2229 1.4301 1.5951 3.8374 -7.6792 1.7112 20.1373 -3.1064 0.4613 0.0718 0.1473
Car 0 0 -0.7386 934.3517 195.3045 1279.0 371.309 1.4228 1.6734 4.1191 5.3567 1.6289 6.6551 -0.0609 0.4374 0.5271 0.8115
Car 0 0 -2.6503 414.5673 176.4101 498.9251 209.7274 1.5144 1.5783 3.6993 -7.3856 1.6947 34.7051 -2.86 0.4243 0.1498 0.2101
Cyclist 0 0 1.1746 353.5044 182.1904 418.4063 298.6513 1.6934 0.5655 1.4738 -3.5693 1.8424 11.4617 0.8727 0.4182 0.0116 0.1695
Car 0 0 -0.7469 975.7993 187.8067 1219.5249 370.6731 1.4408 1.633 4.0574 5.4179 1.6115 6.7324 -0.0692 0.3575 0.0395 0.9318
Car 0 0 -2.593 258.7914 180.3854 449.144 248.6164 1.5758 1.6658 3.9233 -6.2768 1.756 17.7499 -2.9329 0.3505 0.0059 0.1034
Car 0 0 -2.9036 458.591 176.2282 526.7219 198.872 1.4487 1.6429 4.1805 -7.6433 1.6475 46.9088 -3.0652 0.3456 0.12 0.0
Car 0 0 -2.2776 343.6675 183.0485 449.5469 234.9384 1.4417 1.5458 3.2752 -6.6754 1.7955 22.4199 -2.567 0.3149 0.0318 0.0177
Car 0 0 -2.5879 286.8284 182.1531 440.707 238.1917 1.4694 1.6143 3.7079 -6.8431 1.7406 20.3355 -2.9125 0.2754 0.0714 0.1076