Car 0 0 -1.7781 671.0258 187.1901 744.5843 241.4129 1.4395 1.54 3.2772 2.7994 1.9006 21.6457 -1.6495 0.8237 0.786 0.7948
Car 0 0 -2.7865 231.3359 188.9502 426.4883 257.5901 1.4679 1.6374 3.9643 -6.5473 1.877 16.9554 3.1282 0.8101 0.6696 0.5546
Car 0 0 -2.6015 6.4309 190.5236 316.558 315.7354 1.4756 1.6226 3.8459 -6.4656 1.7512 9.7688 3.097 0.7278 0.6954 0.4823
Car 0 0 -2.7262 94.457 193.4462 341.3659 288.1676 1.4948 1.5808 3.5529 -7.039 1.8991 13.0942 3.0637 0.7258 0.5602 0.4136
Car 0 0 -1.6871 642.748 182.7462 690.2706 222.0401 1.4961 1.5701 3.8946 2.2697 1.9385 30.3561 -1.6124 0.6324 0.7021 0.5075
Car 0 0 -2.7634 341.1177 185.0577 480.565 235.612 1.5092 1.6692 4.044 -6.389 1.9146 23.1871 -3.0323 0.5835 0.3264 0.1165
Car 0 0 -2.9169 431.071 180.8728 527.8262 218.3386 1.6041 1.6622 3.9411 -5.8227 1.9659 32.1788 -3.0959 0.5085 0.3511 0.0
Car 0 0 -2.7298 976.6605 190.5311 1279.0 324.5009 1.4019 1.5313 3.777 6.5726 1.6651 8.8201 -2.0893 0.36 0.4825 0.6047
Car 0 0 -2.794 310.3154 190.3197 460.8043 244.0793 1.4313 1.6359 3.9479 -6.4458 1.9496 20.8929 -3.0933 0.3571 0.0099 0.1588
Car 0 0 0.4661 392.3339 188.7815 496.4216 228.2563 1.4442 1.5589 3.7783 -6.5313 2.0879 28.3461 0.2397 0.3013 0.0914 0.0
Car 0 0 -1.7759 661.9618 184.9352 730.1869 236.8826 1.4502 1.4995 3.5192 2.5632 1.8577 22.6986 -1.6635 0.2517 0.0714 0.4016