Car 0 0 -1.9987 757.3994 187.5275 1085.3365 376.5857 1.497 1.6397 4.2381 2.8127 1.6847 7.7682 -1.6513 0.8975 0.875 0.8721
Car 0 0 -1.794 691.9894 182.0981 784.6701 243.1637 1.3991 1.5943 3.8407 3.2002 1.6612 18.9861 -1.627 0.8003 0.8285 0.6706
Car 0 0 0.5946 89.8236 187.5493 398.4068 287.226 1.4406 1.6586 4.258 -5.9859 1.7021 11.848 0.1267 0.7732 0.7282 0.6933
Car 0 0 -1.6379 656.9652 172.1956 697.5576 208.1513 1.6262 1.6172 3.9361 3.1702 1.6071 34.8178 -1.5471 0.5364 0.632 0.101
Car 0 0 -2.8482 208.3164 181.2088 406.4712 255.2478 1.5566 1.6514 4.0178 -6.7081 1.7437 16.1751 3.0419 0.5363 0.1394 0.3946
Car 0 0 -2.7803 411.8584 176.0722 532.5502 218.6397 1.5206 1.6803 4.2527 -5.2806 1.6493 27.529 -2.9699 0.5295 0.1323 0.0
Car 0 0 -2.8477 441.5914 173.2426 543.6552 211.3432 1.6352 1.6771 4.1376 -5.2297 1.6585 32.0664 -3.0094 0.4775 0.1854 0.228
Car 0 0 -2.4926 244.9981 168.9904 417.509 244.9114 1.7725 1.6716 3.9511 -7.0798 1.6928 18.3081 -2.8616 0.4004 0.0041 0.0397
Car 0 0 -2.8052 393.7731 179.0527 509.927 222.8404 1.4392 1.5809 3.7029 -5.4779 1.6597 24.9478 -3.0213 0.3656 0.0245 0.0
Car 0 0 -2.7861 477.179 174.1385 555.7602 204.0005 1.566 1.6279 4.1595 -5.0648 1.6289 38.9533 -2.9154 0.3634 0.0573 0.0
Car 0 0 -2.7105 215.0955 166.6133 428.9296 263.6397 1.8148 1.6733 3.9182 -5.8614 1.7068 14.7019 -3.0899 0.3484 0.0714 0.3821
Car 0 0 -1.6138 645.7231 174.7467 668.6402 194.833 1.5021 1.6049 3.8665 3.6524 1.6564 56.5244 -1.5492 0.3397 0.0058 0.0
Car 0 0 -2.3276 1.0 200.1423 140.2386 377.8523 1.458 1.6071 4.1146 -6.0833 1.7017 5.0185 3.0746 0.2925 0.006 0.1597
Car 0 0 -1.6037 641.6104 173.7891 663.1624 193.6402 1.5949 1.6401 3.9862 3.5103 1.6854 60.5487 -1.5458 0.2597 0.0714 0.0