Pedestrian 0 0 2.7126 645.9452 159.0916 711.0034 274.9761 1.7942 0.571 0.9707 1.1986 1.4476 11.5615 2.8159 0.8027 0.5481 0.4827
Car 0 0 1.7025 490.1904 173.8822 572.6747 235.1029 1.5323 1.6625 3.9969 -1.8884 1.3333 20.0828 1.6087 0.7972 0.8201 0.8898
Pedestrian 0 0 -1.9635 728.096 162.9378 811.3976 342.0511 1.6815 0.602 0.7588 1.621 1.5101 7.2669 -1.7441 0.7095 0.5942 0.5451
Pedestrian 0 0 -1.7089 545.9141 166.3595 611.2392 310.136 1.6453 0.5952 0.8856 -0.3234 1.4722 8.74 -1.7458 0.704 0.5041 0.5867
Pedestrian 0 0 -0.8933 697.7027 163.2604 748.1826 269.7892 1.7135 0.5977 0.8913 1.9646 1.4195 11.8673 -0.7293 0.6246 0.5067 0.1872
Pedestrian 0 0 -1.6213 782.9291 156.9842 847.2842 305.0028 1.7296 0.6113 0.8838 2.6054 1.4342 8.9288 -1.3374 0.5823 0.0206 0.2525
Pedestrian 0 0 -2.0945 770.9626 153.3599 853.7502 330.5774 1.697 0.5992 0.9307 2.1 1.4398 7.3905 -1.8177 0.576 0.2617 0.227
Pedestrian 0 0 -1.9728 742.8226 166.7904 829.733 346.5292 1.6671 0.6056 0.7862 1.7769 1.5362 7.2404 -1.7322 0.5264 0.0714 0.4131
Pedestrian 0 0 -2.5113 876.8186 158.3106 990.253 372.7763 1.655 0.539 0.6404 2.5749 1.4802 5.7304 -2.089 0.5105 0.4119 0.4444
Pedestrian 0 0 -1.8601 760.9322 161.2718 838.1742 343.7246 1.685 0.6088 0.7901 1.8997 1.4886 7.0865 -1.5981 0.4876 0.0714 0.3353
Cyclist 0 0 -1.1647 392.5705 153.8491 473.5013 265.7428 1.9494 0.5916 1.9802 -3.1667 1.4572 13.4408 -1.3961 0.481 0.0072 0.0
Cyclist 0 0 -1.5223 406.7208 156.4541 461.1466 259.8514 1.8628 0.5673 2.1601 -3.2647 1.4218 13.8498 -1.7537 0.4494 0.1116 0.0
Pedestrian 0 0 1.4632 404.1337 154.23 458.0689 264.0382 1.8962 0.6479 0.9043 -3.1374 1.4163 13.0615 1.2274 0.4252 0.0087 0.3364
Pedestrian 0 0 -2.0532 609.7594 164.1679 636.6478 219.2525 1.8144 0.6013 0.9223 0.698 1.2333 23.9769 -2.0241 0.3825 0.3064 0.0
Pedestrian 0 0 1.7889 943.7209 143.798 1080.0603 374.7047 1.7015 0.5735 0.755 2.4939 1.4938 4.5616 2.2892 0.3681 0.148 0.4174
Pedestrian 0 0 3.1282 890.1443 151.7081 1052.7612 368.2803 1.6405 0.6307 0.8069 2.0647 1.4758 4.1702 -2.6953 0.36 1.0 0.2429
Pedestrian 0 0 1.6166 906.553 142.6387 1123.8662 379.4292 1.749 0.6426 0.7382 2.0222 1.5491 3.7546 2.1106 0.3298 2.0 0.06
Pedestrian 0 0 -1.2841 374.111 163.7382 437.4901 288.5396 1.7531 0.6442 0.8809 -2.9269 1.4967 10.6239 -1.5529 0.3051 0.0175 0.0
Pedestrian 0 0 -2.0062 532.461 169.5882 603.2528 313.7604 1.6321 0.6193 0.9217 -0.4689 1.5112 8.7136 -2.06 0.2572 0.0714 0.4603