Car 0 0 -1.8116 675.2624 183.6965 788.5846 264.5696 1.4239 1.5554 3.7123 2.36 1.6768 15.093 -1.6564 0.8773 0.8747 0.6623
Car 0 0 -2.6666 94.4848 192.6318 386.931 290.4987 1.4208 1.6715 4.2836 -6.2115 1.7902 12.1685 -3.1386 0.7469 0.7188 0.5366
Car 0 0 -1.6716 646.3374 177.9969 694.2224 218.6037 1.5491 1.5707 3.7795 2.369 1.7745 29.8524 -1.5924 0.6927 0.7638 0.4873
Car 0 0 -2.6651 0.0 199.2042 311.819 326.3577 1.4182 1.6826 4.3086 -6.507 1.7841 9.2144 3.0033 0.5637 0.5397 0.3001
Car 0 0 -2.9023 391.5006 183.8211 504.3842 225.3856 1.41 1.611 3.9989 -5.9053 1.8115 26.2171 -3.1238 0.5064 0.1553 0.2571
Car 0 0 -2.8894 458.2854 181.0083 535.1346 210.6741 1.5707 1.6321 3.8722 -6.3097 2.0368 40.0294 -3.0457 0.3929 0.3525 0.0
Car 0 0 -3.0894 415.1562 183.5095 504.9755 216.6139 1.429 1.5675 3.7962 -6.832 1.9248 32.7894 2.9884 0.3606 0.0045 0.1326
Car 0 0 0.3861 227.3728 185.1798 408.502 252.4724 1.4732 1.6211 3.918 -6.8667 1.7704 17.0224 0.0027 0.3143 0.0714 0.2717
Car 0 0 -2.9117 434.2853 182.9229 510.3022 212.1916 1.4595 1.5309 3.9418 -7.2864 2.0195 38.2103 -3.1002 0.2942 0.0435 0.0
Car 0 0 -1.6225 640.9845 180.2074 668.7244 203.8064 1.4204 1.5482 3.6577 2.8047 1.8949 46.2062 -1.5619 0.29 0.009 0.0
Car 0 0 0.7029 265.4281 185.635 432.6491 254.4641 1.4447 1.6041 3.7978 -6.2153 1.752 17.0269 0.3529 0.281 0.0714 0.3119