Car 0 0 -1.9479 749.1637 150.1973 1083.2534 368.9855 1.7917 1.7443 4.4511 2.8149 1.5847 7.8829 -1.605 0.8775 0.861 0.8734
Car 0 0 -1.8129 711.7 176.2932 843.2991 270.5868 1.5099 1.5833 3.7098 2.9012 1.5788 13.4705 -1.6007 0.8632 0.8227 0.8
Car 0 0 -1.7539 683.0296 173.1033 767.1222 238.3562 1.5355 1.5704 3.4671 2.8559 1.5511 18.8531 -1.6035 0.8038 0.7946 0.8257
Car 0 0 -2.6863 65.3066 162.8378 368.6895 279.3888 1.8474 1.7614 4.1626 -6.7068 1.6856 12.4569 3.103 0.719 0.5855 0.5481
Car 0 0 -1.6854 653.1383 171.3691 697.2213 206.8597 1.4672 1.5293 3.409 2.7476 1.4001 31.4125 -1.5981 0.7062 0.6627 0.561
Car 0 0 -2.6331 17.2319 180.7356 309.3943 300.2402 1.4344 1.5499 3.7193 -6.4596 1.5728 9.7612 3.0654 0.6438 0.5856 0.6118
Car 0 0 -2.876 328.5854 167.6268 477.8188 220.0758 1.5513 1.6723 4.2402 -6.4318 1.3965 22.4366 3.128 0.5783 0.2656 0.2325
Car 0 0 0.2563 386.8104 171.1801 500.1155 211.9594 1.5208 1.6332 3.873 -6.3657 1.4521 27.5371 0.0291 0.5448 0.3435 0.0001
Car 0 0 -2.4367 1.0 183.5958 267.5955 360.2822 1.4723 1.6871 4.2347 -6.1175 1.6248 7.0779 3.1337 0.4228 0.4228 0.4914
Car 0 0 -1.6476 638.0808 166.4165 672.3843 196.7487 1.6388 1.6286 3.7295 2.5036 1.2987 41.248 -1.5869 0.4157 0.5792 0.7606
Car 0 0 -2.9811 423.2558 165.0241 522.1216 203.5204 1.6063 1.6541 3.8844 -5.86 1.2797 30.7725 3.1139 0.372 0.2149 0.0104
Car 0 0 -2.7974 235.617 164.6008 432.0088 246.6057 1.6892 1.6227 3.586 -5.9979 1.5155 15.696 3.1207 0.3491 0.0164 0.161
Car 0 0 0.1326 297.0655 165.8717 461.966 235.5174 1.7285 1.6719 3.9614 -6.0823 1.5487 19.0134 -0.177 0.3182 0.0714 0.4799
Car 0 0 -2.8098 168.6638 172.9604 412.8135 256.9655 1.5263 1.6088 3.6664 -6.1864 1.542 14.1373 3.0609 0.3095 0.0714 0.4301