Pedestrian 0 0 0.8577 729.6217 140.9954 814.9709 296.9286 1.8031 0.5763 0.8445 1.9608 1.3439 8.5415 1.0834 0.7685 0.5089 0.6731
Pedestrian 0 0 1.3412 563.733 153.4289 636.2077 310.6078 1.6487 0.5994 0.7249 -0.1119 1.3599 7.8416 1.3269 0.7092 0.5757 0.4802
Pedestrian 0 0 0.955 674.7448 153.3558 748.8547 300.2764 1.6974 0.5532 0.7203 1.2411 1.3813 8.5672 1.0989 0.6968 0.4359 0.4371
Pedestrian 0 0 0.7503 482.0319 151.4157 624.14 370.2802 1.6216 0.6101 0.7416 -0.4469 1.4734 4.4988 0.6513 0.5147 0.0324 0.6232
Pedestrian 0 0 0.5955 961.7972 129.0261 1139.081 369.6094 1.6825 0.5822 0.7359 2.2871 1.4256 3.8132 1.1357 0.4748 12.0 0.1726
Pedestrian 0 0 0.9355 225.898 137.0998 302.35 259.639 1.9056 0.6737 0.914 -5.6958 1.2287 11.712 0.4828 0.4416 0.0714 0.6526
Pedestrian 0 0 0.1239 483.7111 167.244 590.4298 370.9704 1.5717 0.5501 0.671 -0.4645 1.4858 4.7196 0.0258 0.4157 0.0666 0.5444
Pedestrian 0 0 0.8928 1120.7658 156.2159 1245.2321 381.8102 1.6584 0.5974 0.5385 3.8952 1.5164 4.8285 1.5716 0.3703 0.0116 0.0
Pedestrian 0 0 0.8896 837.9498 138.7095 1046.6376 375.6432 1.6787 0.6264 0.6519 1.4976 1.4854 3.173 1.3306 0.365 4.0 0.1985
Pedestrian 0 0 2.1448 547.8881 145.7562 571.3084 208.1233 1.7413 0.5718 0.6101 -1.3205 0.7658 19.8969 2.0786 0.3647 0.0714 0.0
Pedestrian 0 0 0.594 975.268 135.4267 1090.5241 366.8419 1.709 0.5981 0.6028 2.8824 1.428 4.8234 1.1326 0.3563 0.0714 0.1599
Pedestrian 0 0 1.0542 863.3346 127.9926 1158.5397 355.9206 1.6367 0.6704 0.7163 1.4454 1.4414 2.9014 1.5164 0.3413 4.0 0.1127
Pedestrian 0 0 1.2957 790.2036 123.8807 909.4686 383.0 1.8135 0.5553 0.5903 1.3707 1.4579 4.2295 1.6091 0.3398 0.141 0.3051
Pedestrian 0 0 0.6334 786.8832 130.0034 971.46 363.6818 1.6991 0.6088 0.6957 1.3455 1.4338 3.9574 0.9612 0.3329 6.0 0.2652
Pedestrian 0 0 2.5671 633.7492 146.061 661.0645 200.2538 1.6662 0.5394 0.6878 1.3024 0.6073 22.196 2.6257 0.3299 0.0052 0.6575
Pedestrian 0 0 1.4648 616.8486 147.0921 639.3617 205.5048 1.7239 0.5466 0.5532 0.6556 0.7113 21.4229 1.4954 0.3241 0.0714 0.0
Pedestrian 0 0 0.7726 892.2408 143.6797 1095.8937 374.3474 1.6353 0.6099 0.7384 1.9237 1.4607 3.7799 1.2434 0.3145 6.0 0.212
Pedestrian 0 0 0.6627 1073.2628 145.264 1224.2117 373.0568 1.7334 0.5959 0.7431 3.1057 1.527 3.8906 1.3363 0.3068 2.0 0.3575
Pedestrian 0 0 1.5069 233.425 144.1423 269.8788 217.2884 1.7556 0.6023 0.7054 -8.6697 0.879 17.2797 1.0419 0.2958 0.0714 0.0
Pedestrian 0 0 0.8917 540.7528 143.7656 629.7518 312.4972 1.7235 0.5875 0.7789 -0.2837 1.3471 7.6672 0.8547 0.2908 0.0714 0.1865
Pedestrian 0 0 0.2512 945.4734 126.876 1190.5534 348.165 1.6992 0.6078 0.7761 1.7906 1.4299 3.0094 0.788 0.2865 2.0 0.0255
Pedestrian 0 0 0.9338 1102.7301 146.3242 1272.9216 356.8652 1.6297 0.6681 0.741 3.2012 1.4654 3.9497 1.6149 0.2843 2.0 0.5424
Pedestrian 0 0 1.8217 602.7815 145.1638 627.6919 207.6862 1.7533 0.544 0.6087 0.2489 0.7453 20.2614 1.834 0.2826 0.0714 0.0
Pedestrian 0 0 0.8657 248.0678 143.2194 294.8209 226.0825 1.8199 0.6116 0.7326 -7.5103 1.0004 15.8319 0.4228 0.2813 0.006 0.0
Pedestrian 0 0 1.0893 249.662 145.0776 286.2848 217.0404 1.7039 0.6052 0.7085 -8.1683 0.862 17.0471 0.6424 0.2563 0.0714 0.0