Car 0 0 -1.9176 773.6678 179.9364 1028.9425 344.6527 1.5018 1.6219 3.9974 3.1392 1.6147 8.7828 -1.5743 0.9024 0.8855 0.8143
Car 0 0 -1.2217 169.5336 185.6836 374.2146 297.5408 1.5161 1.6451 3.9763 -5.4847 1.7601 12.2152 -1.6437 0.8287 0.7365 0.3601
Car 0 0 1.7985 402.3954 183.8262 479.2902 234.7998 1.5693 1.6203 3.9352 -5.8327 1.9824 25.1327 1.5705 0.8046 0.8243 0.5517
Car 0 0 1.7741 441.631 183.0238 500.1744 222.6589 1.4807 1.6111 3.8967 -5.7068 1.9199 29.7538 1.5846 0.6079 0.7005 0.7236
Car 0 0 2.4679 1026.3814 143.1967 1270.3654 256.7028 1.6999 1.6549 4.1357 9.404 1.2445 12.1207 3.1277 0.5908 0.6171 0.0468
Car 0 0 -2.9109 758.7288 163.7686 844.6352 194.7183 1.5941 1.6555 3.988 10.0208 1.1314 37.9366 -2.6527 0.3857 0.0402 0.0
Car 0 0 1.6782 493.523 181.608 530.6926 209.4486 1.5395 1.6508 4.0354 -5.8135 2.0907 42.9698 1.5438 0.3774 0.3534 0.0
Car 0 0 -1.6526 655.0538 175.2174 692.2232 204.4768 1.5025 1.6331 3.7695 3.3725 1.6427 39.234 -1.5669 0.3318 0.0051 0.0
Car 0 0 1.7101 518.1498 180.7148 548.854 203.2804 1.5091 1.5903 3.9059 -5.3951 2.0758 51.0234 1.6048 0.3209 0.1229 0.0
Car 0 0 -0.6543 1028.3927 148.0508 1133.6165 181.5855 1.4747 1.5807 3.6981 21.2085 0.3613 32.5902 -0.0774 0.2959 0.0714 0.0
Car 0 0 1.7306 473.0734 183.0684 516.305 217.0756 1.5287 1.6177 3.9808 -5.6261 2.0545 35.416 1.573 0.2866 0.0714 0.5833
Car 0 0 -2.8574 996.1356 151.1238 1105.1903 182.4517 1.5049 1.6761 4.3432 21.6843 0.4444 35.7605 -2.3123 0.2668 0.0714 0.3084