Car 0 0 -1.8286 700.0614 187.4182 818.726 271.0856 1.4183 1.5442 3.381 2.8211 1.7425 14.5366 -1.6369 0.8714 0.8772 0.8857
Car 0 0 -2.6375 9.719 191.1712 342.0306 308.9048 1.4468 1.6678 4.1922 -6.3912 1.739 10.2581 3.0885 0.8253 0.7876 0.6709
Car 0 0 -1.7147 652.3299 180.8356 715.4797 231.0036 1.5024 1.5992 4.1128 2.3658 1.7982 24.4137 -1.6181 0.7932 0.8315 0.8832
Car 0 0 -2.678 253.1529 184.6262 439.2757 251.8006 1.5299 1.6492 4.0811 -6.5924 1.8418 18.0798 -3.0276 0.6902 0.6344 0.3757
Car 0 0 -2.8616 386.7161 178.3336 509.1386 223.3038 1.5669 1.6755 3.988 -5.9473 1.7665 26.4859 -3.0825 0.5254 0.3573 0.0499
Car 0 0 -2.7717 289.3786 184.7123 441.2694 242.222 1.4647 1.5949 3.6685 -6.6814 1.8054 19.8501 -3.0964 0.4879 0.0714 0.0
Car 0 0 -2.5431 169.2004 189.8909 391.7233 273.8503 1.4078 1.6148 3.9256 -6.4017 1.7739 14.0923 -2.9695 0.4118 0.3795 0.1836
Car 0 0 0.4727 320.186 183.6177 463.1363 236.0454 1.4578 1.593 3.8585 -6.6728 1.8131 22.0424 0.1787 0.3533 0.0278 0.0
Car 0 0 -1.6435 644.568 179.6075 680.5822 211.6048 1.4758 1.5886 3.533 2.547 1.8283 35.9282 -1.5728 0.3458 0.1651 0.5547
Car 0 0 -2.2649 484.122 174.8611 549.7948 203.7501 1.5162 1.611 3.8536 -5.2269 1.6389 39.89 -2.3952 0.3442 0.0256 0.0
Car 0 0 -2.6635 473.628 176.4043 544.8074 206.585 1.6171 1.6145 3.5197 -5.6639 1.8166 40.3098 -2.8031 0.3418 0.007 0.0
Car 0 0 0.2188 347.604 183.4571 472.1728 228.5311 1.4538 1.6061 3.7855 -6.8335 1.8072 24.3787 -0.0544 0.3292 0.0714 0.0
Car 0 0 2.6174 327.668 182.8404 429.7866 239.0174 1.5303 1.5797 3.627 -7.0181 1.8619 21.9002 2.3073 0.3195 0.0714 0.0
Car 0 0 -2.9396 367.0434 184.115 494.4178 224.0382 1.3883 1.6317 4.2007 -6.6723 1.8208 26.9951 3.1013 0.3018 0.0714 0.2075
Car 0 0 -2.6062 1.0 200.3712 108.375 376.1524 1.4821 1.5958 4.2425 -6.5934 1.7692 5.3828 2.7909 0.2797 0.0714 0.0