Pedestrian 0 0 1.6929 440.8858 156.011 507.153 320.2574 1.7482 0.6426 0.7681 -1.4761 1.4729 8.0875 1.5124 0.855 0.6732 0.7398
Pedestrian 0 0 1.7699 387.1347 162.3159 463.892 331.7514 1.6694 0.6038 0.7558 -1.8782 1.4825 7.5282 1.5254 0.7819 0.6359 0.57
Pedestrian 0 0 1.0775 669.3412 161.3005 704.4477 237.886 1.7374 0.5981 0.7102 1.9322 1.2729 16.5474 1.1938 0.6763 0.3514 0.0
Pedestrian 0 0 -1.5076 626.2191 157.895 660.4179 243.1179 1.8029 0.6358 0.8521 0.882 1.2913 15.7231 -1.4515 0.5944 0.2625 0.5578
Car 0 0 1.659 565.8736 171.7351 598.4276 197.0651 1.4494 1.6304 4.108 -1.1265 0.8761 43.2662 1.633 0.5881 0.6493 0.6348
Pedestrian 0 0 1.9958 702.797 168.354 727.5026 230.0264 1.6145 0.5413 0.6367 3.007 1.2706 19.1876 2.1513 0.503 0.3651 0.0
Pedestrian 0 0 2.1143 495.2896 166.1023 517.4071 216.5738 1.6578 0.5451 0.603 -3.1875 1.1602 23.9184 1.9818 0.4529 0.0603 0.0
Pedestrian 0 0 2.1074 488.9288 164.8859 522.2824 218.149 1.7149 0.5964 0.7431 -3.1493 1.1613 23.4909 1.9742 0.4463 0.0025 0.0
Pedestrian 0 0 1.0131 397.4758 169.7011 479.6057 330.1612 1.6247 0.5605 0.8724 -1.7616 1.5033 7.5748 0.7846 0.4239 0.0714 0.484
Pedestrian 0 0 2.0187 724.2785 154.7757 753.0111 227.4545 1.7783 0.6088 0.8305 3.4241 1.1252 18.0922 2.2057 0.3529 0.0714 0.064
Pedestrian 0 0 1.4224 716.696 155.3172 747.2692 226.9396 1.8833 0.6505 0.796 3.4689 1.1955 19.3636 1.5997 0.3328 0.0714 0.1369