Car 0 0 -1.8531 701.5048 190.301 829.2914 268.7636 1.3853 1.5847 3.9287 3.0953 1.7891 15.4076 -1.6548 0.8497 0.8532 0.6055
Car 0 0 0.7226 13.4705 188.2021 329.2198 350.7569 1.5034 1.6348 4.0439 -6.0615 1.7243 8.0699 0.0784 0.6483 0.7639 0.7101
Car 0 0 -1.6782 655.8562 176.0084 702.3042 216.4904 1.6273 1.6411 3.7519 2.8913 1.7822 31.3985 -1.5864 0.6411 0.6062 0.1215
Car 0 0 -2.7735 389.0329 177.5562 514.5567 225.8815 1.5054 1.6062 3.763 -5.2067 1.6602 23.6937 -2.9898 0.5776 0.3466 0.0
Car 0 0 -2.8564 430.0364 172.5006 530.0756 214.2978 1.7088 1.6684 3.9407 -5.5215 1.6995 30.6577 -3.0345 0.5484 0.2618 0.0082
Car 0 0 -2.2418 860.1876 203.4639 1245.9292 378.9682 1.4392 1.6082 4.0289 2.6751 1.66 3.8917 -1.6396 0.5106 16.0 0.8607
Car 0 0 -2.9282 446.994 174.7132 537.3678 210.7428 1.6317 1.6125 4.082 -5.5508 1.7244 33.9959 -3.0901 0.4497 0.0844 0.0
Car 0 0 -2.6875 19.0959 182.8842 327.5778 300.8407 1.4489 1.6212 3.6347 -6.2896 1.6002 9.9293 3.0311 0.4251 0.3618 0.4849
Car 0 0 -2.5802 105.1547 162.0167 365.871 271.3964 1.7565 1.6713 3.9513 -6.6718 1.5927 12.9417 -3.0562 0.4025 0.0964 0.7082
Car 0 0 -2.3326 351.1448 180.2445 476.0274 240.5729 1.4528 1.566 3.5262 -5.2803 1.6677 19.1228 -2.602 0.402 0.0714 0.0
Car 0 0 -1.582 638.7017 177.6436 660.5351 198.7533 1.553 1.6079 3.5444 3.0615 1.9476 56.3613 -1.5277 0.3498 0.0097 0.0
Car 0 0 -1.5989 641.368 178.0979 665.3346 199.3905 1.4754 1.589 3.686 3.1126 1.869 52.5859 -1.5398 0.3404 0.0604 0.0
Car 0 0 -2.9303 463.7372 174.7328 552.1586 207.4842 1.6248 1.6686 4.0891 -5.2222 1.7367 37.0271 -3.0705 0.3302 0.0208 0.0
Car 0 0 -2.5687 79.1202 184.0711 351.3826 289.8958 1.5112 1.6339 3.7934 -6.3697 1.6921 11.4747 -3.0755 0.2588 0.0714 0.1886