Pedestrian 0 0 2.4827 790.2508 148.842 863.0339 274.994 1.8243 0.5703 0.8559 3.3157 1.3474 10.7129 2.7828 0.7051 0.5573 0.3471
Pedestrian 0 0 0.3028 373.1329 161.4649 438.7894 286.7434 1.713 0.5937 0.8427 -2.7867 1.4403 10.1051 0.0337 0.5828 0.012 0.0374
Pedestrian 0 0 -2.169 329.6428 160.7712 421.8267 315.9826 1.7026 0.6018 0.9364 -2.7209 1.4785 8.4581 -2.4802 0.5142 0.0015 0.3643
Pedestrian 0 0 2.5605 1029.8141 135.6826 1123.9246 278.256 1.8824 0.5578 0.7918 6.4033 1.2799 9.7804 3.1402 0.5068 0.2447 0.0
Pedestrian 0 0 -0.2235 382.6055 168.4048 430.3825 287.7386 1.6703 0.5519 0.7186 -2.8635 1.4885 10.3974 -0.4922 0.4779 0.1277 0.2567
Car 0 0 2.0108 0.0 142.3709 419.327 366.4167 1.7979 1.7963 4.1407 -2.692 1.6334 4.0584 1.4251 0.4635 14.0 0.8269
Pedestrian 0 0 1.9064 666.4638 174.7724 692.3534 232.6725 1.717 0.5658 0.6869 2.3282 1.5165 21.725 2.0132 0.4491 0.0714 0.0
Pedestrian 0 0 1.5289 1154.7707 143.3924 1231.4756 297.8898 1.7448 0.6223 0.62 6.8786 1.3091 8.3909 2.2156 0.4006 0.1818 0.0
Cyclist 0 0 -1.7391 495.0188 167.9902 517.5634 214.4991 1.6777 0.5301 1.6954 -3.573 1.1715 26.7156 -1.8721 0.3964 0.0201 0.0
Pedestrian 0 0 -1.8113 685.9464 179.611 711.1142 234.782 1.6557 0.621 0.8452 2.9267 1.5795 21.9455 -1.6787 0.3815 0.0677 0.0
Pedestrian 0 0 2.6836 1040.9299 140.3988 1111.3772 243.9789 1.7336 0.5703 0.771 8.1617 1.0391 12.4409 -3.019 0.3731 0.0714 0.0
Car 0 0 1.7285 386.9266 158.065 468.2844 229.723 1.6646 1.6545 3.8117 -4.4102 1.0935 18.5178 1.4947 0.3669 0.051 0.1307
Pedestrian 0 0 -0.5474 346.282 164.4345 409.3396 291.2569 1.712 0.589 0.9051 -3.1214 1.4848 9.9102 -0.8525 0.366 0.068 0.0076
Car 0 0 1.6871 431.705 161.9824 494.231 216.6648 1.746 1.7337 4.5691 -4.799 1.0861 25.2838 1.4995 0.3516 0.1044 0.0255
Pedestrian 0 0 2.1205 677.0276 177.261 712.4178 231.8576 1.688 0.5995 0.7122 2.9493 1.5578 22.8306 2.2489 0.3498 0.0053 0.0
Pedestrian 0 0 -1.4945 339.8583 160.8426 397.5628 300.0277 1.7231 0.6534 0.7453 -3.1154 1.4705 9.5735 -1.8091 0.3087 0.0714 0.0
Pedestrian 0 0 -2.9986 711.1378 179.1467 734.7771 235.6143 1.6201 0.535 0.5101 3.5117 1.552 20.9545 -2.8325 0.3067 0.0714 0.0
Cyclist 0 0 2.526 794.8524 149.5243 866.6751 275.5123 1.8306 0.5145 1.8555 3.4293 1.3655 10.8995 2.8308 0.2837 0.0714 0.0
Cyclist 0 0 1.7954 490.0952 167.885 513.4434 214.5389 1.6751 0.5416 1.7708 -3.6757 1.1718 26.4095 1.6571 0.2688 0.0714 0.0