Car 0 0 -2.743 192.3314 175.0873 399.6218 248.2782 1.5275 1.6467 3.9849 -7.0881 1.5903 16.4162 3.1326 0.7638 0.4608 0.5513
Car 0 0 -2.2735 739.0116 175.5207 843.3126 219.5653 1.4956 1.6251 3.9147 6.4477 1.6037 26.2391 -2.0325 0.7567 0.6476 0.2028
Car 0 0 -1.7079 627.6046 173.9483 664.2099 203.6893 1.5148 1.5272 3.5037 1.8226 1.5813 38.5727 -1.6607 0.5649 0.7023 0.3541
Car 0 0 -2.7501 256.483 179.563 425.0406 238.1032 1.4341 1.5709 3.8026 -6.8993 1.6004 18.6306 -3.1047 0.444 0.0731 0.4773
Car 0 0 -2.8326 405.9053 176.0345 497.8149 209.3177 1.46 1.6174 3.9184 -7.1894 1.599 32.8005 -3.0484 0.4418 0.1336 0.8291
Car 0 0 -2.9195 296.5177 170.6043 459.5551 231.962 1.7002 1.7198 4.248 -6.6903 1.636 20.9164 3.0541 0.4394 0.1667 0.0
Car 0 0 3.0743 428.6182 174.9226 506.9264 200.9937 1.3778 1.6287 4.1277 -7.791 1.4936 39.6646 2.8803 0.3829 0.0714 0.0
Car 0 0 1.0334 25.0 176.3332 322.5295 383.0 1.6119 1.7263 4.4004 -5.2012 1.6746 6.3448 0.3467 0.3588 0.0475 0.5486
Car 0 0 -1.6438 612.5031 172.9935 638.493 197.104 1.5932 1.6405 3.818 1.0003 1.6148 50.2196 -1.6239 0.3051 0.0594 0.0
Car 0 0 -3.0177 458.3534 171.4566 526.7909 195.2887 1.4973 1.6779 4.3337 -7.5845 1.4076 46.6946 3.1045 0.2911 0.0714 0.0
Car 0 0 0.7902 1.0 172.4229 237.3183 377.0908 1.479 1.7207 4.2957 -5.7304 1.5574 6.2442 0.0477 0.2764 0.0714 0.5146