Car 0 0 -1.3441 335.1543 175.3788 488.94 289.9847 1.5929 1.6202 3.6968 -3.092 1.4381 11.9354 -1.5976 0.8567 0.7912 0.5539
Car 0 0 -1.5068 333.2654 179.8729 395.7124 231.6294 1.5411 1.6301 3.4825 -7.8742 1.3765 23.2691 -1.8331 0.7999 0.0714 0.4233
Car 0 0 -1.4613 483.7822 180.2496 544.5023 229.7874 1.5157 1.6302 4.0691 -3.1151 1.3653 24.2677 -1.589 0.7513 0.7957 0.4084
Car 0 0 -1.5925 560.4782 181.9033 619.2282 235.4522 1.4605 1.6649 3.5461 -0.5959 1.3802 21.9443 -1.6197 0.7386 0.7982 0.4493
Car 0 0 -1.0063 0.0 186.9539 377.8981 366.2606 1.5237 1.6195 4.121 -3.0307 1.5854 4.383 -1.6112 0.6687 0.8303 0.6105
Car 0 0 -1.241 329.9175 178.2222 418.308 235.3626 1.566 1.5947 3.4412 -7.0675 1.3726 21.8705 -1.5536 0.5145 0.2963 0.0802
Car 0 0 -1.503 292.3234 183.8874 333.7948 219.4466 1.5322 1.6126 3.4857 -13.9731 1.5068 34.1029 -1.8919 0.44 0.2071 0.0281
Car 0 0 1.136 73.248 187.7544 306.14 310.8847 1.452 1.595 3.5573 -6.2139 1.5246 10.4686 0.6003 0.4169 0.0714 0.101
Car 0 0 2.1568 30.2121 185.5857 254.1645 302.0379 1.4896 1.5117 3.3458 -7.1726 1.5369 11.1529 1.5853 0.3339 0.0714 0.2403
Car 0 0 -1.1002 288.3202 184.2862 351.7462 218.9486 1.4486 1.5851 3.5145 -13.2122 1.4424 33.0832 -1.4802 0.2691 0.0714 0.1506
Car 0 0 -1.0736 326.9437 179.2184 441.75 242.401 1.563 1.6427 3.8438 -6.1335 1.3998 19.9934 -1.3712 0.2673 0.0005 0.0