Car 0 0 1.9559999704360962 124.25350189208984 193.70770263671875 436.1796875 369.74810791015625 1.432800054550171 1.5841000080108643 3.9159998893737793 -3.2690999507904053 1.7325999736785889 8.02340030670166 1.569100022315979 0.8952999711036682 0.8805000185966492 0.8258000016212463
Car 0 0 1.8034000396728516 577.6351928710938 181.65310668945312 635.3104858398438 218.83670043945312 1.4466999769210815 1.5694999694824219 3.8259999752044678 -0.1242000013589859 1.8529000282287598 31.149999618530273 1.799399971961975 0.6265000104904175 0.7390999794006348 0.6445000171661377
Cyclist 0 0 -1.8681999444961548 796.7871704101562 162.7761993408203 872.207275390625 319.4342956542969 1.738700032234192 0.5566999912261963 1.7860000133514404 2.6440000534057617 1.6346999406814575 8.76449966430664 -1.5751999616622925 0.5849999785423279 0.26809999346733093 0.45089998841285706
Pedestrian 0 0 -1.7508000135421753 766.1965942382812 174.00010681152344 820.0574951171875 278.6181945800781 1.6634000539779663 0.616599977016449 0.8395000100135803 2.99399995803833 1.686400055885315 12.07229995727539 -1.507699966430664 0.5759000182151794 0.08100000023841858 0.0
Car 0 0 1.701200008392334 641.2094116210938 178.29469299316406 679.0916137695312 204.8238067626953 1.4701000452041626 1.7163000106811523 4.552299976348877 2.995800018310547 1.8125 42.81840133666992 1.7711000442504883 0.5126000046730042 0.7080000042915344 0.0
Car 0 0 1.7476999759674072 603.618408203125 174.84359741210938 650.9682006835938 213.47239685058594 1.6959999799728394 1.6258000135421753 3.906100034713745 0.8349000215530396 1.8095999956130981 34.07149887084961 1.7721999883651733 0.4772000014781952 0.7206000089645386 0.2915000021457672
Pedestrian 0 0 -1.695199966430664 800.7435913085938 164.4051971435547 867.98681640625 308.06878662109375 1.7073999643325806 0.6248999834060669 0.8460000157356262 2.754699945449829 1.6009999513626099 9.096099853515625 -1.4011000394821167 0.46389999985694885 0.19670000672340393 0.0
Car 0 0 -2.6982998847961426 359.0245056152344 175.98060607910156 472.1404113769531 219.63710021972656 1.568600058555603 1.6920000314712524 4.348899841308594 -7.382500171661377 1.6836999654769897 27.34600067138672 -2.9619998931884766 0.44190001487731934 0.08640000224113464 0.7936000227928162
Car 0 0 -1.5898000001907349 756.544921875 175.24609375 788.322509765625 203.53720092773438 1.5059000253677368 1.6124999523162842 3.941999912261963 9.10949993133545 1.6556999683380127 40.72370147705078 -1.3696999549865723 0.41510000824928284 0.36320000886917114 0.17560000717639923
Cyclist 0 0 -1.8097000122070312 768.5430908203125 172.1999053955078 809.4000854492188 279.0846862792969 1.645400047302246 0.5584999918937683 1.7199000120162964 2.8787999153137207 1.65910005569458 11.82960033416748 -1.5709999799728394 0.38830000162124634 0.07999999821186066 0.30309998989105225
Pedestrian 0 0 -2.0053999423980713 769.3422241210938 174.59759521484375 809.3739013671875 268.3817138671875 1.6016000509262085 0.5967000126838684 0.7414000034332275 3.110300064086914 1.642199993133545 12.786600112915039 -1.766800045967102 0.3700000047683716 0.07569999992847443 0.0