Car 0 0 -1.9111000299453735 727.974609375 189.6558074951172 938.3380737304688 326.9435119628906 1.4508999586105347 1.5765000581741333 3.775399923324585 2.7235000133514404 1.7039999961853027 9.86870002746582 -1.641800045967102 0.9023000001907349 0.871999979019165 0.7994999885559082
Car 0 0 -1.7318999767303467 664.706298828125 177.63119506835938 744.0858154296875 244.0800018310547 1.6205999851226807 1.5987000465393066 3.5499000549316406 2.427000045776367 1.7610000371932983 19.68470001220703 -1.6093000173568726 0.8334000110626221 0.8481000065803528 0.49470001459121704
Car 0 0 -2.727299928665161 96.98590087890625 166.81739807128906 388.1861877441406 280.61279296875 1.8069000244140625 1.715499997138977 4.003300189971924 -6.039299964904785 1.6978000402450562 12.22599983215332 3.097100019454956 0.7922999858856201 0.6618000268936157 0.314300000667572
Car 0 0 -2.8136000633239746 290.1806945800781 183.68429565429688 463.21978759765625 243.38479614257812 1.4443000555038452 1.6365000009536743 4.009900093078613 -6.038700103759766 1.7411999702453613 18.831899642944336 -3.1238999366760254 0.6897000074386597 0.38989999890327454 0.0
Car 0 0 -1.7111999988555908 654.7412109375 182.6696014404297 712.038818359375 227.70779418945312 1.4529000520706177 1.5628000497817993 3.636699914932251 2.4888999462127686 1.8253999948501587 25.825199127197266 -1.6151000261306763 0.6796000003814697 0.7106999754905701 0.5774000287055969
Car 0 0 0.2840999960899353 226.11180114746094 168.57679748535156 429.8044128417969 259.48858642578125 1.7726999521255493 1.658400058746338 4.032400131225586 -5.9039998054504395 1.698799967765808 15.251099586486816 -0.0851999968290329 0.6067000031471252 0.02630000002682209 0.4456000030040741
Car 0 0 -1.6792999505996704 640.4862060546875 177.03469848632812 682.556396484375 214.66769409179688 1.604099988937378 1.5815000534057617 3.480299949645996 2.2560999393463135 1.795699954032898 32.67850112915039 -1.6103999614715576 0.5734000205993652 0.6621000170707703 0.05480000004172325
Car 0 0 0.7148000001907349 1.1532000303268433 184.73109436035156 262.5624084472656 344.6412048339844 1.4774999618530273 1.6521999835968018 4.285399913787842 -6.503300189971924 1.6628999710083008 8.00510025024414 0.032600000500679016 0.47450000047683716 0.737500011920929 0.7408000230789185
Car 0 0 -2.805500030517578 429.93280029296875 176.95919799804688 530.3046875 216.18890380859375 1.6227999925613403 1.705299973487854 4.093900203704834 -5.677000045776367 1.8118000030517578 31.541900634765625 -2.983599901199341 0.4424999952316284 0.14839999377727509 0.0
Car 0 0 -2.84089994430542 401.09271240234375 183.12510681152344 503.04620361328125 220.63999938964844 1.4150999784469604 1.6103999614715576 3.616499900817871 -6.39109992980957 1.8592000007629395 29.216899871826172 -3.056299924850464 0.428600013256073 0.13120000064373016 0.0
Car 0 0 -2.9848999977111816 460.4902038574219 177.89720153808594 547.55810546875 208.22950744628906 1.5463000535964966 1.6979000568389893 4.415900230407715 -5.5619001388549805 1.8027000427246094 37.93410110473633 -3.130500078201294 0.37560001015663147 0.0430000014603138 0.08950000256299973