Car 0 0 -1.9718999862670898 761.4307861328125 168.67950439453125 1059.2841796875 371.1502990722656 1.6334999799728394 1.5470999479293823 3.464200019836426 2.7374000549316406 1.604099988937378 7.554800033569336 -1.6243000030517578 0.909500002861023 0.855400025844574 0.824400007724762
Car 0 0 -1.6800999641418457 674.964599609375 182.1071014404297 740.8452758789062 237.14340209960938 1.516800045967102 1.636199951171875 3.800299882888794 2.8822999000549316 1.8167999982833862 22.285999298095703 -1.5514999628067017 0.7821000218391418 0.7361999750137329 0.48489999771118164
Car 0 0 -0.21089999377727509 718.7528076171875 175.48129272460938 846.059814453125 220.5115966796875 1.5492000579833984 1.6680999994277954 4.259699821472168 6.153200149536133 1.6638000011444092 26.20639991760254 0.019700000062584877 0.6349999904632568 0.4618000090122223 0.6087999939918518
Car 0 0 -2.5713000297546387 370.00079345703125 178.3498992919922 496.2359924316406 226.0677032470703 1.4759999513626099 1.6253000497817993 3.93530011177063 -5.9822998046875 1.674299955368042 24.18869972229004 -2.813699960708618 0.5666000247001648 0.16050000488758087 0.5123000144958496
Car 0 0 -2.9386000633239746 400.68310546875 176.67149353027344 509.8918151855469 217.25270080566406 1.590499997138977 1.6363999843597412 4.067599773406982 -6.359600067138672 1.757599949836731 29.767000198364258 3.1340999603271484 0.4948999881744385 0.046300001442432404 0.20819999277591705
Car 0 0 -2.8145999908447266 264.52899169921875 180.27630615234375 463.04119873046875 249.38999938964844 1.4990999698638916 1.6598000526428223 4.040599822998047 -5.678800106048584 1.6793999671936035 16.846799850463867 -3.1398000717163086 0.4925999939441681 0.3736000061035156 0.7001000046730042
Car 0 0 -2.5569000244140625 167.9080047607422 187.10899353027344 367.0126953125 275.7749938964844 1.5369999408721924 1.5752999782562256 3.472599983215332 -6.615099906921387 1.8188999891281128 13.892999649047852 -3.001300096511841 0.4830000102519989 0.03790000081062317 0.6503999829292297
Car 0 0 0.5002999901771545 313.289306640625 178.05819702148438 482.1466064453125 240.2429962158203 1.4866000413894653 1.611799955368042 3.8598999977111816 -5.44920015335083 1.6354999542236328 18.59160041809082 0.2151000052690506 0.46860000491142273 0.06949999928474426 0.5098999738693237
Car 0 0 0.6801999807357788 3.3278000354766846 184.6168975830078 315.6282043457031 325.8457946777344 1.5096999406814575 1.6485999822616577 4.163700103759766 -6.349400043487549 1.7036999464035034 9.139100074768066 0.0729999989271164 0.42730000615119934 0.007600000128149986 0.7163000106811523
Car 0 0 -2.5420000553131104 29.330299377441406 161.84109497070312 354.88641357421875 310.2001953125 1.7761000394821167 1.6887999773025513 3.720099925994873 -6.085299968719482 1.6532000303268433 9.947099685668945 -3.0910000801086426 0.3856000006198883 0.004999999888241291 0.25529998540878296
Car 0 0 -1.5752999782562256 633.4849853515625 178.30580139160156 658.9364013671875 200.7805938720703 1.4746999740600586 1.618499994277954 3.859100103378296 2.4790000915527344 1.874899983406067 50.23970031738281 -1.5260000228881836 0.3847000002861023 0.32580000162124634 0.0
Car 0 0 -2.7325000762939453 423.8168029785156 178.6947021484375 514.42919921875 213.93580627441406 1.5684000253677368 1.6109999418258667 3.746999979019165 -6.579800128936768 1.8553999662399292 33.58530044555664 -2.9260001182556152 0.37880000472068787 0.007400000002235174 0.0
Car 0 0 -3.035799980163574 437.135986328125 179.0301971435547 530.7672119140625 212.20379638671875 1.5943000316619873 1.7051000595092773 4.134500026702881 -6.227700233459473 1.8976999521255493 35.724098205566406 3.0748000144958496 0.35929998755455017 0.031599998474121094 0.0
Car 0 0 0.9750000238418579 1.0 179.85760498046875 252.36720275878906 373.3500061035156 1.573699951171875 1.7086000442504883 4.475599765777588 -6.075300216674805 1.6574000120162964 6.432799816131592 0.21819999814033508 0.3472000062465668 0.08950000256299973 0.7027999758720398
Car 0 0 -2.8361001014709473 224.76730346679688 185.0030975341797 429.12921142578125 253.23880004882812 1.4101999998092651 1.6145000457763672 4.103400230407715 -6.275199890136719 1.693600058555603 16.199100494384766 3.077500104904175 0.33719998598098755 0.03660000115633011 0.3693000078201294