Pedestrian 0 0 1.4655 493.5756 158.4607 537.2264 258.9031 1.7727 0.6544 0.7969 -1.6156 1.366 13.1502 1.3432 0.7783 0.5053 0.2771
Pedestrian 0 0 1.7521 470.5902 165.3069 509.8192 259.6436 1.6629 0.5832 0.6575 -2.0735 1.3791 13.2125 1.5964 0.7004 0.4401 0.3055
Pedestrian 0 0 -1.9721 949.7376 138.8079 1069.4857 368.9096 1.7364 0.6038 0.6499 2.903 1.4411 5.2953 -1.4706 0.6338 0.5653 0.1423
Pedestrian 0 0 1.501 582.075 162.4333 615.1122 237.1377 1.8223 0.6516 0.9362 -0.104 1.3519 18.0395 1.4953 0.5659 0.2915 0.514
Pedestrian 0 0 -2.1822 1027.6859 124.6085 1143.7096 340.2296 1.8955 0.5853 0.8118 4.3356 1.3944 6.5472 -1.5972 0.5486 0.2308 0.3842
Pedestrian 0 0 1.6938 633.5318 164.6088 661.5636 232.8435 1.7608 0.6164 0.8022 1.1934 1.3226 19.129 1.7561 0.4719 0.0764 0.0
Car 0 0 1.6271 553.7322 171.993 582.5633 195.0191 1.4797 1.6377 4.2689 -2.2264 0.845 48.5322 1.5813 0.4442 0.648 0.635
Pedestrian 0 0 1.2199 629.1028 163.7238 657.204 226.9542 1.7238 0.5962 0.7669 1.1486 1.2372 20.2004 1.2767 0.405 0.0714 0.0
Pedestrian 0 0 1.3795 637.6175 163.7883 671.1542 233.5047 1.7382 0.6188 0.7705 1.3164 1.2883 18.3752 1.451 0.3976 0.1346 0.0244
Pedestrian 0 0 1.0878 668.0647 167.9309 698.39 225.4234 1.7661 0.6552 0.8994 2.535 1.3452 22.5666 1.1996 0.3828 0.1178 0.0
Pedestrian 0 0 0.6566 153.7412 202.7439 285.9532 383.0 1.5468 0.6604 0.8152 -2.6093 1.6281 4.6979 0.1496 0.3464 0.0577 0.0
Cyclist 0 0 -1.5118 1027.6961 123.3949 1140.2106 338.1528 1.8306 0.5516 1.5678 4.0428 1.3679 6.1045 -0.9268 0.3453 0.001 0.0
Pedestrian 0 0 -1.7665 613.3402 164.891 633.8687 217.0961 1.6956 0.5729 0.6614 0.6945 1.1501 23.6452 -1.7372 0.2872 0.0714 0.0
Pedestrian 0 0 -1.8222 613.9739 159.7228 641.0248 216.5059 1.8428 0.6367 0.8538 0.8322 1.136 23.7609 -1.7872 0.274 0.0714 0.0