Car 0 0 -1.4162 396.9063 174.8467 516.838 268.1568 1.5839 1.6419 3.9716 -2.9286 1.6381 14.3037 -1.6181 0.8543 0.8491 0.6256
Car 0 0 1.9869 192.6645 187.684 291.6534 238.3116 1.475 1.5897 3.771 -12.2329 2.0127 24.1408 1.5179 0.7768 0.6647 0.4037
Cyclist 0 0 -1.5801 687.063 160.291 713.559 224.2347 1.7193 0.5279 1.7932 2.4787 1.3902 20.3018 -1.4586 0.6016 0.0714 0.2272
Cyclist 0 0 -1.4423 682.133 160.5823 721.5078 224.3981 1.7969 0.5732 1.8082 2.6297 1.4481 21.2699 -1.3193 0.5624 0.0735 0.1958
Cyclist 0 0 -2.6625 671.9646 160.2996 728.7473 224.813 1.8023 0.5852 2.0448 2.5698 1.4566 20.9106 -2.5402 0.5571 0.0239 0.3653
Car 0 0 -1.5723 586.0886 171.458 613.6426 197.8814 1.5886 1.6529 4.3774 -0.6609 1.5015 45.5468 -1.5868 0.537 0.7764 0.4852
Pedestrian 0 0 0.152 656.497 168.0453 676.0932 218.6418 1.7271 0.6058 0.7528 1.925 1.5811 25.2883 0.2279 0.492 0.0172 0.0
Pedestrian 0 0 -0.0711 651.0008 168.7254 679.2436 217.8218 1.6668 0.5872 0.7465 1.848 1.5318 24.7193 0.0035 0.4056 0.026 0.0
Cyclist 0 0 0.1978 651.0749 167.1931 679.261 219.2959 1.7305 0.5436 1.5286 1.8103 1.5509 24.2989 0.2721 0.3329 0.0714 0.0
Cyclist 0 0 -0.527 654.9054 170.0291 707.4902 221.8005 1.6598 0.5668 1.7857 2.2738 1.5548 23.6201 -0.4311 0.3065 0.0 0.0
Car 0 0 1.7251 475.2864 178.0026 510.4951 205.6494 1.4446 1.4768 3.3638 -6.3963 1.7327 39.37 1.564 0.2748 0.0714 0.0