Car 0 0 -1.378 405.0816 177.2105 508.3698 248.9037 1.4458 1.6161 3.8617 -3.3798 1.397 16.6425 -1.5784 0.8697 0.8593 0.7719
Cyclist 0 0 -0.1977 286.0402 167.6052 360.3728 237.0367 1.7958 0.5763 1.8167 -7.5498 1.4621 18.8987 -0.5777 0.5548 0.1404 0.0
Pedestrian 0 0 0.0476 533.7133 164.6437 570.9087 220.6445 1.775 0.6342 0.8755 -1.7319 1.2668 22.9222 -0.0278 0.5002 0.0033 0.0
Cyclist 0 0 -1.1247 934.4218 146.5397 977.1969 205.2295 1.8381 0.5908 1.7988 11.5767 0.7621 23.3879 -0.665 0.4427 0.0806 0.0
Cyclist 0 0 -0.8561 929.4511 143.8008 989.3763 204.4659 1.7557 0.5931 1.7412 10.8933 0.6706 21.7821 -0.3924 0.3732 0.0714 0.0
Cyclist 0 0 -0.5357 708.2603 162.42 740.7949 199.7462 1.7982 0.5738 1.7794 5.9271 0.9188 35.2314 -0.369 0.3637 0.0757 0.0
Pedestrian 0 0 -0.5682 540.9057 164.572 565.3758 219.7352 1.7046 0.5954 0.6847 -1.6852 1.2145 22.5008 -0.643 0.3522 0.1272 0.0
Car 0 0 -0.305 978.6445 159.335 1077.0064 187.5716 1.5188 1.6509 4.1464 22.653 0.4042 37.9858 0.2327 0.3458 0.0714 0.0
Pedestrian 0 0 0.4682 233.9824 179.7738 261.2611 231.2392 1.684 0.5716 0.7066 -11.9502 1.6586 23.5941 -0.0006 0.3455 0.0714 0.0
Cyclist 0 0 -0.2822 703.9629 163.3076 750.3661 198.6299 1.7977 0.6078 1.9295 6.3455 0.9195 36.8262 -0.1115 0.3067 0.0714 0.0
Car 0 0 1.6596 477.5297 173.413 505.9546 195.0595 1.4424 1.516 4.0685 -8.0379 0.9658 50.4814 1.5017 0.3024 0.0082 0.0