Car 0 0 1.9149 184.1948 198.5333 419.826 344.0729 1.4715 1.5912 3.9072 -4.0041 1.8891 9.9987 1.534 0.886 0.8799 0.6666
Car 0 0 -1.6702 660.58 181.9618 719.4589 229.3545 1.433 1.5951 3.6034 2.6011 1.7689 24.5113 -1.5645 0.7892 0.8043 0.7088
Car 0 0 2.6797 834.2276 162.081 1051.2724 234.1626 1.6502 1.7026 4.5735 7.8555 1.3911 17.4648 3.1024 0.71 0.5536 0.4651
Car 0 0 1.7623 473.0476 186.3262 516.6728 215.3681 1.5483 1.666 4.0666 -6.7227 2.3687 42.2746 1.6046 0.5913 0.6204 0.3054
Car 0 0 -0.1858 784.1042 167.4935 946.9762 216.7004 1.4934 1.6838 4.5735 7.9629 1.3325 23.0676 0.1466 0.5805 0.0714 0.0
Car 0 0 -1.3188 408.4823 185.186 484.9572 233.4585 1.5623 1.6669 4.413 -5.9132 2.0384 26.4059 -1.5391 0.5674 0.141 0.1198
Car 0 0 2.8898 760.886 169.0618 883.3247 210.5032 1.5793 1.6648 4.0422 8.2311 1.4304 28.307 -3.1104 0.4842 0.1786 0.1589
Car 0 0 1.8393 303.9336 192.5107 408.2476 264.149 1.5087 1.597 3.8617 -6.3307 2.0502 18.2122 1.5048 0.3455 0.1752 0.787
Car 0 0 2.5081 1.0 220.6204 265.2191 369.4425 1.468 1.6246 3.9672 -3.2054 1.7274 2.2549 1.5503 0.3088 2.0 0.4953
Car 0 0 -0.7588 1075.7475 147.8265 1201.9208 188.8904 1.627 1.6925 4.3427 21.6118 0.6201 29.6465 -0.1289 0.3054 0.0526 0.0
Car 0 0 2.8819 813.6842 161.018 971.0302 224.6297 1.7026 1.6586 3.9469 7.7611 1.3801 20.2146 -3.0347 0.2709 0.0714 0.2885
Car 0 0 -0.0176 878.4633 171.2834 1081.4664 227.9257 1.4496 1.6226 4.2846 9.4729 1.4179 18.9438 0.446 0.2529 0.0714 0.1134