Car 0 0 -1.947700023651123 797.9299926757812 180.69960021972656 1023.3975219726562 319.1700134277344 1.4616999626159668 1.570099949836731 3.6145999431610107 3.7076001167297363 1.5891000032424927 9.73550033569336 -1.583899974822998 0.907800018787384 0.8561999797821045 0.8521999716758728
Car 0 0 2.000699996948242 56.549598693847656 192.03829956054688 351.35919189453125 355.6899108886719 1.5241999626159668 1.6232000589370728 3.9312000274658203 -4.782800197601318 1.81659996509552 9.14430046081543 1.5188000202178955 0.8938000202178955 0.890500009059906 0.8458999991416931
Car 0 0 1.8516000509262085 306.3652038574219 186.34750366210938 445.7178039550781 274.1377868652344 1.5470999479293823 1.6440000534057617 3.9928998947143555 -4.815400123596191 1.8681000471115112 15.315999984741211 1.5470000505447388 0.8659999966621399 0.8427000045776367 0.5730999708175659
Car 0 0 -1.8355000019073486 729.1273193359375 179.41229248046875 856.8726196289062 262.36309814453125 1.455299973487854 1.6031999588012695 3.9625000953674316 3.5927999019622803 1.6096999645233154 15.01930046081543 -1.6007000207901 0.8658000230789185 0.8572999835014343 0.8845000267028809
Car 0 0 1.8013999462127686 392.07708740234375 185.87840270996094 486.9585876464844 243.90859985351562 1.4414000511169434 1.6664999723434448 4.243599891662598 -4.857600212097168 1.8489999771118164 20.938400268554688 1.5734000205993652 0.8287000060081482 0.8119000196456909 0.498199999332428
Car 0 0 -1.7451000213623047 709.3698120117188 177.0117950439453 788.9522094726562 235.92039489746094 1.5262999534606934 1.5976999998092651 3.8543999195098877 3.857300043106079 1.6490999460220337 20.808900833129883 -1.561900019645691 0.807200014591217 0.7609999775886536 0.5566999912261963
Car 0 0 1.7481000423431396 505.19061279296875 178.1378936767578 550.6367797851562 210.06500244140625 1.4947999715805054 1.601699948310852 3.7915000915527344 -4.15369987487793 1.7860000133514404 36.68009948730469 1.6353000402450562 0.6328999996185303 0.7289000153541565 0.5605999827384949
Car 0 0 -1.7115000486373901 685.285400390625 173.72889709472656 735.0999755859375 213.9073028564453 1.6634000539779663 1.6418999433517456 3.9291000366210938 4.322299957275391 1.710800051689148 31.883100509643555 -1.576799988746643 0.5439000129699707 0.682699978351593 0.5356000065803528
Car 0 0 -1.7237999439239502 697.285400390625 175.6074981689453 755.6488037109375 221.7615966796875 1.5312000513076782 1.5609999895095825 3.4010000228881836 4.057400226593018 1.6452000141143799 25.89590072631836 -1.5683000087738037 0.5299999713897705 0.5382000207901001 0.7303000092506409
Car 0 0 -2.2709999084472656 1066.302001953125 173.04200744628906 1189.6771240234375 219.87860107421875 1.5181000232696533 1.6126999855041504 3.3522000312805176 17.982999801635742 1.541599988937378 25.24340057373047 -1.6519999504089355 0.4754999876022339 0.08820000290870667 0.0
Car 0 0 -2.3620998859405518 998.7965087890625 191.51559448242188 1241.0 373.6405944824219 1.4763000011444092 1.608299970626831 3.8261001110076904 3.8148999214172363 1.6186000108718872 4.314499855041504 -1.638100028038025 0.3767000138759613 0.6243000030517578 0.7620999813079834
Car 0 0 1.6577999591827393 521.736572265625 177.95460510253906 559.00341796875 206.31309509277344 1.524899959564209 1.698699951171875 4.352700233459473 -3.9463999271392822 1.822100043296814 41.20920181274414 1.5622999668121338 0.3693999946117401 0.005499999970197678 0.0
Car 0 0 0.09769999980926514 578.689208984375 172.86849975585938 624.6763916015625 189.44039916992188 1.5333000421524048 1.65339994430542 4.349100112915039 -0.8241000175476074 1.55239999294281 68.16929626464844 0.08560000360012054 0.2800999879837036 0.012900000438094139 0.0