Pedestrian 0 0 1.3101 616.791 145.4117 672.2362 266.3154 1.7889 0.6341 0.7703 0.5491 1.2648 10.8995 1.3604 0.7705 0.3917 0.4739
Pedestrian 0 0 1.2058 500.8072 138.7658 548.1514 231.553 1.8289 0.6344 0.7939 -1.7042 1.0023 14.4135 1.0881 0.6646 0.0335 0.6917
Pedestrian 0 0 1.106 668.1424 138.5551 724.2518 264.5698 1.7571 0.566 0.6591 1.261 1.1691 10.2334 1.2286 0.663 0.5418 0.1253
Pedestrian 0 0 1.2841 553.5694 137.9017 599.2749 234.1121 1.7344 0.6216 0.6784 -0.5864 0.9666 13.1519 1.2395 0.6623 0.4266 0.3869
Pedestrian 0 0 1.7685 590.3188 139.5591 625.232 231.4252 1.6424 0.5541 0.6058 0.0059 0.9046 13.0426 1.769 0.6091 0.3925 0.1143
Pedestrian 0 0 1.5754 507.4984 138.327 540.9082 230.4401 1.774 0.5828 0.6572 -1.6292 0.9593 13.8253 1.4581 0.5853 0.1264 0.1769
Pedestrian 0 0 1.2989 446.3322 139.757 490.4591 238.452 1.8057 0.6461 0.8039 -2.6211 1.0587 13.2814 1.104 0.5615 0.1661 0.3974
Pedestrian 0 0 1.6393 478.9174 138.6654 520.6752 232.2684 1.7938 0.616 0.6672 -2.1056 0.9878 13.8638 1.4886 0.4615 0.183 0.534
Pedestrian 0 0 1.4733 566.7752 139.026 601.1901 232.237 1.6943 0.5839 0.5525 -0.4494 0.9339 13.2619 1.4394 0.4487 0.0714 0.3736
Pedestrian 0 0 1.0587 530.9152 140.8366 574.1652 229.8231 1.6667 0.5703 0.6925 -1.0702 0.915 13.6743 0.9806 0.4376 0.1184 0.1384
Pedestrian 0 0 1.5526 535.176 140.3677 560.903 212.4452 1.7605 0.5914 0.6707 -1.4811 0.7738 17.74 1.4694 0.341 0.0005 0.0
Pedestrian 0 0 1.4848 623.0296 147.0084 662.8302 239.7194 1.6966 0.6278 0.5756 0.6718 1.0791 13.2022 1.5357 0.3369 0.0714 0.0189
Pedestrian 0 0 -2.2097 275.8197 143.1374 317.2181 226.343 1.7324 0.5916 0.6855 -6.6595 0.9569 15.135 -2.6242 0.3127 0.0714 0.0
Pedestrian 0 0 1.86 525.2704 140.4181 562.6632 214.1257 1.777 0.6208 0.7886 -1.5534 0.8032 17.5196 1.7716 0.308 0.0714 0.0
Pedestrian 0 0 1.3018 531.6808 137.4106 564.823 224.3599 1.741 0.5994 0.6618 -1.2242 0.8782 14.587 1.2181 0.2721 0.039 0.3396
Cyclist 0 0 2.7781 310.5708 149.8018 353.1536 195.4209 1.7074 0.566 1.6596 -10.4958 0.5479 27.1104 2.4087 0.2577 0.0714 0.0
Pedestrian 0 0 1.5752 485.6086 138.685 514.9225 214.5835 1.8017 0.6209 0.7142 -2.596 0.7957 17.2203 1.4256 0.2565 0.0714 0.0
Pedestrian 0 0 0.8161 1151.8697 145.4919 1251.0439 372.4666 1.7235 0.6247 0.686 4.3716 1.503 4.8936 1.5452 0.2509 0.0714 0.0