Car 0 0 -2.006 810.2671 193.4072 1246.8925 372.9964 1.5232 1.5693 3.4883 2.7496 1.7155 5.5928 -1.5491 0.7448 0.8399 0.7659
Car 0 0 -2.6341 114.0279 180.1842 389.7354 267.4462 1.4784 1.6767 4.3197 -6.5632 1.6306 13.3124 -3.0921 0.7221 0.6812 0.5414
Car 0 0 -1.6548 634.3419 177.8678 671.6588 207.9498 1.4539 1.5575 3.7937 2.1331 1.7248 37.4079 -1.5978 0.6565 0.6717 0.2124
Car 0 0 -0.4089 782.7986 183.5995 977.5242 252.2742 1.4229 1.6172 3.9198 5.997 1.6833 16.3585 -0.0575 0.6541 0.4393 0.6003
Car 0 0 -2.9692 254.6719 169.868 447.8402 240.2815 1.7588 1.729 4.3187 -6.7025 1.6844 18.9479 2.974 0.6386 0.3999 0.1894
Car 0 0 -0.2954 716.107 175.1262 841.1367 228.5025 1.6021 1.6555 3.7775 5.3351 1.6937 23.3075 -0.0703 0.5161 0.3668 0.2541
Car 0 0 -0.7997 867.4076 177.1712 1187.205 305.2897 1.5451 1.5987 4.1111 5.9372 1.6265 10.4241 -0.282 0.5093 0.2055 0.4949
Car 0 0 -2.7 195.2396 180.1981 405.6498 254.6983 1.5169 1.6293 3.8149 -6.6626 1.6783 15.6258 -3.103 0.4903 0.4404 0.775
Car 0 0 -2.1786 766.05 178.7266 910.5814 252.4217 1.5626 1.5489 3.6341 5.2557 1.7136 17.1891 -1.8819 0.4432 0.0714 0.2517
Car 0 0 -2.6488 404.3374 175.3644 513.4544 217.8064 1.5569 1.6161 3.805 -5.7665 1.6445 27.557 -2.8551 0.4418 0.1076 0.0
Car 0 0 -0.7128 830.7567 180.1522 1066.6643 269.2988 1.4863 1.66 4.1674 6.2983 1.6422 13.6787 -0.2813 0.4128 0.0567 0.5066
Car 0 0 0.761 14.2171 175.3824 301.5042 344.943 1.4903 1.6347 4.261 -5.869 1.5813 7.5851 0.1025 0.3609 0.0378 0.3981
Car 0 0 -2.7274 19.4108 176.2275 299.4416 291.1095 1.5406 1.5602 3.3664 -6.8218 1.6083 10.8683 2.9953 0.3565 0.0268 0.7744
Car 0 0 0.4534 432.4308 177.0046 531.2402 209.8058 1.4226 1.6214 4.2785 -5.9489 1.6126 33.095 0.2755 0.3525 0.0184 0.2673
Car 0 0 2.872 740.5237 181.53 896.3864 235.7069 1.5024 1.6326 3.8917 6.0599 1.764 21.2953 -3.134 0.3388 0.1076 0.8175
Car 0 0 -1.6332 625.7514 176.329 650.5036 197.5386 1.4957 1.5782 3.666 2.0211 1.7488 53.1821 -1.5952 0.3074 0.0714 0.3203
Cyclist 0 0 -1.4355 536.7249 174.4578 558.6496 209.9402 1.6228 0.5428 1.8384 -2.9584 1.7014 34.0453 -1.5222 0.3003 0.0714 0.1768
Car 0 0 1.0235 1.0 165.4799 224.0696 370.2368 1.6186 1.619 4.015 -5.7795 1.5854 6.2458 0.2768 0.281 0.009 0.4135