Car 0 0 -2.4426000118255615 816.098388671875 182.2194061279297 1011.114990234375 256.62890625 1.5135999917984009 1.5907000303268433 3.798099994659424 6.717100143432617 1.7508000135421753 16.565799713134766 -2.0573999881744385 0.7994999885559082 0.7754999995231628 0.29319998621940613
Car 0 0 -1.7425999641418457 643.777587890625 185.27679443359375 699.0980224609375 227.18820190429688 1.4355000257492065 1.5087000131607056 3.3919999599456787 2.252000093460083 1.9532999992370605 27.8169002532959 -1.6618000268936157 0.7282999753952026 0.7398999929428101 0.8378000259399414
Car 0 0 -2.8575000762939453 323.0277099609375 192.21359252929688 467.055908203125 241.0364990234375 1.4234000444412231 1.642199993133545 4.109300136566162 -6.941800117492676 2.0790998935699463 23.322200775146484 3.136399984359741 0.6998000144958496 0.5842000246047974 0.5569000244140625
Car 0 0 -1.6634000539779663 626.3330078125 183.20460510253906 663.718017578125 216.98080444335938 1.55840003490448 1.5443999767303467 3.8612000942230225 1.6775000095367432 2.1120998859405518 36.483299255371094 -1.617400050163269 0.5511000156402588 0.6299999952316284 0.44020000100135803
Car 0 0 -2.8984999656677246 387.0132141113281 189.8083953857422 491.91558837890625 228.11180114746094 1.4462000131607056 1.6380000114440918 4.07289981842041 -6.933599948883057 2.152400016784668 29.3705997467041 -3.1303000450134277 0.534600019454956 0.2483000010251999 0.0
Car 0 0 -2.4195001125335693 7.6290998458862305 205.22340393066406 283.5906982421875 339.2222900390625 1.4128999710083008 1.6164000034332275 3.978800058364868 -6.69290018081665 1.8694000244140625 9.187700271606445 -3.049099922180176 0.47780001163482666 0.5623999834060669 0.7523000240325928
Car 0 0 -2.8894999027252197 443.4845886230469 184.73179626464844 525.5643920898438 216.5301055908203 1.5233999490737915 1.6536999940872192 3.990600109100342 -6.3649001121521 2.1273999214172363 36.48849868774414 -3.0622000694274902 0.4661000072956085 0.10119999945163727 0.0
Car 0 0 -2.2197999954223633 1.0 193.989501953125 209.41810607910156 375.1343994140625 1.598099946975708 1.6191999912261963 3.539900064468384 -6.878499984741211 1.8080999851226807 7.0868000984191895 -2.9902000427246094 0.4616999924182892 0.007300000172108412 0.7386000156402588
Car 0 0 -2.658099889755249 45.16120147705078 170.70559692382812 381.73291015625 303.4307861328125 1.687600016593933 1.656999945640564 3.99780011177063 -5.6616997718811035 1.6900999546051025 10.282699584960938 3.121799945831299 0.43939998745918274 0.04450000077486038 0.09520000219345093
Car 0 0 -2.1847000122070312 1.0 192.9221954345703 147.9571075439453 372.75250244140625 1.496000051498413 1.5729999542236328 3.6738998889923096 -6.459700107574463 1.7152999639511108 6.754799842834473 -2.9477999210357666 0.39469999074935913 0.20180000364780426 0.4844000041484833
Car 0 0 -2.6449999809265137 242.80780029296875 194.28390502929688 416.3916015625 257.668701171875 1.3696999549865723 1.562399983406067 3.89490008354187 -6.892600059509277 1.9368000030517578 17.792699813842773 -3.0146000385284424 0.37959998846054077 0.019099999219179153 0.15700000524520874