Pedestrian 0 0 2.4475 784.7343 154.655 869.3539 320.406 1.7604 0.5581 0.798 2.4633 1.4727 8.0159 2.7456 0.8474 0.5495 0.4216
Car 0 0 1.8163 355.5364 154.9179 497.0488 254.8298 1.7366 1.6934 4.1491 -3.3765 1.2287 14.4285 1.5865 0.6273 0.4114 0.1572
Pedestrian 0 0 2.1325 156.454 170.0601 253.0748 340.3406 1.6468 0.6219 0.8329 -4.0816 1.5337 7.3416 1.6251 0.6184 0.3376 0.1223
Pedestrian 0 0 -2.8083 991.9741 140.7767 1150.1711 357.6077 1.8043 0.5598 0.8634 3.9205 1.4575 6.1343 -2.2396 0.4977 0.1483 0.319
Car 0 0 1.7861 452.2599 163.3354 523.3876 229.556 1.7797 1.6451 3.8864 -3.3123 1.27 21.3362 1.6321 0.4806 0.1273 0.0
Pedestrian 0 0 -1.4407 515.9064 165.8928 540.6453 231.9106 1.7795 0.6186 0.8178 -2.0802 1.3534 20.1061 -1.5438 0.4561 0.0559 0.5
Pedestrian 0 0 1.9217 606.1424 161.6161 638.9752 229.9931 1.7793 0.6038 0.7453 0.5467 1.2582 19.3976 1.9499 0.4445 0.0456 0.0
Pedestrian 0 0 2.7112 56.1037 178.9289 141.0492 301.9634 1.6545 0.5931 0.8856 -7.0477 1.6241 10.0115 2.0978 0.4419 0.0939 0.3915
Pedestrian 0 0 2.1841 763.5218 185.3276 802.4471 263.0502 1.5908 0.511 0.645 3.8115 1.665 15.2252 2.4294 0.4366 0.1241 0.0
Cyclist 0 0 -1.7576 610.3189 162.9279 643.3247 229.3391 1.7137 0.5664 1.7169 0.6362 1.227 19.4541 -1.7249 0.3706 0.0238 0.0
Pedestrian 0 0 2.1405 92.9999 171.5801 158.9043 302.6112 1.6299 0.6137 0.7674 -6.1521 1.506 9.2461 1.5534 0.3523 0.0714 0.0
Pedestrian 0 0 -3.1332 1012.769 154.2234 1130.6738 304.5148 1.7342 0.5912 0.8013 5.6435 1.4186 8.7121 -2.5584 0.301 0.0026 0.0
Cyclist 0 0 1.8888 507.7638 168.4389 544.9635 232.021 1.6977 0.578 1.7536 -2.1244 1.3531 20.2471 1.7843 0.2835 0.0092 0.0
Pedestrian 0 0 1.4756 732.4992 178.4339 770.1811 255.7319 1.6571 0.6395 0.6753 3.2772 1.5835 15.89 1.679 0.2778 0.0714 0.0
Pedestrian 0 0 -2.6141 73.3827 175.7311 169.8297 299.6982 1.6054 0.5768 0.8518 -6.6036 1.5415 9.8441 3.0782 0.2603 0.0216 0.0812
Pedestrian 0 0 0.5453 157.4168 166.9074 237.4269 282.6078 1.6578 0.5911 0.7737 -6.0069 1.4471 10.6393 0.0313 0.2532 0.0714 0.0