Car 0 0 -1.8250000476837158 698.307373046875 170.0706024169922 856.52587890625 288.3735046386719 1.6728999614715576 1.6426000595092773 3.966599941253662 2.5810999870300293 1.6346999406814575 12.26360034942627 -1.6175999641418457 0.866599977016449 0.8496000170707703 0.6151999831199646
Car 0 0 -1.747499942779541 678.984375 179.66270446777344 761.5413818359375 244.5093994140625 1.4502999782562256 1.5576000213623047 3.5894999504089355 2.645900011062622 1.645300030708313 18.31130027770996 -1.6039999723434448 0.7450000047683716 0.7139000296592712 0.7166000008583069
Car 0 0 -1.690500020980835 663.8319091796875 177.1822052001953 727.0916137695312 227.66969299316406 1.520300030708313 1.5765999555587769 3.552999973297119 2.7002999782562256 1.6787999868392944 23.792400360107422 -1.5774999856948853 0.7303000092506409 0.6890000104904175 0.845300018787384
Car 0 0 -2.76990008354187 81.55860137939453 185.8719940185547 373.2655944824219 287.4613037109375 1.4835000038146973 1.6122000217437744 4.0503997802734375 -6.165599822998047 1.6974999904632568 11.692500114440918 3.0280001163482666 0.6917999982833862 0.6079999804496765 0.3224000036716461
Car 0 0 -1.6821000576019287 642.3475952148438 177.02029418945312 681.8505859375 209.47140502929688 1.4708000421524048 1.5230000019073486 3.611799955368042 2.4316000938415527 1.6914000511169434 35.000701904296875 -1.6126999855041504 0.6435999870300293 0.7235999703407288 0.5321999788284302
Car 0 0 -2.7488999366760254 218.59500122070312 167.39329528808594 429.3760070800781 254.74180603027344 1.8667999505996704 1.6943000555038452 4.025700092315674 -6.542399883270264 1.7558000087738037 16.6653995513916 -3.122999906539917 0.5879999995231628 0.21220000088214874 0.4081999957561493
Car 0 0 0.6287999749183655 18.11870002746582 185.2144012451172 331.27398681640625 306.9284973144531 1.4664000272750854 1.6607999801635742 4.096099853515625 -6.341100215911865 1.6651999950408936 10.027700424194336 0.06499999761581421 0.5490000247955322 0.6151000261306763 0.7846999764442444
Car 0 0 -2.624300003051758 338.6947937011719 171.05250549316406 475.2712097167969 231.13760375976562 1.6572999954223633 1.6069999933242798 3.6905999183654785 -5.942699909210205 1.617300033569336 21.180200576782227 -2.897900104522705 0.48170000314712524 0.03400000184774399 0.36309999227523804
Car 0 0 -2.45169997215271 1.0 190.32330322265625 258.9292907714844 359.75311279296875 1.5046000480651855 1.6513999700546265 3.9535999298095703 -6.57390022277832 1.7223999500274658 7.477799892425537 3.110300064086914 0.47510001063346863 0.4832000136375427 0.7206000089645386
Car 0 0 -2.8526999950408936 296.0378112792969 172.5345001220703 467.5762939453125 238.2761993408203 1.6842999458312988 1.6924999952316284 3.954699993133545 -6.117300033569336 1.6792999505996704 19.46470069885254 3.1259000301361084 0.4641000032424927 0.07460000365972519 0.7059000134468079
Car 0 0 -2.8433001041412354 376.4407043457031 175.53480529785156 496.20001220703125 217.47909545898438 1.4854999780654907 1.624500036239624 4.1244001388549805 -6.450099945068359 1.5789999961853027 26.731700897216797 -3.0799999237060547 0.43540000915527344 0.13809999823570251 0.5777000188827515
Car 0 0 -3.0708000659942627 444.8752136230469 169.5955047607422 531.6934814453125 205.82240295410156 1.7024999856948853 1.673200011253357 3.8125998973846436 -5.920300006866455 1.5649000406265259 35.05229949951172 3.0450000762939453 0.4221000075340271 0.39329999685287476 0.0
Car 0 0 -1.6136000156402588 632.1654052734375 174.04269409179688 660.6541748046875 201.34849548339844 1.6268999576568604 1.625100016593933 3.9202001094818115 2.206199884414673 1.717900037765503 45.241798400878906 -1.5649000406265259 0.38260000944137573 0.570900022983551 0.0
Car 0 0 -2.704900026321411 138.90390014648438 187.94869995117188 379.23779296875 272.04400634765625 1.4609999656677246 1.6203999519348145 3.7718000411987305 -6.546299934387207 1.7604000568389893 13.586799621582031 3.129300117492676 0.3720000088214874 0.0142000000923872 0.1581999957561493
Car 0 0 0.10769999772310257 410.5007019042969 174.7465057373047 510.4020080566406 210.6678009033203 1.5011999607086182 1.6448999643325806 3.8376998901367188 -6.517899990081787 1.5888999700546265 31.3169002532959 -0.09749999642372131 0.27709999680519104 0.013799999840557575 0.0