Car 0 0 -1.7622 673.9418 179.4719 762.5756 246.0018 1.4691 1.6169 3.9111 2.5807 1.6561 18.3 -1.6221 0.8204 0.8417 0.6563
Car 0 0 0.6838 59.0069 174.76 379.0557 293.6642 1.5717 1.6966 4.3086 -5.8584 1.6084 10.772 0.1857 0.7534 0.6081 0.7393
Car 0 0 0.2992 738.1748 180.9917 868.4865 227.3248 1.4749 1.6269 4.0417 6.3816 1.7447 24.2702 0.5563 0.5884 0.3242 0.3521
Car 0 0 -2.9815 427.5774 176.3336 530.073 208.4351 1.4085 1.6444 4.2738 -5.9396 1.5793 32.9133 3.1232 0.453 0.1047 0.0
Car 0 0 1.0453 261.9056 174.0796 406.8344 249.327 1.5546 1.5867 3.7334 -6.3966 1.5895 16.5377 0.6762 0.4374 0.0226 0.1586
Car 0 0 -2.8218 407.8887 178.0624 513.6581 216.0118 1.4222 1.6061 3.9942 -5.9525 1.6265 28.6127 -3.0269 0.4195 0.0714 0.0
Car 0 0 -2.8394 380.1252 179.3584 506.7776 221.7621 1.4261 1.6535 4.2567 -5.905 1.6639 25.6232 -3.0659 0.4147 0.0714 0.0
Car 0 0 0.4 320.5251 178.4626 471.9892 233.3913 1.4694 1.6227 4.046 -6.1381 1.6384 20.6645 0.1112 0.4103 0.1427 0.4083
Car 0 0 0.2901 288.9529 170.1693 478.3393 233.6946 1.6659 1.7475 4.3466 -6.379 1.6117 20.3047 -0.0143 0.4071 0.0714 0.5243
Car 0 0 -1.5248 629.6786 176.2894 649.5147 193.2763 1.4292 1.5968 3.7066 2.5662 1.7353 62.8291 -1.484 0.3806 0.1063 0.5665
Car 0 0 -2.9028 460.2862 175.894 540.8468 207.5583 1.5221 1.6029 3.7149 -5.5154 1.6751 36.1168 -3.0543 0.3677 0.1199 0.0
Car 0 0 -2.1797 1.0 182.9303 109.1966 370.4815 1.514 1.6392 4.1714 -6.2867 1.6312 5.863 -3.0 0.3048 0.0711 0.0