Car 0 0 -1.7628 687.5562 184.2508 772.3768 248.9351 1.457 1.5762 3.6085 2.9735 1.7843 18.832 -1.6062 0.7994 0.7777 0.6273
Car 0 0 -1.7163 670.7983 182.9014 735.7396 230.4182 1.4318 1.5737 3.8821 3.012 1.7965 24.3102 -1.5931 0.7769 0.781 0.5721
Car 0 0 1.7648 475.8674 183.7811 529.3211 220.9498 1.482 1.5963 3.7685 -4.765 2.0023 32.0899 1.6174 0.6553 0.7393 0.0961
Car 0 0 3.0696 956.9023 166.9718 1161.3827 235.2906 1.718 1.7049 4.1846 11.6298 1.5855 18.8485 -2.6608 0.5835 0.3021 0.3461
Car 0 0 2.7561 869.7738 178.4874 998.5628 222.5408 1.457 1.6243 3.9913 11.224 1.6544 25.1488 -3.1073 0.4807 0.0521 0.2942
Car 0 0 1.7181 496.896 183.9187 542.4271 216.2928 1.505 1.6509 4.2036 -4.6019 2.0948 36.999 1.5944 0.3968 0.0237 0.1744
Car 0 0 -1.5993 656.0544 178.8632 683.6277 203.6735 1.5294 1.6167 3.5326 3.802 1.9119 46.5119 -1.5177 0.3741 0.4571 0.0
Car 0 0 -2.3368 941.8002 201.6466 1241.0 366.5824 1.417 1.5719 3.8133 3.2779 1.6244 3.4969 -1.5837 0.3338 9.0 0.5284
Car 0 0 2.6925 875.2846 179.1144 984.8822 214.9212 1.4685 1.6389 4.2983 13.6647 1.7473 30.9864 3.1078 0.3254 0.0714 0.0
Car 0 0 2.3367 1.0 222.3045 244.9025 377.0912 1.3721 1.5758 3.9774 -4.7669 1.7814 4.6528 1.5392 0.2992 0.0905 0.7238
Car 0 0 2.3805 1.0 215.5432 168.6734 370.5595 1.4249 1.626 3.8596 -4.6314 1.753 4.4409 1.5741 0.266 0.0714 0.5333