Car 0 0 1.9464 227.5894 194.5451 378.2112 281.1218 1.4589 1.5629 3.6816 -6.2698 1.9662 15.0682 1.552 0.8914 0.8252 0.8027
Car 0 0 -1.6927 673.9486 179.619 743.1031 235.2267 1.4764 1.607 3.4635 2.7858 1.6971 21.3627 -1.563 0.8201 0.8545 0.7676
Car 0 0 1.7372 466.3514 184.2983 509.4624 214.9028 1.5012 1.6334 3.9024 -6.5358 2.1482 38.7801 1.5703 0.6229 0.6332 0.2987
Car 0 0 2.7965 786.4416 165.1652 926.9888 213.8268 1.6199 1.6779 4.0201 8.3601 1.355 24.6395 3.1236 0.6005 0.3756 0.2405
Car 0 0 -0.3818 812.8246 163.7107 1008.2792 221.4244 1.4941 1.6906 4.5814 7.9851 1.2465 19.666 0.0039 0.5966 0.0714 0.0
Car 0 0 -1.3501 384.633 181.5145 466.3894 238.0758 1.6541 1.6398 4.2282 -5.9851 1.9657 23.8106 -1.5964 0.5845 0.2528 0.2528
Car 0 0 2.127 6.9465 208.6455 340.8166 371.358 1.4218 1.5216 3.7443 -3.7699 1.7633 5.4784 1.5243 0.5201 0.7815 0.7258
Car 0 0 2.6879 900.3828 164.9289 1164.0729 246.788 1.486 1.65 4.2462 8.0638 1.3381 13.9907 -3.0724 0.4566 0.1991 0.5193
Car 0 0 2.8099 859.9633 154.6931 1037.6494 229.8638 1.7585 1.6239 3.9725 8.1597 1.3241 17.6979 -3.0412 0.3492 0.0181 0.6877
Car 0 0 -1.3458 401.7775 182.2709 477.2366 232.2435 1.6189 1.666 4.5055 -6.241 1.9968 26.5288 -1.5769 0.3389 0.0069 0.6518
Car 0 0 -1.4961 416.7909 181.0444 470.437 231.3998 1.6639 1.6588 3.9532 -6.0982 1.9862 26.49 -1.7224 0.3203 0.0714 0.5625
Car 0 0 1.7035 485.408 184.552 523.2228 210.0494 1.5366 1.7011 4.3319 -6.8487 2.3198 46.9755 1.5588 0.2899 0.0714 0.0