Car 0 0 1.839 330.795 188.3504 438.1918 257.6316 1.5508 1.6447 4.0301 -5.8408 1.996 18.9845 1.5405 0.8368 0.8231 0.632
Car 0 0 1.8119 400.0086 185.5342 475.592 234.4457 1.4652 1.5912 3.8873 -5.8099 1.9332 24.5381 1.5794 0.8119 0.8115 0.5756
Car 0 0 1.7884 437.3932 184.0324 498.0552 225.9211 1.4863 1.5919 3.7308 -5.5807 1.951 28.546 1.5954 0.6132 0.7331 0.731
Car 0 0 1.7287 470.1744 183.0127 515.4136 216.1245 1.4939 1.5808 3.7882 -5.7739 2.0271 35.6218 1.568 0.5678 0.7173 0.4659
Car 0 0 1.7453 499.8462 179.7324 539.7332 207.7801 1.5233 1.6748 4.2979 -5.2937 1.9466 42.4608 1.6213 0.4596 0.5546 0.8085
Car 0 0 2.9681 780.0628 156.2686 889.9795 195.176 1.7358 1.711 4.3531 10.259 0.9906 33.3841 -3.0169 0.4571 0.3057 0.0011
Pedestrian 0 0 -2.1982 817.8142 154.5751 899.8262 272.9526 1.829 0.6416 0.8199 3.9299 1.5417 11.6497 -1.8728 0.3853 0.0714 0.0
Car 0 0 -0.7306 1108.7112 134.287 1236.8864 176.6102 1.5584 1.6502 3.9416 21.7564 0.1049 27.934 -0.0689 0.3468 0.3264 0.0278
Car 0 0 -0.8207 0.0 197.3832 239.9202 376.9579 1.4634 1.506 3.8576 -5.3371 1.7344 6.7355 -1.4908 0.3421 0.3117 0.318
Car 0 0 -1.2507 657.6025 172.8214 705.7451 203.4314 1.5619 1.6096 3.9138 3.889 1.5832 39.4982 -1.1525 0.3136 0.006 0.0961
Car 0 0 -1.3915 1072.3949 142.2107 1163.5954 175.4042 1.5307 1.7266 4.562 25.207 0.0718 35.9371 -0.7798 0.3083 0.0714 0.2982
Car 0 0 -2.2859 952.142 181.6358 1241.0 371.3708 1.5172 1.5995 3.8632 3.3262 1.5781 3.518 -1.5285 0.282 9.0 0.499
Car 0 0 -0.5035 1014.9508 143.6851 1117.4208 174.8082 1.5964 1.6919 4.2756 24.0141 0.1013 38.0879 0.059 0.2762 0.0714 0.4092