Pedestrian 0 0 2.8412 648.6986 150.9421 749.7166 323.8622 1.8183 0.5532 1.007 1.0171 1.4958 7.8779 2.9696 0.8559 0.7538 0.1485
Car 0 0 1.8691 300.2241 159.3645 510.5431 302.8323 1.7472 1.6798 4.2113 -2.7068 1.4355 10.7457 1.6224 0.851 0.8479 0.7242
Pedestrian 0 0 2.6564 731.5242 164.4779 810.0628 301.0606 1.6757 0.5542 0.8278 2.1093 1.4667 9.1523 2.8829 0.8146 0.6898 0.1859
Pedestrian 0 0 -0.9676 532.0799 166.3925 569.6143 249.4515 1.7232 0.594 0.9345 -1.1137 1.4033 15.3621 -1.04 0.4553 0.2404 0.3231
Pedestrian 0 0 2.8687 626.0182 167.7362 667.7876 247.4579 1.6325 0.5657 0.7819 0.9184 1.3479 15.1644 2.9292 0.4535 0.2498 0.4024
Pedestrian 0 0 2.9531 546.0781 166.9227 579.838 249.5561 1.626 0.5429 0.5866 -0.8191 1.3459 14.5894 2.897 0.4421 0.0 0.1983
Pedestrian 0 0 1.8831 1146.6742 143.7367 1234.5894 297.3394 1.7903 0.6654 0.7596 7.027 1.3451 8.6254 2.5667 0.4132 0.0938 0.0
Pedestrian 0 0 1.4332 558.4912 162.6529 591.4 244.2884 1.7025 0.6247 0.788 -0.6029 1.3068 15.4095 1.3941 0.4097 0.0844 0.0644
Pedestrian 0 0 2.8601 600.3 163.0906 637.2749 242.8202 1.7429 0.5849 0.744 0.3564 1.3413 16.2406 2.8821 0.3538 0.0379 0.1595
Pedestrian 0 0 -1.6716 604.3598 167.2073 632.8806 239.2406 1.6599 0.6134 0.7693 0.3763 1.3281 17.1632 -1.6497 0.3472 0.0714 0.2408
Pedestrian 0 0 -3.1106 900.4444 153.3041 945.622 236.076 1.8886 0.6047 0.8805 7.4853 1.2444 16.8217 -2.692 0.3329 0.0714 0.0
Pedestrian 0 0 0.6333 563.1443 167.4184 595.1124 240.4924 1.6821 0.5834 0.6414 -0.5679 1.354 16.9356 0.5998 0.3273 0.0108 0.4453
Pedestrian 0 0 2.4401 682.3672 156.1379 763.3946 311.7921 1.7646 0.5617 0.8255 1.4248 1.4789 8.6937 2.6025 0.3165 0.0714 0.1324
Pedestrian 0 0 -1.5425 608.6982 163.6345 627.8412 204.3458 1.7844 0.6424 0.6749 0.7274 0.9873 31.7985 -1.5197 0.2827 0.0714 0.0
Pedestrian 0 0 1.9382 1154.2356 137.8504 1215.9176 300.7529 1.8315 0.5871 0.6913 6.6801 1.3402 8.1986 2.6219 0.2716 0.0714 0.0