Pedestrian 0 0 1.2231 539.5435 143.5724 597.9023 278.5364 1.7535 0.5884 0.7006 -0.5589 1.2669 9.6471 1.1653 0.7308 0.4417 0.6257
Pedestrian 0 0 0.9284 816.2012 141.278 931.9221 363.0988 1.6838 0.56 0.6366 2.0016 1.4299 5.4431 1.2808 0.7143 0.4548 0.2555
Pedestrian 0 0 0.9217 911.082 153.5964 1030.9688 371.5274 1.6062 0.568 0.6225 2.7052 1.4474 5.3819 1.3874 0.6401 0.427 0.4672
Pedestrian 0 0 1.0113 317.953 156.8136 439.6299 369.2684 1.6231 0.6163 0.7237 -1.8077 1.4708 5.4857 0.693 0.6126 0.3939 0.5196
Pedestrian 0 0 0.6854 728.1106 135.2096 859.0065 366.0646 1.7123 0.5707 0.668 1.1855 1.4281 4.8109 0.927 0.5876 0.3808 0.162
Pedestrian 0 0 1.0464 653.7564 134.3104 790.9192 367.2261 1.7236 0.6313 0.7308 0.6551 1.4553 4.5641 1.189 0.5538 0.3001 0.1732
Pedestrian 0 0 1.5321 336.556 152.7738 423.7277 361.0473 1.6816 0.6153 0.594 -1.679 1.4877 5.1877 1.2191 0.4631 0.0059 0.1205
Pedestrian 0 0 1.1151 782.534 169.3631 875.681 368.3357 1.4916 0.5668 0.5918 1.6363 1.4201 5.3699 1.4109 0.442 0.2341 0.4204
Pedestrian 0 0 2.1251 637.0461 152.2478 697.9975 275.7033 1.7867 0.6064 0.8089 0.8799 1.3709 10.4634 2.209 0.3891 0.0714 0.1165
Pedestrian 0 0 1.1165 651.7788 153.2594 693.3836 258.4944 1.614 0.5435 0.5343 1.019 1.1963 11.2453 1.2069 0.3499 0.001 0.0
Pedestrian 0 0 0.9448 243.4687 143.1345 290.8042 225.809 1.8365 0.6415 0.7832 -7.6849 1.0056 16.0088 0.4972 0.3425 0.0714 0.0
Pedestrian 0 0 0.5811 765.7236 158.1198 890.8826 369.8232 1.573 0.5513 0.6427 1.5491 1.4243 5.0928 0.8764 0.3297 0.0314 0.1566
Pedestrian 0 0 0.7471 680.7618 151.6373 798.6464 377.0309 1.627 0.6234 0.7527 0.7954 1.4389 4.6075 0.9181 0.3071 0.0714 0.2767