Cyclist 0 0 -0.0434 519.3926 155.8814 642.092 273.586 1.8005 0.5838 1.9079 -0.4467 1.4206 11.3843 -0.0826 0.8327 0.5594 0.4629
Pedestrian 0 0 0.2026 459.7276 148.0549 563.25 305.0741 1.8638 0.568 1.1174 -1.2003 1.4797 8.7377 0.0661 0.8101 0.564 0.2336
Pedestrian 0 0 -2.544 807.4886 150.1089 889.8695 288.752 1.8031 0.5665 0.9989 3.2627 1.397 9.6529 -2.218 0.679 0.5187 0.3125
Car 0 0 1.6844 449.364 170.1463 482.8552 195.2109 1.5314 1.695 4.241 -8.9988 0.8775 46.0509 1.4914 0.3753 0.5715 0.4568
Pedestrian 0 0 2.0921 47.1741 176.2767 139.3894 304.8967 1.6505 0.6228 0.6795 -6.951 1.5969 9.5768 1.4643 0.3668 0.0033 0.0
Car 0 0 -0.9354 0.0 187.3691 359.6513 365.6489 1.4529 1.6046 3.9672 -3.1805 1.5725 3.5881 -1.6606 0.3473 16.0 0.7344
Pedestrian 0 0 -2.133 981.1631 152.6482 1048.5874 270.0289 1.7039 0.6015 0.8565 6.1425 1.2914 10.7538 -1.6141 0.3385 0.0048 0.0
Pedestrian 0 0 -0.328 971.21 152.0181 996.3708 210.7678 1.7258 0.5724 0.7736 11.3422 0.8951 21.2267 0.1627 0.3302 0.0714 0.0
Pedestrian 0 0 1.7783 86.807 170.1306 151.9373 293.6927 1.7729 0.6547 0.6104 -7.4731 1.6367 10.8168 1.1738 0.3242 0.0257 0.0
Car 0 0 -0.8799 0.0 174.8102 258.4522 368.0297 1.3971 1.6028 4.0118 -3.3805 1.4772 3.8448 -1.6011 0.2789 1.0 0.6545
Pedestrian 0 0 1.4918 60.2632 175.2354 131.9326 289.7011 1.5905 0.6098 0.6724 -7.4698 1.5116 10.3093 0.8648 0.2684 0.0317 0.0