Car 0 0 -1.7493 649.4208 173.5239 735.9154 235.605 1.4674 1.6106 4.0263 2.0192 1.4857 19.1097 -1.644 0.8295 0.8279 0.6888
Car 0 0 -2.731 196.1843 182.9569 411.1434 253.2176 1.4074 1.626 4.1849 -6.5828 1.6259 15.6401 -3.1293 0.6044 0.5126 0.4027
Car 0 0 -1.6601 627.6066 170.7892 667.3468 204.6612 1.554 1.6208 3.8375 1.7267 1.4576 34.9673 -1.6107 0.5721 0.7314 0.6641
Car 0 0 -2.4783 144.4654 184.7417 371.697 268.2778 1.4705 1.6094 3.8056 -6.7837 1.7188 14.0574 -2.9279 0.4442 0.0318 0.5564
Car 0 0 -2.7911 401.6738 175.5924 496.0942 209.9732 1.4692 1.641 4.0351 -7.1919 1.5935 32.2117 -3.0108 0.4315 0.132 0.0804
Car 0 0 -2.9562 89.4967 186.8316 337.791 280.844 1.5055 1.6235 3.8481 -7.2861 1.7822 13.4156 2.8295 0.4297 0.142 0.5562
Cyclist 0 0 1.9285 133.5434 176.7675 336.9759 366.8791 1.6395 0.5786 1.6923 -3.5685 1.6849 6.8632 1.449 0.4284 0.0341 0.1003
Car 0 0 -2.8019 459.6434 171.629 525.8194 197.5974 1.5795 1.6313 3.9273 -7.3596 1.5034 45.1958 -2.9633 0.3682 0.0659 0.0
Car 0 0 -2.4243 375.0592 176.5924 473.958 216.9567 1.4451 1.5656 3.6945 -7.1905 1.5919 27.8347 -2.6771 0.3475 0.0005 0.0
Car 0 0 -1.233 989.0508 154.623 1220.1366 378.9205 1.6429 1.6487 4.012 5.2507 1.5342 6.4864 -0.5525 0.3386 0.0041 0.4056
Car 0 0 -2.3166 315.4534 179.0146 440.1754 233.4094 1.4272 1.5577 3.6432 -6.8076 1.6276 20.9069 -2.6314 0.3166 0.0055 0.4356
Cyclist 0 0 1.8411 180.6253 183.5677 329.9542 377.3317 1.5953 0.5978 1.5477 -3.2477 1.7057 6.5915 1.3833 0.2882 0.0714 0.545