Car 0 0 -1.8717999458312988 754.9918212890625 169.6416015625 1007.846923828125 359.12860107421875 1.6720000505447388 1.6136000156402588 3.7679998874664307 2.7181999683380127 1.6478999853134155 8.246100425720215 -1.5534000396728516 0.9067000150680542 0.8669999837875366 0.7940999865531921
Car 0 0 -1.823799967765808 694.1591796875 183.13490295410156 820.4462280273438 269.2345886230469 1.432800054550171 1.606600046157837 3.919300079345703 2.7191998958587646 1.6683000326156616 14.434100151062012 -1.6375999450683594 0.8743000030517578 0.8565999865531921 0.86080002784729
Car 0 0 -1.719599962234497 661.771484375 173.69619750976562 729.8062133789062 230.45919799804688 1.5855000019073486 1.5936000347137451 3.5457000732421875 2.482599973678589 1.615399956703186 22.069000244140625 -1.6074999570846558 0.772599995136261 0.7389000058174133 0.31779998540878296
Car 0 0 -2.516700029373169 0.0 187.5032958984375 292.6672058105469 339.7326965332031 1.496999979019165 1.6359000205993652 3.8850998878479004 -6.023200035095215 1.7001999616622925 8.191699981689453 3.132499933242798 0.6779000163078308 0.753000020980835 0.4399999976158142
Car 0 0 -1.649999976158142 645.911376953125 178.67820739746094 678.5211791992188 207.54080200195312 1.4329999685287476 1.4788000583648682 3.869499921798706 2.7186999320983887 1.7582000494003296 38.322898864746094 -1.579200029373169 0.5166000127792358 0.33899998664855957 0.482699990272522
Car 0 0 -2.7743000984191895 417.51739501953125 177.12750244140625 526.5484008789062 213.80499267578125 1.47160005569458 1.6131999492645264 3.947999954223633 -5.573999881744385 1.628600001335144 29.298200607299805 -2.962399959564209 0.5102999806404114 0.22100000083446503 0.0
Car 0 0 -1.6657999753952026 649.401611328125 174.98980712890625 689.3807983398438 208.42359924316406 1.5312000513076782 1.6203999519348145 3.7369000911712646 2.7539000511169434 1.6389000415802002 34.70709991455078 -1.5865999460220337 0.4607999920845032 0.00800000037997961 0.12870000302791595
Car 0 0 -2.8099000453948975 374.4393005371094 174.58999633789062 497.59979248046875 227.43020629882812 1.6405999660491943 1.6197999715805054 3.6891000270843506 -5.701499938964844 1.7029000520706177 23.52869987487793 -3.047600030899048 0.4219000041484833 0.08619999885559082 0.05510000139474869
Car 0 0 -2.6113998889923096 53.26539993286133 194.61300659179688 354.6745910644531 303.4678955078125 1.423200011253357 1.6514999866485596 4.372399806976318 -6.41480016708374 1.7927000522613525 10.993399620056152 -3.1396000385284424 0.39419999718666077 0.31700000166893005 0.6510000228881836
Car 0 0 -2.9693000316619873 443.4075927734375 177.3155975341797 534.42822265625 208.36279296875 1.4816999435424805 1.6413999795913696 4.271399974822998 -5.967199802398682 1.7081999778747559 35.49129867553711 -3.1359000205993652 0.3732999861240387 0.007300000172108412 0.0
Car 0 0 -1.2460999488830566 326.7315979003906 180.1197967529297 448.9773864746094 250.1977996826172 1.4276000261306763 1.5781999826431274 3.390500068664551 -5.138299942016602 1.6224000453948975 16.940000534057617 -1.5405999422073364 0.3418000042438507 0.11959999799728394 0.0
Car 0 0 -3.047300100326538 462.7887878417969 175.1573028564453 536.8381958007812 201.6219940185547 1.4767999649047852 1.656000018119812 4.16480016708374 -6.358500003814697 1.6058000326156616 41.938201904296875 3.085400104522705 0.30489999055862427 0.03449999913573265 0.0
Car 0 0 -1.5170999765396118 624.1505737304688 174.7191925048828 642.4368896484375 191.58009338378906 1.5199999809265137 1.5157999992370605 3.791100025177002 2.1703999042510986 1.7106000185012817 67.41329956054688 -1.4848999977111816 0.2825999855995178 0.017899999395012856 0.0