Pedestrian 0 0 1.9125 503.9818 156.8094 542.5045 241.5281 1.915 0.6318 0.825 -1.8283 1.3506 16.5581 1.8026 0.7285 0.4434 0.2716
Cyclist 0 0 0.687 701.5623 147.6245 804.0588 276.8299 1.8791 0.5899 1.88 2.2679 1.3897 11.1238 0.8882 0.6176 0.3005 0.0
Pedestrian 0 0 -1.879 839.8084 145.8041 895.3929 269.7689 1.7749 0.6179 0.8091 3.8938 1.2658 10.6672 -1.529 0.6069 0.0117 0.3287
Pedestrian 0 0 -1.4494 564.3604 157.76 602.956 250.9195 1.7688 0.6345 0.9096 -0.3844 1.3046 14.1237 -1.4767 0.6043 0.3229 0.4693
Pedestrian 0 0 1.4022 160.4108 162.2297 338.6402 370.2202 1.6766 0.6708 0.8082 -2.8046 1.554 5.514 0.9317 0.5237 0.1274 0.0
Pedestrian 0 0 -1.6022 605.0681 163.2235 624.8513 211.875 1.6187 0.5731 0.6009 0.4148 1.021 23.7724 -1.5847 0.4542 0.0143 0.0
Pedestrian 0 0 2.1053 390.2287 158.7761 444.6257 257.1656 1.7984 0.6437 0.8228 -3.489 1.3761 13.5826 1.8538 0.4262 0.0714 0.4148
Pedestrian 0 0 1.3979 533.6066 163.5402 560.9529 226.5896 1.7402 0.6229 0.7803 -1.5879 1.2375 20.4395 1.3204 0.4067 0.2018 0.0
Pedestrian 0 0 1.5538 174.3709 162.2478 299.8063 373.2911 1.7375 0.6655 0.7768 -2.8321 1.5911 5.5679 1.0833 0.3684 0.0762 0.0
Pedestrian 0 0 1.3803 601.0498 160.818 622.4552 213.7434 1.8279 0.6148 0.7519 0.3384 1.1014 25.1298 1.3938 0.3622 0.0096 0.0
Cyclist 0 0 1.6009 532.1167 163.2984 560.9266 228.2788 1.7587 0.5847 1.8621 -1.5577 1.2537 20.1675 1.5238 0.3597 0.0063 0.7169
Cyclist 0 0 1.9022 166.4557 154.9077 339.6633 365.6622 1.6848 0.5593 1.605 -2.3444 1.5345 4.7456 1.4433 0.3081 0.005 0.4137
Pedestrian 0 0 3.0276 801.5894 159.8465 836.465 213.4654 1.7855 0.5809 0.8085 7.3125 1.0536 24.2204 -2.9624 0.2997 0.0 0.0
Cyclist 0 0 1.2269 718.1054 145.5197 777.6117 254.2883 1.9044 0.6146 2.0574 2.7623 1.2836 13.811 1.4243 0.2857 0.0714 0.0
Pedestrian 0 0 0.982 725.5978 152.1746 769.9389 222.6447 1.9211 0.6684 0.8688 4.0283 1.1259 20.0347 1.1804 0.2769 0.0714 0.0
Pedestrian 0 0 2.6973 828.7002 162.5141 881.7577 269.6844 1.6914 0.5553 0.7287 4.1077 1.3988 11.751 3.0335 0.2652 0.0714 0.0