Car 0 0 0.5024 210.8395 181.556 435.1248 254.505 1.4471 1.6252 4.1881 -6.0756 1.6465 15.4229 0.1271 0.8239 0.8086 0.2976
Car 0 0 -1.6959 658.799 181.6634 722.8893 232.8674 1.4412 1.597 3.7014 2.4101 1.7356 22.5917 -1.5896 0.8202 0.807 0.8181
Car 0 0 -0.6604 913.0312 182.0825 1279.0 340.1788 1.5087 1.6547 4.2064 5.6845 1.6267 7.9213 -0.0379 0.6837 0.7518 0.8823
Car 0 0 -1.6443 649.7135 180.3725 690.8786 214.6698 1.4209 1.5806 3.812 2.6247 1.773 32.4981 -1.5637 0.6012 0.6767 0.5533
Car 0 0 -2.8005 300.3824 178.832 468.9632 242.3916 1.5509 1.6455 3.847 -5.7753 1.7065 18.7011 -3.1 0.5686 0.0288 0.0
Car 0 0 -2.2845 61.0082 198.3255 278.533 303.9627 1.4214 1.5752 3.3073 -7.2675 1.8613 11.6965 -2.8405 0.5003 0.0714 0.0444
Car 0 0 0.3817 388.5788 180.0017 516.6248 221.1316 1.4354 1.6364 4.2179 -5.7505 1.699 26.3004 0.1664 0.4662 0.1787 0.0
Car 0 0 -2.8441 353.5495 180.7721 493.3711 229.0804 1.4661 1.6678 4.1724 -6.0257 1.7198 23.2951 -3.0972 0.4169 0.0 0.5363
Car 0 0 -2.4656 0.0 197.2538 275.076 345.6778 1.4117 1.6467 4.1847 -6.5705 1.741 8.1412 3.1385 0.4074 0.5773 0.6585
Car 0 0 1.6355 552.2198 177.686 581.8258 201.3717 1.4497 1.616 3.7934 -2.7503 1.7654 46.2127 1.576 0.3933 0.5376 0.0
Car 0 0 -1.6361 632.7147 174.6564 658.8595 199.2604 1.5617 1.6125 3.6686 2.3446 1.7007 48.519 -1.5878 0.372 0.0077 0.0
Car 0 0 0.7262 422.7024 181.455 510.0338 218.999 1.3419 1.4681 3.6409 -5.6979 1.7003 28.1318 0.5263 0.3124 0.0714 0.2748