Car 0 0 -1.7868 682.7268 181.5022 777.6789 250.9159 1.4562 1.5665 3.7926 2.7488 1.6883 17.5608 -1.6316 0.8643 0.884 0.8378
Car 0 0 -2.0851 813.0652 190.51 1268.8918 381.2853 1.5185 1.5456 3.4948 2.8439 1.6931 5.4763 -1.6061 0.8261 0.8497 0.8022
Car 0 0 0.4406 215.3326 174.1427 422.1729 247.9562 1.5444 1.6318 4.0176 -6.5851 1.587 16.3025 0.0567 0.811 0.6379 0.8286
Car 0 0 -1.7063 650.3523 174.86 707.3438 220.3091 1.5663 1.6067 3.6913 2.4355 1.6504 26.9391 -1.6161 0.7347 0.7571 0.2665
Car 0 0 -2.9952 303.4307 167.4637 474.753 234.0273 1.808 1.7053 4.3925 -6.234 1.6612 20.5303 2.9932 0.6779 0.6393 0.467
Car 0 0 -2.5044 0.0 165.4949 273.4476 324.2873 1.6233 1.6536 4.2351 -6.4706 1.5546 8.3576 3.12 0.567 0.5832 0.7159
Car 0 0 -3.1373 451.5542 178.3576 532.2128 206.929 1.4644 1.6118 3.9122 -6.2689 1.7642 38.2816 2.9836 0.4987 0.0714 0.0
Car 0 0 -2.9539 400.4742 176.2833 504.4984 217.8456 1.5467 1.6164 3.9499 -6.0922 1.6692 27.7953 3.1135 0.4979 0.2547 0.2113
Car 0 0 -2.479 81.5263 181.2473 317.0317 278.0841 1.4469 1.5634 3.4002 -6.9919 1.6108 12.482 -2.9896 0.3632 0.0634 0.119
Car 0 0 -1.6556 637.2982 173.658 669.924 203.3826 1.6212 1.568 3.7014 2.4166 1.6635 41.1755 -1.597 0.3291 0.1818 0.0
Car 0 0 -1.7039 645.1667 174.9021 687.5634 211.2067 1.591 1.5896 3.7667 2.5092 1.6881 33.2978 -1.6287 0.3258 0.0766 0.0
Car 0 0 -2.6193 471.2246 172.6381 548.0722 203.5438 1.6081 1.6596 3.9076 -5.5693 1.62 39.5853 -2.7591 0.3015 0.0131 0.0