Pedestrian 0 0 0.7803 747.0523 143.6148 843.1635 334.5535 1.7136 0.5356 0.7197 1.6865 1.3824 6.5814 1.0312 0.757 0.5733 0.1683
Pedestrian 0 0 1.4088 527.8686 141.4986 576.7932 262.508 1.769 0.6401 0.7156 -0.8673 1.1874 10.871 1.3292 0.7401 0.3871 0.6941
Pedestrian 0 0 1.0288 825.0348 151.7747 914.9758 336.6187 1.6101 0.5811 0.6478 2.3886 1.3704 6.5764 1.3771 0.7057 0.5384 0.3912
Pedestrian 0 0 0.7581 650.308 146.1862 759.2614 343.4474 1.7114 0.5944 0.7615 0.8609 1.4177 6.5499 0.8888 0.6454 0.3161 0.5823
Pedestrian 0 0 1.1023 568.3234 143.1777 680.5896 374.5584 1.7208 0.6256 0.7642 0.0856 1.4416 5.3983 1.1182 0.6219 0.4561 0.569
Pedestrian 0 0 0.8935 998.2188 143.1804 1140.9721 376.5191 1.654 0.5228 0.5352 2.9709 1.4073 4.6656 1.4605 0.6213 0.3224 0.3405
Pedestrian 0 0 0.8362 261.7229 156.7991 366.9014 343.5422 1.6041 0.6162 0.7775 -2.7374 1.4049 6.5507 0.4404 0.5303 0.4234 0.4095
Pedestrian 0 0 0.1701 895.0138 137.5939 983.8082 372.6433 1.7343 0.5797 0.6369 2.1341 1.4629 4.5758 0.6065 0.5217 0.0044 0.3706
Pedestrian 0 0 0.8282 873.8162 148.4571 1009.7063 374.9929 1.6274 0.5495 0.6134 2.1578 1.4533 4.678 1.2604 0.4823 0.3676 0.4074
Pedestrian 0 0 1.1713 251.6485 141.2855 301.1281 246.1893 1.7783 0.5852 0.6891 -5.8653 1.1116 12.5003 0.7326 0.4124 0.0 0.0059
Pedestrian 0 0 0.7822 699.4346 157.2729 793.7194 344.6345 1.5863 0.5582 0.7338 1.2038 1.4016 6.2412 0.9727 0.3899 0.3089 0.1619
Pedestrian 0 0 0.7291 595.4964 140.1707 701.6484 365.537 1.7439 0.5648 0.7586 0.2956 1.4384 5.8292 0.7798 0.3532 0.2632 0.1816
Pedestrian 0 0 1.9564 650.5721 147.8399 691.8186 230.5992 1.7313 0.5945 0.6341 1.3959 1.0389 15.2054 2.048 0.3422 0.0714 0.0
Pedestrian 0 0 0.5907 615.0412 132.5058 719.7196 355.4645 1.7822 0.5365 0.8035 0.4494 1.409 5.6929 0.6695 0.3168 0.1027 0.1178
Pedestrian 0 0 0.8001 230.4264 131.005 327.1172 339.1714 1.8067 0.5613 0.7175 -2.9724 1.3728 6.3394 0.3617 0.2931 0.0433 0.1535
Cyclist 0 0 1.2731 651.5021 146.3071 700.4704 225.8015 1.6937 0.5418 1.5162 1.5277 0.9554 15.7382 1.3699 0.2905 0.0714 0.0
Pedestrian 0 0 0.4522 820.3318 142.5096 976.9218 371.5444 1.715 0.6694 0.8317 1.9006 1.486 4.8234 0.8276 0.2687 0.0714 0.3711