Pedestrian 0 0 2.4371 282.2934 164.5163 384.1076 329.6177 1.6639 0.5804 0.8335 -2.8841 1.4971 7.6444 2.0763 0.8733 0.6183 0.0381
Pedestrian 0 0 0.9335 965.9673 168.4706 1070.7259 347.8565 1.6754 0.5396 0.6987 4.0386 1.5608 7.0963 1.4509 0.8167 0.6101 0.6466
Pedestrian 0 0 1.6321 775.1382 174.3786 854.4711 346.0069 1.6037 0.6204 0.8085 2.09 1.5401 7.2026 1.9145 0.7673 0.5853 0.1752
Car 0 0 1.6778 542.9504 182.7387 595.6838 224.3572 1.5283 1.6632 4.0895 -1.2606 1.6145 29.5004 1.6351 0.7653 0.8363 0.6751
Pedestrian 0 0 -1.5484 710.0891 179.611 768.9046 303.8596 1.58 0.6158 0.7503 1.8046 1.5578 9.6769 -1.364 0.6434 0.5091 0.028
Pedestrian 0 0 -1.6782 630.3642 170.7499 664.4341 252.6972 1.741 0.6332 0.8458 0.9833 1.5153 15.9872 -1.6168 0.5908 0.2911 0.0
Pedestrian 0 0 -1.5728 692.667 183.8207 736.7896 289.3688 1.5337 0.5975 0.7499 1.709 1.5917 11.1266 -1.4204 0.5436 0.3356 0.0476
Pedestrian 0 0 1.0639 1048.6479 163.0121 1161.6676 359.5445 1.6561 0.6058 0.637 4.4588 1.5227 6.4631 1.6678 0.5343 0.3398 0.2681
Cyclist 0 0 1.9834 156.874 171.744 257.23 316.2662 1.5828 0.5786 1.6928 -4.7482 1.483 8.6497 1.4813 0.476 0.0661 0.0
Pedestrian 0 0 1.3627 167.0814 170.1346 251.5156 325.125 1.616 0.6448 0.7475 -4.4693 1.5082 8.1284 0.86 0.4417 0.1451 0.1996
Cyclist 0 0 -1.4243 627.2586 171.5158 667.0147 254.5553 1.7665 0.6074 2.0383 0.9892 1.5531 16.0722 -1.3628 0.4348 0.0655 0.0
Cyclist 0 0 -1.8603 657.7854 176.5574 691.1574 255.6179 1.6094 0.5518 1.7891 1.5416 1.5213 15.4891 -1.7611 0.3547 0.0714 0.0