Car 0 0 -1.975100040435791 814.7141723632812 180.45150756835938 1082.4637451171875 341.3486022949219 1.475600004196167 1.5535000562667847 3.5866000652313232 3.654400110244751 1.5879000425338745 8.61359977722168 -1.5738999843597412 0.9092000126838684 0.8651999831199646 0.8167999982833862
Car 0 0 -1.878499984741211 734.2080078125 178.0814971923828 879.706787109375 269.1048889160156 1.4845000505447388 1.6259000301361084 4.063899993896484 3.5773000717163086 1.5997999906539917 13.9931001663208 -1.6282000541687012 0.8772000074386597 0.8707000017166138 0.8754000067710876
Car 0 0 1.875 274.3236083984375 187.1938018798828 432.9198913574219 283.7781982421875 1.5313999652862549 1.6469000577926636 4.069200038909912 -4.84119987487793 1.8524999618530273 14.11870002746582 1.544700026512146 0.8754000067710876 0.863099992275238 0.6308000087738037
Car 0 0 2.043299913406372 0.0 192.07859802246094 333.00640869140625 372.2969055175781 1.4896999597549438 1.6582000255584717 4.097599983215332 -4.734000205993652 1.7639000415802002 8.019499778747559 1.5099999904632568 0.8518999814987183 0.8704000115394592 0.8154000043869019
Car 0 0 1.819100022315979 377.77239990234375 185.0019073486328 479.18701171875 247.5648956298828 1.4318000078201294 1.649399995803833 4.204599857330322 -4.818999767303467 1.7964999675750732 19.475299835205078 1.5765000581741333 0.8364999890327454 0.8479999899864197 0.6776000261306763
Car 0 0 -1.7415000200271606 714.0349731445312 177.30189514160156 798.6712036132812 239.9246063232422 1.5135999917984009 1.6065000295639038 3.9616000652313232 3.81820011138916 1.641700029373169 19.649700164794922 -1.5496000051498413 0.8016999959945679 0.767300009727478 0.5924000144004822
Car 0 0 -1.7177000045776367 700.4180908203125 175.62069702148438 761.8319091796875 226.33680725097656 1.5827000141143799 1.5980000495910645 3.6171000003814697 3.9964001178741455 1.6830999851226807 24.52079963684082 -1.5561000108718872 0.641700029373169 0.6830999851226807 0.86080002784729
Car 0 0 1.7396999597549438 500.3201904296875 178.89610290527344 546.2368774414062 211.8831024169922 1.5019999742507935 1.6110999584197998 3.7513999938964844 -4.283999919891357 1.837499976158142 35.759300231933594 1.6204999685287476 0.6100000143051147 0.7943000197410583 0.49050000309944153
Car 0 0 -1.7253999710083008 688.8494262695312 176.5222930908203 740.048583984375 217.31539916992188 1.5667999982833862 1.6031999588012695 3.79010009765625 4.2606000900268555 1.739400029182434 30.261600494384766 -1.5855000019073486 0.5819000005722046 0.5523999929428101 0.7577999830245972
Car 0 0 1.7520999908447266 520.656005859375 178.22000122070312 559.9345703125 206.74899291992188 1.5152000188827515 1.6339000463485718 3.9472999572753906 -3.9607999324798584 1.840000033378601 41.129798889160156 1.6561000347137451 0.3328000009059906 0.13009999692440033 0.0
Car 0 0 -0.31929999589920044 580.3331909179688 171.64520263671875 629.1621704101562 189.5655975341797 1.551200032234192 1.6481000185012817 4.146900177001953 -0.4948999881744385 1.4538999795913696 64.37519836425781 -0.3269999921321869 0.2732999920845032 0.0 0.0
Car 0 0 -2.436300039291382 1057.623779296875 189.64999389648438 1241.0 367.27978515625 1.4701000452041626 1.5742000341415405 3.7265000343322754 3.5243000984191895 1.5799000263214111 2.952199935913086 -1.5628000497817993 0.27129998803138733 3.0 0.6194999814033508
Car 0 0 -2.2667999267578125 1078.4349365234375 170.41329956054688 1210.941162109375 216.58200073242188 1.498900055885315 1.6279000043869019 3.680500030517578 18.643199920654297 1.4395999908447266 25.408899307250977 -1.6338000297546387 0.2639999985694885 0.010300000198185444 0.0