Car 0 0 -1.1724 49.267 192.6276 351.0565 350.4718 1.4114 1.6316 4.0042 -4.6945 1.5441 8.9907 -1.6536 0.668 0.8413 0.6462
Car 0 0 -1.5894 569.248 180.6725 603.1914 212.5114 1.5631 1.6232 3.9185 -1.1901 1.3375 38.1092 -1.6207 0.623 0.6519 0.0967
Car 0 0 -1.2982 330.1504 185.6653 409.0347 231.7243 1.4323 1.6089 3.5778 -8.2898 1.4768 25.1714 -1.6163 0.5283 0.3831 0.777
Car 0 0 2.7422 218.8348 184.9756 343.2073 244.2107 1.5905 1.5884 3.9336 -9.867 1.6188 21.8223 2.3176 0.5022 0.0714 0.1052
Car 0 0 -1.2016 240.8852 182.5595 358.7904 248.0066 1.5942 1.6752 4.0222 -8.5706 1.5471 20.2405 -1.6021 0.4589 0.1822 0.4294
Car 0 0 2.0753 203.5802 185.8768 360.534 253.5264 1.3995 1.5762 3.9003 -7.7633 1.45 17.4106 1.6558 0.4158 0.0714 0.1958
Car 0 0 2.052 97.2408 183.1338 259.9367 267.2983 1.5285 1.5679 3.3378 -9.0226 1.5129 15.2502 1.5177 0.4093 0.0714 0.0
Car 0 0 -1.599 485.257 185.0143 523.7888 219.9452 1.4813 1.5616 3.5377 -4.8381 1.5006 33.3675 -1.743 0.3773 0.0555 0.5664
Car 0 0 -1.3369 217.7634 179.0754 361.2045 275.661 1.668 1.7073 3.9158 -6.5696 1.5734 15.2994 -1.7425 0.3625 0.0714 0.0
Car 0 0 -1.0432 264.8026 185.2745 355.0342 234.5194 1.4997 1.5867 3.0671 -10.1004 1.5329 24.5649 -1.4333 0.3247 0.0714 0.0034
Car 0 0 0.8755 133.2966 186.018 273.1769 242.1829 1.5131 1.6133 3.7866 -12.2628 1.5508 21.7885 0.3628 0.3148 0.0433 0.2173
Car 0 0 -1.4887 507.4808 182.6347 535.2961 209.9092 1.6046 1.5766 3.5333 -5.525 1.4729 45.6306 -1.6092 0.2512 0.0714 0.6767