Car 0 0 2.4973 822.982 184.8222 1107.6357 289.4993 1.4939 1.5974 3.9014 5.7328 1.6977 11.766 2.9507 0.76 0.6362 0.7803
Car 0 0 -2.6362 0.0 168.868 326.8334 305.3634 1.6472 1.7153 4.2656 -6.4425 1.5997 9.486 3.0504 0.7285 0.6656 0.2047
Car 0 0 -1.662 632.702 177.9244 682.5659 217.9762 1.4295 1.6043 3.9244 1.7498 1.6471 28.301 -1.6003 0.7222 0.7714 0.331
Car 0 0 -0.4791 773.039 187.7946 998.1232 266.3724 1.4018 1.6395 4.1424 5.4282 1.7339 14.5862 -0.1228 0.6347 0.5058 0.8431
Car 0 0 -2.7711 310.6884 178.7541 479.2932 231.5686 1.4039 1.6569 4.4447 -6.2402 1.5949 20.9309 -3.0608 0.5711 0.1677 0.0
Cyclist 0 0 1.5371 484.6218 174.8108 512.0237 234.1038 1.6176 0.5168 1.7045 -3.2382 1.6779 20.5507 1.3808 0.5431 0.4244 0.2889
Car 0 0 0.7877 120.178 159.7094 360.6274 273.3624 1.6961 1.6386 3.8355 -6.194 1.4942 12.0128 0.3117 0.5118 0.0881 0.1766
Car 0 0 -0.642 927.6671 187.4765 1256.9646 317.8268 1.5025 1.627 3.8844 6.4748 1.7111 9.6782 -0.0524 0.4645 0.324 0.3868
Car 0 0 -1.6371 616.8885 175.96 649.4763 202.5194 1.4968 1.6082 3.7953 1.3046 1.6932 43.1982 -1.6069 0.4159 0.5614 0.2585
Car 0 0 -0.7204 976.8827 185.0409 1241.0 369.5692 1.4062 1.614 4.1604 5.3962 1.5097 5.8409 0.0255 0.3755 0.5915 0.2844
Pedestrian 0 0 0.0169 487.0236 174.8137 513.1433 234.1259 1.6635 0.6162 0.7239 -3.2016 1.7016 20.6882 -0.1366 0.3723 0.0 0.0
Car 0 0 -2.3775 1.0 190.737 151.8383 378.7754 1.542 1.6288 4.0885 -6.6174 1.7067 5.9256 3.0652 0.3482 0.0052 0.7563
Car 0 0 3.1312 321.5327 180.4785 453.911 221.3014 1.4041 1.6377 4.338 -8.1315 1.6788 26.4097 2.8325 0.3443 0.0714 0.3847
Car 0 0 -2.3267 1.0 187.2096 103.9183 368.463 1.5103 1.6078 4.0631 -6.8609 1.687 6.4418 3.1396 0.3372 0.0375 0.4542
Car 0 0 0.5201 354.8402 177.2269 501.5634 226.6187 1.5107 1.6119 4.237 -5.8956 1.6471 23.3337 0.2727 0.3093 0.0 0.2049
Car 0 0 -0.3982 762.9447 169.3785 924.9493 241.4249 1.8697 1.7258 4.1334 6.4133 1.7967 20.165 -0.0902 0.3073 0.006 0.0
Car 0 0 -0.538 803.918 175.2758 924.4998 227.0136 1.766 1.6846 3.82 8.8301 1.8375 25.5046 -0.2047 0.2859 0.0714 0.0