Car 0 0 1.9349 204.7351 176.622 380.3808 279.088 1.6334 1.6538 4.1501 -5.8712 1.7163 13.794 1.5325 0.8656 0.8094 0.517
Car 0 0 1.8437 337.8226 179.3389 438.1802 243.8295 1.6082 1.6245 4.0091 -6.2165 1.8078 20.4947 1.5492 0.839 0.8123 0.645
Car 0 0 -2.2266 859.975 178.0264 1279.0 372.3485 1.5121 1.5936 3.9258 2.856 1.5887 4.3213 -1.6426 0.6499 0.7734 0.8066
Car 0 0 1.6673 523.9351 178.7202 561.2932 206.265 1.4897 1.7129 4.3795 -3.8747 1.8378 41.7055 1.5746 0.6122 0.6704 0.4603
Car 0 0 1.8356 434.4356 182.7318 487.32 219.2442 1.4884 1.5486 3.5427 -6.7195 1.9592 32.3889 1.6311 0.5109 0.5004 0.6339
Car 0 0 1.7088 494.7918 179.6336 527.3548 204.2642 1.5427 1.613 4.0355 -6.6201 2.0187 48.3889 1.5728 0.4793 0.5223 0.0
Car 0 0 2.9198 690.7735 166.5097 774.2805 194.1493 1.6404 1.7488 4.4721 7.3117 1.2587 43.33 3.087 0.459 0.1991 0.0
Car 0 0 2.3397 1.0 215.4382 149.1266 377.0556 1.397 1.5851 4.0737 -5.8074 1.8165 5.9737 1.5684 0.3968 0.3123 0.5126
Car 0 0 1.6787 547.0766 177.0641 572.2486 197.3408 1.5287 1.5687 4.091 -4.017 1.8877 57.6427 1.6091 0.3209 0.0714 0.0
Car 0 0 -1.617 632.063 174.5796 656.347 195.2827 1.4532 1.5454 3.4317 2.4441 1.5958 52.6656 -1.5706 0.2916 0.0914 0.468
Car 0 0 2.3337 1.0 213.7153 209.086 373.2377 1.4385 1.5926 3.9664 -5.9037 1.866 6.0227 1.5583 0.287 0.0271 0.608