Car 0 0 2.5006 846.7596 179.602 1160.5927 297.7921 1.5319 1.5793 3.7703 5.6374 1.6407 10.6192 2.9886 0.7836 0.645 0.7357
Car 0 0 -1.6634 632.2777 177.8612 684.6684 219.3277 1.4357 1.6075 3.9424 1.7158 1.6437 27.3501 -1.6008 0.7184 0.8057 0.3355
Car 0 0 -2.558 0.0 168.3245 300.5723 316.8752 1.6569 1.6765 4.3794 -6.6074 1.6232 8.9977 3.0918 0.6778 0.6623 0.4364
Cyclist 0 0 1.7331 471.8549 172.861 506.2566 238.8616 1.7181 0.5262 1.6688 -3.3413 1.7254 19.8101 1.566 0.6233 0.5498 0.6316
Car 0 0 -0.5426 777.3858 186.2331 1014.863 271.7135 1.4379 1.653 4.1432 5.4053 1.7192 13.9091 -0.1719 0.5619 0.6246 0.638
Car 0 0 -2.7276 300.8471 178.9565 466.2517 233.014 1.4475 1.6442 4.2939 -6.6001 1.6456 20.9912 -3.0323 0.506 0.1383 0.0
Car 0 0 0.7924 84.991 157.0398 342.5598 277.955 1.7056 1.628 3.7762 -6.3445 1.4719 11.4376 0.286 0.5018 0.142 0.3061
Car 0 0 0.5491 352.5382 179.6639 488.8073 224.2859 1.409 1.635 4.4007 -6.5938 1.6592 24.9832 0.2911 0.4625 0.0769 0.2704
Car 0 0 -1.642 617.0839 175.3887 650.071 202.6431 1.5102 1.5848 3.7058 1.3055 1.6676 42.3373 -1.6112 0.431 0.5516 0.2726
Car 0 0 -0.8095 771.0835 165.728 948.6588 258.6807 1.85 1.638 3.8485 5.5916 1.7226 16.2013 -0.4772 0.4297 0.0307 0.5676
Car 0 0 0.7155 341.4016 176.898 499.425 235.4184 1.5327 1.6683 4.3765 -5.4949 1.6535 20.8142 0.4574 0.4123 0.0038 0.001
Car 0 0 -0.8186 961.2936 189.7775 1245.3005 332.4746 1.4422 1.5507 3.5134 6.2206 1.6687 8.5918 -0.192 0.3935 0.1298 0.5181
Car 0 0 -3.057 316.8234 180.0992 442.4952 222.728 1.4197 1.6135 4.2368 -8.2001 1.6757 25.6516 2.9167 0.3123 0.0 0.417
Car 0 0 -1.8412 763.6649 170.3932 874.6877 245.6118 1.6599 1.6445 3.877 5.045 1.6173 18.1491 -1.5701 0.3026 0.0714 0.0798
Car 0 0 -0.9013 1073.5875 197.8694 1241.0 383.0 1.4207 1.6406 4.0392 6.0274 1.5988 5.8606 -0.1018 0.2927 0.0187 0.6131