Car 0 0 -1.8678 715.4694 164.5838 920.5659 312.3597 1.6876 1.6903 4.2502 2.6491 1.5902 10.4369 -1.6192 0.8726 0.811 0.684
Car 0 0 -1.7476 692.5916 181.0588 791.4469 259.4376 1.5053 1.5685 3.5133 2.7514 1.7041 16.0424 -1.5777 0.8088 0.7607 0.7579
Car 0 0 -1.7022 670.7948 177.8608 739.0578 234.1951 1.536 1.571 3.5291 2.6918 1.6893 21.4958 -1.5777 0.8051 0.7907 0.7777
Car 0 0 -2.6723 1.1767 187.0816 347.8188 313.4842 1.4226 1.6984 4.3708 -6.0293 1.644 9.4239 3.0417 0.6625 0.4835 0.1821
Car 0 0 -1.6768 646.4308 175.9434 688.2894 209.6956 1.4867 1.5683 3.6931 2.5944 1.6424 33.8071 -1.6002 0.652 0.7613 0.8867
Car 0 0 -2.715 166.9772 173.3176 409.4122 267.1065 1.6957 1.6976 4.1337 -6.4078 1.7119 14.4613 -3.1321 0.5453 0.3456 0.3064
Car 0 0 -2.896 359.939 174.0748 488.0064 219.661 1.4966 1.6501 4.0297 -6.3666 1.5283 24.6557 3.1345 0.4835 0.1102 0.6385
Car 0 0 -2.3967 1.0 176.8482 125.6648 381.687 1.636 1.6523 4.4553 -6.1322 1.6659 5.4618 3.0433 0.457 0.0714 0.5746
Car 0 0 -2.7128 123.4301 183.3605 363.2708 272.0683 1.5017 1.5666 3.5333 -6.7015 1.6997 13.2884 3.1033 0.4146 0.3141 0.5947
Car 0 0 -1.6769 632.6416 172.8516 666.022 202.1863 1.6099 1.5879 3.5581 2.2118 1.6229 41.8624 -1.6241 0.3842 0.6774 0.0
Car 0 0 0.2327 406.0084 173.4744 508.9611 211.7205 1.5575 1.6597 3.8249 -6.4062 1.591 30.1862 0.0236 0.3815 0.3451 0.0
Car 0 0 -2.8528 292.7749 169.7006 455.9578 240.7922 1.6797 1.6372 3.5921 -5.8095 1.6044 17.8533 3.1158 0.3619 0.0088 0.4073
Car 0 0 -2.8382 438.8566 169.2083 530.2828 205.9298 1.6806 1.6763 3.7775 -5.913 1.5135 33.9264 -3.0108 0.3531 0.2005 0.0
Car 0 0 0.6052 30.975 184.3396 275.9205 343.9946 1.5678 1.5639 4.1375 -6.4498 1.7354 8.2797 -0.0566 0.3478 0.3667 0.6578
Car 0 0 -2.8715 327.652 168.7318 484.7086 227.4755 1.7218 1.6765 4.246 -6.1613 1.5951 21.9282 3.1378 0.2889 0.0714 0.0