Car 0 0 -1.8433 763.3792 190.019 896.3959 279.1976 1.4334 1.5725 3.6684 4.0752 1.8042 14.1314 -1.5626 0.8721 0.8462 0.8773
Car 0 0 -1.7709 728.7573 183.2633 817.3526 246.6388 1.4854 1.6011 3.7964 4.2192 1.7928 19.4122 -1.5569 0.8435 0.7918 0.6532
Car 0 0 -2.036 821.9483 158.1306 1241.8217 377.4147 1.7172 1.7526 4.5688 3.6105 1.6097 7.2221 -1.5724 0.8002 0.798 0.5041
Car 0 0 1.7196 493.4278 186.9977 545.4942 226.1001 1.5073 1.5978 3.7466 -3.853 2.1359 30.7979 1.5952 0.7265 0.7451 0.6138
Car 0 0 -1.7304 709.0348 183.2414 770.247 230.3898 1.5079 1.5398 3.6604 4.4763 1.8995 25.5934 -1.5573 0.6055 0.5791 0.6994
Car 0 0 -1.7005 686.1839 181.5362 728.2185 214.4564 1.529 1.6198 3.9023 4.808 1.9877 36.5149 -1.5695 0.4396 0.6086 0.0
Car 0 0 1.696 519.5075 185.8804 561.7306 218.4144 1.5479 1.6654 4.1564 -3.5854 2.2473 37.4704 1.6006 0.4096 0.3382 0.0
Car 0 0 -1.716 699.9298 182.8351 750.596 222.7584 1.5465 1.6235 3.883 4.8452 2.0011 30.9237 -1.5605 0.3999 0.3225 0.6627
Car 0 0 1.7629 572.5708 182.475 604.2478 203.3906 1.5083 1.6597 3.9743 -1.6393 2.2819 55.5729 1.7334 0.3892 0.2836 0.3112
Car 0 0 -1.7349 694.3913 180.6133 741.6098 220.0302 1.596 1.6022 3.7097 4.6665 1.9502 31.8357 -1.5894 0.3194 0.0714 0.4021
Car 0 0 2.3969 1.0 210.1493 173.7786 375.9654 1.5342 1.6358 4.13 -4.5909 1.8042 3.656 1.4986 0.3001 6.0 0.7877