Car 0 0 1.9565000534057617 143.50559997558594 200.76930236816406 387.2872009277344 338.83050537109375 1.4538999795913696 1.6138999462127686 3.9416000843048096 -4.651500225067139 1.9246000051498413 10.342599868774414 1.5339000225067139 0.8931000232696533 0.8375999927520752 0.7484999895095825
Car 0 0 1.8438999652862549 317.7015075683594 190.58120727539062 456.9519958496094 279.9573059082031 1.4758000373840332 1.6401000022888184 3.9888999462127686 -4.453700065612793 1.8970999717712402 14.93239974975586 1.5540000200271606 0.8751999735832214 0.8392000198364258 0.8245000243186951
Car 0 0 -1.7747999429702759 729.222412109375 173.84649658203125 837.2382202148438 252.60409545898438 1.5714999437332153 1.6267000436782837 3.964900016784668 3.7667999267578125 1.6016000509262085 16.536699295043945 -1.5508999824523926 0.7731999754905701 0.8125 0.15729999542236328
Car 0 0 -1.7102999687194824 707.5335083007812 180.4492950439453 761.3410034179688 223.0070037841797 1.5118999481201172 1.5924999713897705 3.707900047302246 4.718100070953369 1.826300024986267 28.021799087524414 -1.5434000492095947 0.5932000279426575 0.14270000159740448 0.16210000216960907
Car 0 0 -1.6794999837875366 703.0947875976562 181.72059631347656 751.22412109375 219.34100341796875 1.4630000591278076 1.5782999992370605 3.60479998588562 4.912300109863281 1.8638999462127686 30.861799240112305 -1.5216000080108643 0.5293999910354614 0.13840000331401825 0.722000002861023
Car 0 0 1.7091000080108643 544.3388061523438 181.864501953125 581.968505859375 211.68060302734375 1.5757999420166016 1.646299958229065 3.85260009765625 -2.673099994659424 2.120500087738037 41.493900299072266 1.6447999477386475 0.5073000192642212 0.6525999903678894 0.8450000286102295
Car 0 0 2.253499984741211 1.0 191.06500244140625 299.27191162109375 373.2983093261719 1.4996000528335571 1.6374000310897827 4.054100036621094 -4.51140022277832 1.736299991607666 5.1143999099731445 1.5306999683380127 0.4745999872684479 0.8363999724388123 0.7993999719619751
Car 0 0 -1.7086000442504883 713.1746215820312 182.25250244140625 773.8284301757812 229.4971923828125 1.465499997138977 1.5782999992370605 3.5590999126434326 4.435400009155273 1.8061000108718872 24.680700302124023 -1.5307999849319458 0.4530999958515167 0.007199999876320362 0.45730000734329224
Car 0 0 -1.6553000211715698 718.4155883789062 183.77330017089844 782.4522094726562 235.2480010986328 1.4056999683380127 1.5534000396728516 3.5411999225616455 4.200200080871582 1.7503000497817993 22.213600158691406 -1.468500018119812 0.41119998693466187 0.09920000284910202 0.11460000276565552
Car 0 0 -1.6678999662399292 690.30029296875 180.27940368652344 723.248779296875 207.24159240722656 1.534000039100647 1.6274000406265259 4.172699928283691 5.776000022888184 1.990399956703186 43.61180114746094 -1.5362000465393066 0.3885999917984009 0.19529999792575836 0.0
Car 0 0 1.6723999977111816 601.8579711914062 179.49209594726562 624.6928100585938 196.79519653320312 1.485200047492981 1.688099980354309 4.315000057220459 0.30970001220703125 2.0859999656677246 64.75340270996094 1.6771999597549438 0.320499986410141 0.0706000030040741 0.017899999395012856