Car 0 0 1.8813 253.8454 192.3113 400.2737 281.7582 1.5412 1.6387 4.0404 -5.846 2.0045 15.3048 1.5164 0.874 0.8646 0.8389
Car 0 0 1.8217 359.1444 189.1996 450.5984 248.736 1.4665 1.5757 3.753 -5.8763 1.9875 20.9173 1.5479 0.8293 0.8421 0.6829
Car 0 0 1.7849 413.3711 186.1042 478.6667 233.1714 1.4768 1.549 3.5375 -5.8299 1.996 25.8048 1.5627 0.7312 0.7265 0.7325
Car 0 0 2.8725 796.5162 153.5915 921.8077 197.5358 1.6672 1.7228 4.3606 9.5948 0.9219 28.1943 -3.0827 0.6712 0.4937 0.1506
Car 0 0 1.7501 448.4879 183.9614 503.3236 221.3188 1.4622 1.6343 4.0523 -5.8463 1.984 31.6268 1.5674 0.6244 0.6917 0.7635
Car 0 0 1.7471 486.6522 181.8765 530.3742 211.8784 1.4892 1.6371 4.0809 -5.4668 2.008 39.0613 1.6081 0.6185 0.6092 0.9188
Car 0 0 -1.6866 660.4726 172.7275 702.5921 206.9713 1.621 1.6135 3.766 3.559 1.6372 36.6407 -1.5897 0.4484 0.0714 0.0443
Car 0 0 -0.624 1046.3342 141.9599 1158.5457 175.6886 1.5526 1.6864 4.2082 23.501 0.1275 34.5487 -0.0267 0.3848 0.0027 0.5742
Car 0 0 2.3367 1111.063 135.8547 1212.3576 175.65 1.6611 1.6267 3.8261 23.9649 0.0721 31.2031 2.9916 0.3554 0.0714 0.3342
Car 0 0 -2.8773 1047.9649 139.3807 1131.9112 173.5484 1.6974 1.6452 3.5606 24.0176 0.0142 36.2621 -2.2923 0.3082 0.0029 0.0437
Car 0 0 1.7036 526.2994 180.0322 555.8075 199.6177 1.4873 1.6515 4.1097 -5.4738 2.0673 57.5723 1.6088 0.2642 0.0714 0.0