Pedestrian 0 0 -1.7014 756.9385 152.7468 845.1286 361.3204 1.7773 0.6061 0.8313 1.7621 1.5249 6.6068 -1.4408 0.7724 0.5669 0.5491
Pedestrian 0 0 1.3426 493.248 165.4564 529.5632 242.1094 1.783 0.6517 0.8447 -2.1854 1.3989 17.091 1.2155 0.7424 0.4758 0.4885
Pedestrian 0 0 1.0496 471.0972 169.2483 504.1746 244.9032 1.696 0.5855 0.673 -2.6633 1.4185 16.4955 0.8895 0.6569 0.3868 0.0
Pedestrian 0 0 -1.4612 561.4036 165.8339 588.8563 234.6938 1.7492 0.6414 0.7707 -0.7245 1.3538 19.0007 -1.4993 0.5362 0.3607 0.5922
Pedestrian 0 0 2.6763 945.2534 123.9142 1048.1393 290.2706 2.0207 0.5319 0.9424 4.8625 1.3286 8.9629 -3.1098 0.49 0.0503 0.1975
Pedestrian 0 0 1.3 604.6602 167.5514 632.2504 230.7778 1.6938 0.5749 0.785 0.4402 1.3176 19.9015 1.3221 0.4555 0.1255 0.0003
Pedestrian 0 0 -2.6375 955.8348 130.6945 1035.424 258.9216 1.9079 0.5924 0.9214 6.0403 1.1567 11.1045 -2.1393 0.4468 0.0134 0.0
Pedestrian 0 0 2.2173 235.0713 184.1659 382.6253 380.0964 1.5803 0.5902 0.7927 -2.1338 1.6338 5.0025 1.8141 0.4327 0.1031 0.0
Pedestrian 0 0 1.8998 393.6879 202.2394 434.9852 287.4334 1.5002 0.5314 0.6564 -3.5386 1.9085 13.4642 1.6428 0.4242 0.0714 0.0
Pedestrian 0 0 0.3258 200.8329 193.7938 327.8502 379.7496 1.6267 0.6317 0.8674 -2.762 1.6842 5.68 -0.1268 0.4202 0.0064 0.0
Pedestrian 0 0 -1.6945 587.6666 168.648 610.2136 216.8786 1.7283 0.6223 0.8204 -0.1344 1.2588 25.9847 -1.6997 0.4065 0.0046 0.0
Pedestrian 0 0 0.2606 628.4399 163.6402 655.5404 226.4833 1.7681 0.6317 0.7363 1.1327 1.2685 20.4986 0.3158 0.3968 0.0649 0.2635
Pedestrian 0 0 2.1767 161.5787 206.3552 278.4777 370.7378 1.5464 0.5939 0.7095 -2.7248 1.6684 5.1245 1.688 0.3961 0.0714 0.0
Pedestrian 0 0 1.3351 915.2155 152.2585 955.0845 238.2294 1.7446 0.5791 0.7183 6.9731 1.1464 15.1111 1.7675 0.3311 0.0714 0.0
Car 0 0 1.6325 531.7272 173.5096 559.2162 195.8527 1.493 1.604 3.8619 -3.8932 0.9478 50.345 1.5553 0.3286 0.2468 0.476
Pedestrian 0 0 2.1158 187.1371 199.7656 307.6943 369.0035 1.6044 0.6221 0.7553 -2.4676 1.6734 5.0019 1.6575 0.3222 0.0714 0.0
Pedestrian 0 0 1.6816 84.0332 214.4397 221.592 370.5094 1.3296 0.555 0.6066 -3.0308 1.5515 4.7447 1.1132 0.321 0.0714 0.0
Pedestrian 0 0 -2.8143 1082.8658 139.7558 1165.9276 281.8647 1.8187 0.5857 0.7192 6.7817 1.2944 9.4047 -2.1896 0.3056 0.0714 0.0
Pedestrian 0 0 1.5838 633.4586 165.8489 660.7231 225.4013 1.7391 0.6308 0.7823 1.3244 1.2772 21.4625 1.6454 0.2791 0.0714 0.1114
Pedestrian 0 0 2.3569 146.5367 194.2823 319.4518 375.2806 1.5203 0.606 0.7589 -2.4774 1.6177 4.75 1.8761 0.2755 0.0009 0.0
Pedestrian 0 0 1.5065 427.6812 201.5235 459.1009 278.6742 1.4243 0.4165 0.4761 -2.9289 1.7632 13.1329 1.287 0.255 0.0714 0.0