Car 0 0 -1.9759000539779663 769.55517578125 178.47630310058594 1059.5701904296875 367.8215026855469 1.5529999732971191 1.5683000087738037 3.7332000732421875 2.892899990081787 1.6371999979019165 7.865099906921387 -1.6234999895095825 0.9050999879837036 0.8648999929428101 0.7462999820709229
Car 0 0 -1.3452999591827393 311.23858642578125 195.82440185546875 448.36639404296875 289.5535888671875 1.3732999563217163 1.5888999700546265 3.599400043487549 -4.092700004577637 1.8387999534606934 13.21049976348877 -1.6456999778747559 0.8482000231742859 0.7502999901771545 0.5406000018119812
Car 0 0 -1.7300000190734863 679.6220092773438 179.4613037109375 761.2131958007812 245.0050048828125 1.4643000364303589 1.59660005569458 3.4809999465942383 2.6226999759674072 1.641700029373169 18.10650062561035 -1.5861999988555908 0.8348000049591064 0.8331999778747559 0.8313000202178955
Car 0 0 -1.441100001335144 419.62359619140625 179.2993927001953 495.83099365234375 241.90809631347656 1.559499979019165 1.611299991607666 3.454400062561035 -4.2083001136779785 1.760200023651123 20.164100646972656 -1.6468000411987305 0.7657999992370605 0.7634999752044678 0.08569999784231186
Car 0 0 1.6983000040054321 489.38800048828125 183.6446075439453 532.7493896484375 215.99029541015625 1.4407999515533447 1.5312000513076782 3.618799924850464 -4.776700019836426 1.9838000535964966 34.910301208496094 1.5622999668121338 0.6064000129699707 0.6359999775886536 0.19840000569820404
Car 0 0 -1.5815999507904053 649.5693969726562 176.9156951904297 687.806884765625 211.4915008544922 1.4730000495910645 1.5776000022888184 3.398400068283081 2.589099884033203 1.670300006866455 32.73680114746094 -1.5026999711990356 0.5882999897003174 0.6916000247001648 0.49459999799728394
Pedestrian 0 0 1.805799961090088 378.3424072265625 178.7180938720703 406.57720947265625 237.22320556640625 1.7447999715805054 0.6018000245094299 0.5781999826431274 -6.717700004577637 1.917799949645996 22.15489959716797 1.511299967765808 0.40059998631477356 0.0015999999595806003 0.0
Car 0 0 1.6390000581741333 527.1010131835938 183.0836944580078 552.227783203125 203.8874053955078 1.457900047302246 1.5227999687194824 3.6321001052856445 -5.231599807739258 2.240600109100342 53.68009948730469 1.5418000221252441 0.34549999237060547 0.0794999971985817 0.5480999946594238
Pedestrian 0 0 1.690000057220459 375.4527893066406 173.2017059326172 409.8371887207031 252.47569274902344 1.7258000373840332 0.5916000008583069 0.5996000170707703 -4.886099815368652 1.7267999649047852 16.09149932861328 1.3952000141143799 0.3278999924659729 0.008500000461935997 0.0
Car 0 0 -1.4204000234603882 441.8255920410156 179.86329650878906 506.3009033203125 234.25619506835938 1.5228999853134155 1.5966999530792236 3.868499994277954 -4.260700225830078 1.7695000171661377 22.775400161743164 -1.605299949645996 0.2996000051498413 0.008799999952316284 0.4839000105857849
Pedestrian 0 0 1.9190000295639038 367.6293029785156 176.1840057373047 415.31219482421875 251.21580505371094 1.700700044631958 0.6158000230789185 0.690500020980835 -5.144899845123291 1.7632999420166016 16.900699615478516 1.6234999895095825 0.28459998965263367 0.008799999952316284 0.0