Car 0 0 -1.7324 639.3534 174.8371 716.234 231.6025 1.476 1.6122 4.079 1.8099 1.5436 20.955 -1.6462 0.8353 0.8549 0.6236
Car 0 0 -1.6535 619.4019 172.8027 655.5297 204.3206 1.5202 1.5768 3.6618 1.2959 1.5213 36.4799 -1.618 0.6219 0.616 0.7224
Car 0 0 2.7908 149.4836 185.888 388.3765 273.0125 1.3996 1.6585 4.4667 -6.5473 1.6838 13.886 2.3502 0.5865 0.0586 0.1022
Car 0 0 -2.8622 263.3168 182.5432 430.4193 244.7396 1.4497 1.6353 3.8882 -6.6697 1.6986 18.2576 3.0708 0.4897 0.1871 0.7583
Car 0 0 -2.9683 157.5437 185.7856 361.5187 253.3266 1.4206 1.6413 4.0106 -8.1766 1.7457 16.9961 2.8665 0.4467 0.0649 0.1477
Car 0 0 -2.7457 320.794 181.9955 444.4623 228.0038 1.3749 1.5557 3.6417 -7.2352 1.6801 23.0226 -3.0502 0.3929 0.0698 0.5424
Car 0 0 -1.8983 912.239 158.1978 1170.4507 346.6212 1.6694 1.6055 3.7561 4.4875 1.5302 7.9867 -1.3864 0.3863 0.0033 0.2474
Car 0 0 -2.6622 413.7282 176.6222 499.102 209.0988 1.4814 1.5846 3.7536 -7.4508 1.6757 34.9131 -2.8725 0.3719 0.1717 0.0
Car 0 0 -0.8065 919.8165 157.0531 1279.0 336.7491 1.6843 1.688 3.997 5.4875 1.542 7.9548 -0.2026 0.3686 0.0962 0.6987
Car 0 0 -0.9635 1028.8953 184.4539 1241.0 374.2824 1.448 1.6599 4.1352 4.9205 1.527 5.1521 -0.201 0.368 0.0879 0.3775
Car 0 0 -2.7045 200.7976 180.4786 427.5752 258.4197 1.5188 1.6308 4.0537 -6.2073 1.6869 15.3682 -3.0883 0.3633 0.0088 0.4961
Cyclist 0 0 1.8859 300.4589 173.1454 397.424 318.266 1.6851 0.5567 1.5978 -3.2998 1.6899 9.1089 1.5384 0.3321 0.0266 0.6293
Car 0 0 -2.6441 380.0939 177.9063 484.782 214.7505 1.446 1.6522 4.0983 -7.304 1.6553 29.5612 -2.8863 0.3161 0.0023 0.0
Car 0 0 -2.9613 455.3436 174.2213 522.7066 199.9629 1.5764 1.6341 3.9669 -7.6199 1.6634 45.3288 -3.1278 0.2995 0.1171 0.0
Car 0 0 -2.7204 369.1337 176.0351 469.0584 217.6923 1.5423 1.6225 3.7847 -7.3667 1.6749 27.9681 -2.9779 0.2904 0.0714 0.0
Cyclist 0 0 1.9038 324.9328 186.3606 400.3119 320.897 1.6608 0.5511 1.7295 -3.3953 1.8562 9.8271 1.5712 0.2511 0.0714 0.2614