Pedestrian 0 0 -1.9567 705.4726 160.4564 793.776 344.373 1.6934 0.5691 0.8914 1.3906 1.5004 7.1192 -1.7638 0.796 0.514 0.4592
Pedestrian 0 0 1.8402 486.4817 168.813 520.0411 238.1761 1.7383 0.6427 0.7892 -2.5513 1.4134 18.5246 1.7034 0.6649 0.4843 0.3523
Pedestrian 0 0 2.9717 928.6493 129.995 1024.9547 283.4508 1.9408 0.565 1.0745 4.833 1.2982 9.3887 -2.8361 0.6318 0.3555 0.4961
Pedestrian 0 0 -1.7526 553.3298 169.8278 583.025 235.9542 1.7 0.6219 0.8297 -0.927 1.3944 19.0272 -1.8013 0.5702 0.4602 0.1449
Pedestrian 0 0 1.0136 465.3329 165.9609 500.886 242.1999 1.8239 0.647 0.7074 -2.9578 1.4531 17.6213 0.8473 0.5612 0.1889 0.0
Cyclist 0 0 1.7354 490.7918 171.0292 521.5119 238.2603 1.7126 0.5826 1.7943 -2.5429 1.4391 18.9919 1.6023 0.5483 0.0714 0.0
Pedestrian 0 0 -1.5129 713.9206 165.0714 777.8426 330.5302 1.696 0.6139 0.7318 1.5442 1.5225 7.8593 -1.3189 0.5058 0.0714 0.1523
Pedestrian 0 0 1.5898 469.6094 174.1917 495.6758 239.831 1.6104 0.5757 0.6504 -3.0084 1.4263 17.9815 1.424 0.4834 0.0065 0.0
Pedestrian 0 0 -1.6536 580.4194 163.6433 609.3802 234.3365 1.7867 0.6477 0.8727 -0.2132 1.3305 18.5817 -1.6651 0.456 0.0714 0.0
Pedestrian 0 0 -3.1049 1005.5721 144.5588 1084.7118 270.544 1.8516 0.593 0.8274 6.6167 1.3162 10.8355 -2.5567 0.4451 0.0151 0.0
Pedestrian 0 0 1.1862 131.9244 204.946 258.6726 379.489 1.3979 0.5412 0.6031 -3.1424 1.5977 5.4635 0.6642 0.4444 0.0688 0.0
Pedestrian 0 0 -1.654 593.51 167.1844 620.739 232.4954 1.7036 0.6219 0.8861 0.1177 1.3196 19.2159 -1.6479 0.4208 0.3959 0.3258
Pedestrian 0 0 1.4619 269.8822 195.0495 359.8604 367.1205 1.5975 0.6956 0.7901 -2.8816 1.7275 7.1027 1.0764 0.4124 0.0047 0.0
Car 0 0 1.6407 523.9244 176.754 550.9325 198.6052 1.4583 1.6165 3.7861 -4.4489 1.1286 50.2341 1.5524 0.3974 0.5049 0.227
Pedestrian 0 0 0.2783 254.4847 194.3142 340.9644 366.0728 1.6446 0.6198 0.7986 -2.992 1.7686 6.9838 -0.1264 0.391 0.0117 0.0
Pedestrian 0 0 -1.5616 579.2894 167.6347 602.6842 221.5447 1.7159 0.6311 0.9536 -0.3725 1.2649 23.382 -1.5775 0.3482 0.0416 0.0
Pedestrian 0 0 2.1804 235.9938 189.2761 369.0202 379.7806 1.5538 0.5914 0.7893 -2.1094 1.5972 5.0125 1.7821 0.2994 0.0001 0.0
Pedestrian 0 0 -1.324 886.059 158.294 927.3753 232.2128 1.7383 0.6265 0.8764 7.3488 1.1861 17.3595 -0.9236 0.2818 0.0016 0.0
Pedestrian 0 0 -3.0059 1015.1199 153.4365 1055.5244 237.689 1.6591 0.5817 0.649 8.7812 1.1066 14.6194 -2.465 0.2792 0.0714 0.0
Cyclist 0 0 -1.8483 651.754 160.1738 699.4862 247.0044 1.7364 0.5755 1.7405 1.5068 1.3089 15.1388 -1.7491 0.2727 0.0146 0.0
Pedestrian 0 0 1.4027 609.8966 167.7474 636.3858 228.9038 1.7068 0.6084 0.7351 0.5795 1.3248 20.4938 1.431 0.2674 0.0041 0.0
Pedestrian 0 0 -1.8633 653.8749 160.3972 697.1695 239.6404 1.7524 0.6357 0.828 1.6534 1.2849 16.5521 -1.7637 0.2591 0.0714 0.0