Car 0 0 1.9954999685287476 118.97989654541016 203.3927001953125 334.4090881347656 321.41668701171875 1.4901000261306763 1.5860999822616577 3.90310001373291 -6.046999931335449 2.0536000728607178 11.846599578857422 1.5235999822616577 0.8935999870300293 0.8180999755859375 0.7590000033378601
Car 0 0 1.8531999588012695 297.0289001464844 194.0229034423828 419.1720886230469 264.9670104980469 1.432800054550171 1.6756000518798828 4.266900062561035 -6.105500221252441 2.0097999572753906 17.83970069885254 1.5233999490737915 0.8598999977111816 0.8367999792098999 0.7857000231742859
Car 0 0 1.8097000122070312 398.6120910644531 188.57350158691406 478.7348937988281 237.88180541992188 1.454200029373169 1.6759999990463257 4.269400119781494 -5.8566999435424805 2.0483999252319336 24.94610023498535 1.5791000127792358 0.7847999930381775 0.7860000133514404 0.8295000195503235
Car 0 0 -1.756600022315979 689.830810546875 175.2758026123047 776.027587890625 237.0048065185547 1.548699975013733 1.6502000093460083 4.149799823760986 3.305000066757202 1.6233999729156494 20.353500366210938 -1.5956000089645386 0.7603999972343445 0.7608000040054321 0.48539999127388
Car 0 0 -1.7257000207901 674.414794921875 174.2761993408203 741.785400390625 223.54620361328125 1.5614999532699585 1.6586999893188477 4.191100120544434 3.2704999446868896 1.6256999969482422 25.07979965209961 -1.5959999561309814 0.7102000117301941 0.6780999898910522 0.7627999782562256
Car 0 0 2.5497000217437744 965.293212890625 136.6656036376953 1232.8447265625 226.39599609375 1.7407000064849854 1.7461999654769897 4.504000186920166 9.903499603271484 1.0192999839782715 14.8725004196167 3.137200117111206 0.6833999752998352 0.6599000096321106 0.14249999821186066
Car 0 0 1.75600004196167 446.8463134765625 185.52870178222656 501.9765930175781 224.66160583496094 1.5657000541687012 1.6331000328063965 3.978600025177002 -5.99560022354126 2.163100004196167 32.06230163574219 1.5712000131607056 0.5659999847412109 0.5989999771118164 0.0
Car 0 0 -1.6535999774932861 659.2429809570312 177.65130615234375 697.8099975585938 209.36099243164062 1.4658000469207764 1.6062999963760376 3.93149995803833 3.288300037384033 1.7099000215530396 35.509700775146484 -1.5613000392913818 0.5016999840736389 0.5383999943733215 0.0
Car 0 0 2.242500066757202 1.0 214.7436065673828 239.5511932373047 379.1083068847656 1.4639999866485596 1.5819000005722046 3.9012999534606934 -5.533400058746338 1.8712999820709229 6.195099830627441 1.5133999586105347 0.4810999929904938 0.6575999855995178 0.4043000042438507
Car 0 0 2.5223000049591064 866.5623779296875 154.85980224609375 1038.139404296875 214.57420349121094 1.5865999460220337 1.600100040435791 4.06279993057251 9.581700325012207 1.0858999490737915 20.458099365234375 2.9602999687194824 0.47940000891685486 0.2280000001192093 0.17589999735355377
Car 0 0 1.7997000217437744 486.1570129394531 183.81900024414062 529.9406127929688 211.28990173339844 1.5037000179290771 1.6282999515533447 4.046999931335449 -6.005899906158447 2.1735000610351562 42.647098541259766 1.6598000526428223 0.4498000144958496 0.28220000863075256 0.0
Car 0 0 2.765700101852417 822.2661743164062 157.3592071533203 970.5701293945312 210.5334014892578 1.5853999853134155 1.6119999885559082 3.771399974822998 8.802900314331055 1.113700032234192 22.622299194335938 3.1368000507354736 0.4165000021457672 0.10189999639987946 0.032600000500679016
Car 0 0 2.3719000816345215 949.5059204101562 137.9510040283203 1086.3272705078125 209.00469970703125 1.8552000522613525 1.5580999851226807 3.4614999294281006 11.405799865722656 0.9172999858856201 20.329999923706055 2.88319993019104 0.3402999937534332 0.0 0.008500000461935997
Car 0 0 -1.655900001525879 642.6256103515625 177.1634979248047 672.274169921875 200.4976043701172 1.5008000135421753 1.6162999868392944 3.7792999744415283 3.111799955368042 1.7999999523162842 48.417301177978516 -1.5916999578475952 0.3012000024318695 0.004100000020116568 0.0