Pedestrian 0 0 -3.1158 854.951 147.6401 971.4281 337.1157 1.7881 0.5552 0.9705 3.0251 1.4701 7.1486 -2.7155 0.8538 0.6592 0.2486
Pedestrian 0 0 2.5269 1014.8022 155.4891 1123.5333 325.7624 1.6958 0.551 0.7103 4.7572 1.4412 7.4228 3.0968 0.8208 0.721 0.047
Car 0 0 1.6541 463.2881 161.4197 556.8571 244.7244 1.7112 1.6632 3.922 -2.026 1.2605 16.5981 1.5326 0.7774 0.8519 0.3652
Pedestrian 0 0 -1.4874 265.8081 168.3186 308.1064 255.7865 1.692 0.6237 0.8744 -6.3121 1.4322 14.3344 -1.9022 0.7645 0.5016 0.2963
Pedestrian 0 0 -2.8247 639.1806 166.2088 686.8968 257.4481 1.7047 0.5558 0.9155 1.1474 1.4205 13.8786 -2.7422 0.7377 0.5191 0.0963
Pedestrian 0 0 2.1592 77.091 172.5287 208.7537 375.9355 1.6577 0.6506 0.8292 -3.9676 1.5987 6.1857 1.5889 0.6463 0.5233 0.7011
Car 0 0 1.8011 376.3932 156.2848 475.0336 231.7669 1.7661 1.6491 3.8942 -4.4697 1.133 18.6627 1.566 0.6046 0.4922 0.1412
Pedestrian 0 0 -2.7945 593.8382 163.7044 652.3351 268.552 1.687 0.5695 0.8428 0.3234 1.4021 12.0764 -2.7677 0.5552 0.3632 0.5412
Pedestrian 0 0 -1.5151 668.94 166.4206 713.3532 265.537 1.6501 0.6161 0.8473 1.5159 1.3958 12.4746 -1.3942 0.5544 0.42 0.3737
Pedestrian 0 0 2.241 775.2588 147.8898 829.5245 258.7695 1.8245 0.6388 0.9257 3.4158 1.2722 12.3384 2.511 0.3998 0.0056 0.0664
Pedestrian 0 0 -2.9132 602.5329 162.9852 645.0502 251.4911 1.7156 0.5833 0.7639 0.3956 1.3573 14.3408 -2.8856 0.3634 0.0714 0.0
Pedestrian 0 0 1.2099 27.0224 173.6709 130.8397 354.31 1.6978 0.6771 0.8073 -5.2172 1.6185 7.109 0.5768 0.3549 0.0042 0.0
Pedestrian 0 0 1.7835 779.3219 147.6377 818.282 243.4456 1.8021 0.5866 0.9518 3.8027 1.1662 13.9724 2.0493 0.3252 0.0714 0.0
Cyclist 0 0 2.144 593.0658 162.7464 651.9284 269.4074 1.6995 0.5338 1.7917 0.3157 1.3962 12.0423 2.1702 0.3156 0.0714 0.0
Pedestrian 0 0 2.1368 1135.854 140.725 1231.0277 291.557 1.73 0.6496 0.7696 6.962 1.2621 8.6066 2.817 0.2692 0.0067 0.0
Pedestrian 0 0 -2.4039 779.1139 188.774 821.2082 258.3691 1.617 0.614 0.8463 4.797 1.8127 17.5043 -2.1364 0.267 0.0714 0.0