Car 0 0 -0.3428 809.8405 184.9946 995.1224 251.5747 1.4867 1.6422 3.7942 6.8595 1.7965 17.3718 0.0333 0.8046 0.7335 0.3834
Car 0 0 -2.6392 38.3282 181.9522 359.1408 282.9454 1.4645 1.6744 4.2493 -6.5631 1.6303 11.5962 3.129 0.7961 0.7623 0.8096
Car 0 0 2.5494 918.515 182.3817 1260.7937 319.8852 1.5159 1.7487 4.4619 6.0514 1.6545 9.1318 3.1346 0.7662 0.7022 0.8808
Car 0 0 -2.7619 181.6406 179.8291 423.4272 258.663 1.4771 1.6811 4.2842 -6.1719 1.6288 14.6452 3.1225 0.7291 0.7291 0.3001
Car 0 0 0.3345 297.4495 176.7651 475.6868 241.8824 1.5761 1.6352 3.9625 -5.7037 1.6755 18.4554 0.0348 0.6846 0.5404 0.6451
Car 0 0 -2.8283 343.4137 172.0061 494.5457 231.0307 1.6668 1.7114 4.2036 -5.6961 1.6475 21.5453 -3.0868 0.6402 0.5598 0.0
Car 0 0 -0.1561 707.4112 179.5226 811.7751 220.0212 1.5451 1.6333 3.8097 5.8943 1.8146 28.6675 0.0467 0.6285 0.447 0.8477
Car 0 0 -0.3259 779.372 178.8913 931.4268 240.9014 1.5966 1.6516 3.7786 6.7169 1.7787 20.0873 -0.0032 0.5856 0.3923 0.2085
Car 0 0 -1.6321 641.7964 179.0746 672.5296 204.7357 1.4514 1.5925 3.8212 2.7451 1.8274 43.2936 -1.5688 0.561 0.6185 0.8315
Car 0 0 0.3255 441.5948 175.3468 535.9818 209.8681 1.5337 1.6312 4.0627 -5.6068 1.6476 33.1544 0.158 0.3692 0.0269 0.0
Car 0 0 -2.9544 237.2105 177.6104 445.4455 252.5363 1.4941 1.6219 4.0453 -5.7536 1.6156 15.7624 2.9788 0.2896 0.0084 0.0
Car 0 0 0.6923 991.7372 185.7568 1242.0939 324.5714 1.4242 1.6109 4.2574 6.8721 1.6194 8.6962 1.3611 0.2884 0.052 0.2448
Car 0 0 -2.385 1.0 200.8291 203.5366 376.7269 1.5782 1.6584 4.4371 -6.702 1.8411 6.3039 3.0821 0.2792 0.0714 0.3929
Car 0 0 -2.8901 378.0475 174.6537 507.724 218.9887 1.5945 1.7108 4.2754 -6.1531 1.6717 26.7301 -3.1163 0.2526 0.0714 0.0