Car 0 0 -1.9453 728.4836 184.8822 962.6825 325.5627 1.448 1.6367 4.1613 2.8409 1.6511 9.9132 -1.6662 0.899 0.8484 0.7703
Car 0 0 -1.7792 685.7788 180.1156 765.9293 234.3844 1.415 1.5967 3.948 3.2603 1.6501 21.3267 -1.6275 0.7796 0.7897 0.4954
Car 0 0 0.5416 158.9441 184.6581 430.5838 272.1417 1.4572 1.6432 4.275 -5.8404 1.6997 13.4825 0.1328 0.7528 0.7244 0.8207
Car 0 0 -1.6616 655.2452 171.7045 693.4414 204.9824 1.655 1.6333 4.0786 3.2839 1.5959 37.8236 -1.575 0.5801 0.656 0.294
Car 0 0 -2.8794 423.0302 176.8823 535.6281 215.8134 1.4767 1.6633 4.0284 -5.2287 1.6361 28.833 -3.0588 0.4814 0.0913 0.0
Car 0 0 -2.6115 407.5737 179.6537 513.9254 222.5041 1.4399 1.553 3.4972 -5.3555 1.6922 25.7261 -2.8167 0.4174 0.0117 0.0
Car 0 0 -2.7733 466.0158 172.2135 550.5822 206.054 1.5959 1.6473 4.0022 -5.0315 1.5721 35.5545 -2.9139 0.4132 0.1326 0.1488
Car 0 0 -2.7088 265.0184 174.5949 433.0796 244.4755 1.7143 1.6924 3.9981 -6.7916 1.7699 18.9201 -3.0534 0.4078 0.0716 0.4426
Car 0 0 0.7125 1.0 175.1884 274.3555 345.401 1.5649 1.7067 4.6185 -6.5665 1.6178 7.4782 -0.0081 0.3573 0.3677 0.4474
Car 0 0 -2.6936 442.1869 173.3597 540.6325 213.1741 1.6457 1.6891 4.0236 -5.1031 1.6801 31.1432 -2.8561 0.3477 0.0025 0.0
Car 0 0 -2.304 381.6577 181.8818 502.4198 228.5435 1.3957 1.6124 4.0304 -5.6563 1.7091 23.9359 -2.536 0.2887 0.0714 0.0
Car 0 0 -2.833 488.5912 171.7339 561.6184 199.156 1.6032 1.6838 4.2169 -5.1615 1.545 43.6182 -2.9508 0.2876 0.0076 0.0
Car 0 0 -2.7097 228.5632 172.8354 443.5314 267.8468 1.699 1.6335 3.7225 -5.3644 1.7103 14.2475 -3.0698 0.2762 0.0714 0.2775