Car 0 0 -1.9237 743.8824 182.5138 954.2004 317.6282 1.4666 1.5914 3.8497 3.018 1.6263 10.1299 -1.6342 0.8684 0.8544 0.7432
Car 0 0 -2.1611 850.0778 199.4979 1279.0 379.7411 1.4388 1.5478 3.8873 3.1801 1.6856 5.482 -1.6354 0.7499 0.8147 0.6882
Car 0 0 1.6103 478.0614 176.6739 536.1927 228.5392 1.5378 1.5559 3.4312 -3.3053 1.673 23.2477 1.4691 0.7253 0.7828 0.6595
Car 0 0 -1.781 683.1694 150.1438 807.9488 260.8478 1.986 1.5644 3.8494 2.5838 1.5689 14.9946 -1.6104 0.494 0.0381 0.0
Car 0 0 1.6788 517.2859 177.9704 556.9732 208.0174 1.4538 1.5956 3.8842 -3.7652 1.7356 37.2608 1.5781 0.4872 0.1796 0.2804
Car 0 0 -1.6678 667.4358 178.1766 715.0016 217.9836 1.5164 1.6174 3.7303 3.238 1.7503 29.5721 -1.5588 0.4812 0.3905 0.4953
Car 0 0 -1.7744 688.7713 178.8647 787.5476 254.864 1.6153 1.6041 3.9899 2.9331 1.7714 17.5519 -1.6088 0.4043 0.0074 0.0
Car 0 0 1.8602 539.1452 172.0492 579.51 199.0301 1.7419 1.6955 4.0785 -3.3495 1.6906 48.2419 1.7908 0.4001 0.112 0.0
Car 0 0 -1.7062 676.2534 182.9228 747.3457 238.6475 1.4747 1.6284 3.8294 2.9687 1.8127 22.1017 -1.5726 0.3859 0.0714 0.0
Car 0 0 1.6398 527.1486 179.5066 559.9494 207.7645 1.5118 1.5416 3.4967 -3.7969 1.9131 40.9963 1.5475 0.3827 0.028 0.0718
Car 0 0 1.4492 640.6335 176.9452 673.4246 202.3602 1.5376 1.5919 3.83 2.9317 1.8134 46.2209 1.5126 0.3577 0.0802 0.3431
Car 0 0 1.5912 665.5105 182.9871 706.272 218.5743 1.387 1.5796 4.0901 3.2493 1.855 31.3262 1.6945 0.3212 0.0714 0.1592