Car 0 0 -2.6515 28.5677 188.9323 362.3142 302.603 1.4697 1.6837 4.3411 -6.2511 1.7358 10.6259 3.0999 0.8314 0.7827 0.7807
Car 0 0 -1.6596 661.5926 180.4195 700.1254 211.1426 1.4794 1.6216 3.7668 3.5591 1.8747 37.1824 -1.5641 0.6062 0.5458 0.4505
Car 0 0 0.5693 325.7034 180.111 500.5238 240.3144 1.5672 1.6716 4.3948 -5.5461 1.778 20.1433 0.3006 0.5231 0.0763 0.4121
Car 0 0 0.477 359.2611 180.1214 511.2651 232.4562 1.4896 1.6335 4.113 -5.2914 1.7118 21.8172 0.2391 0.5222 0.1309 0.1565
Car 0 0 3.1232 240.6243 186.144 444.8142 250.9223 1.4489 1.679 4.4337 -6.4306 1.7716 17.6276 2.7734 0.4428 0.0714 0.3877
Car 0 0 0.3638 437.728 176.721 540.3738 215.4887 1.5616 1.6232 3.9456 -5.0095 1.704 29.6625 0.1965 0.3473 0.038 0.2385
Car 0 0 -2.8279 138.492 190.0437 359.579 272.3595 1.4378 1.5997 3.7434 -6.9002 1.7818 13.9981 2.9973 0.3448 0.0297 0.2118
Car 0 0 -2.9525 408.0427 180.0262 520.1277 221.0224 1.4777 1.6114 3.9386 -5.4041 1.7343 26.6195 3.1304 0.3337 0.0714 0.0
Car 0 0 0.6256 292.2479 182.5006 477.4832 247.9232 1.468 1.6089 4.1769 -5.5905 1.7243 18.0872 0.3259 0.2978 0.0306 0.5981
Car 0 0 -2.2988 915.0229 188.3856 1241.0 369.4922 1.5323 1.6101 3.8111 2.8601 1.617 3.0987 -1.5534 0.2957 3.0 0.5515
Car 0 0 -3.0079 482.2238 176.3238 558.429 206.367 1.5466 1.672 4.0425 -4.7584 1.7379 38.4054 -3.1311 0.2835 0.0714 0.0
Car 0 0 -2.1662 1.0 203.3583 149.74 380.0464 1.4206 1.663 4.1356 -6.4179 1.6932 5.8587 -2.9971 0.2806 0.0714 0.7424
Car 0 0 -2.3829 980.7937 168.724 1241.0 357.847 1.551 1.561 3.7994 2.7992 1.5826 3.0121 -1.6341 0.2699 1.0 0.6115