Car 0 0 -1.8612 764.7082 181.1689 913.2056 279.2497 1.5161 1.578 3.6877 3.9736 1.6859 13.3009 -1.5709 0.8808 0.8336 0.723
Car 0 0 -2.0299 845.8788 195.8104 1180.4134 371.4038 1.3957 1.5825 3.8991 3.863 1.6925 7.8871 -1.5744 0.8781 0.8566 0.8362
Car 0 0 1.7582 448.1368 185.0913 518.622 234.9041 1.4813 1.5792 3.6377 -4.1614 1.9127 23.9713 1.5863 0.8253 0.7698 0.8945
Car 0 0 -1.7632 728.3852 181.6481 816.6877 247.1326 1.4881 1.5787 3.6346 4.0749 1.7443 18.7759 -1.5495 0.785 0.7128 0.8719
Car 0 0 -1.7197 707.7086 179.2988 769.4886 227.4866 1.5037 1.5359 3.5801 4.2876 1.7374 24.7937 -1.5485 0.6797 0.8033 0.6784
Car 0 0 1.7275 488.8628 184.6424 541.2465 224.006 1.4949 1.6043 3.9512 -4.002 2.0259 30.5997 1.5974 0.6181 0.7004 0.4473
Car 0 0 -1.7162 692.7472 179.7584 745.7036 220.0413 1.5404 1.6183 3.9539 4.4524 1.8438 30.1749 -1.5697 0.5289 0.3575 0.6688
Car 0 0 -2.4121 1106.5984 173.8204 1253.6494 226.949 1.5836 1.6325 3.5044 18.143 1.641 23.0211 -1.7447 0.5001 0.0714 0.0
Car 0 0 -1.7064 685.4664 176.6483 735.7508 217.1904 1.6178 1.6522 3.9355 4.203 1.7882 30.942 -1.5714 0.4228 0.1106 0.3811
Car 0 0 -2.1697 1050.6345 173.9477 1159.6393 219.3656 1.5654 1.6444 3.6365 17.833 1.6115 26.2799 -1.5735 0.3916 0.002 0.0
Car 0 0 1.6727 516.1164 181.8941 556.1224 214.082 1.5832 1.7115 4.2258 -3.9043 2.0818 38.2945 1.5711 0.3416 0.1226 0.0972
Car 0 0 1.7954 558.3584 179.8582 593.6677 202.4601 1.5138 1.6843 4.3139 -2.4259 2.0353 51.7064 1.7485 0.3415 0.4104 0.5333