Car 0 0 -1.9739999771118164 756.6774291992188 193.09129333496094 1050.28466796875 374.9010009765625 1.437399983406067 1.576200008392334 3.6993000507354736 2.745300054550171 1.7057000398635864 7.816400051116943 -1.636199951171875 0.9075000286102295 0.8888000249862671 0.7466999888420105
Car 0 0 -1.7419999837875366 672.5772094726562 178.3188018798828 761.9923095703125 251.8125 1.56850004196167 1.5881999731063843 3.623699903488159 2.4537999629974365 1.7144999504089355 17.59779930114746 -1.6035000085830688 0.815500020980835 0.8406999707221985 0.48030000925064087
Car 0 0 -2.6661999225616455 19.46940040588379 165.6649932861328 360.6687927246094 302.0837097167969 1.8055000305175781 1.7165000438690186 3.9937000274658203 -6.176700115203857 1.7095999717712402 10.482000350952148 3.0845000743865967 0.7939000129699707 0.7071999907493591 0.47440001368522644
Car 0 0 -1.7338999509811401 657.1618041992188 181.07220458984375 724.4503173828125 232.51199340820312 1.4970999956130981 1.565000057220459 3.6914000511169434 2.498300075531006 1.791700005531311 23.522499084472656 -1.628100037574768 0.7559999823570251 0.7717999815940857 0.4713999927043915
Car 0 0 -1.6894999742507935 642.72998046875 176.93820190429688 688.714599609375 216.85980224609375 1.5917999744415283 1.6022000312805176 3.6923999786376953 2.2813000679016113 1.7807999849319458 30.8887996673584 -1.6158000230789185 0.6809999942779541 0.7099999785423279 0.09399999678134918
Car 0 0 -2.826900005340576 284.5812072753906 184.389404296875 453.8219909667969 243.62130737304688 1.4371999502182007 1.6404000520706177 3.9000000953674316 -6.39870023727417 1.768399953842163 19.25659942626953 3.1354000568389893 0.6787999868392944 0.5234000086784363 0.41600000858306885
Car 0 0 -2.964600086212158 428.5011901855469 177.03599548339844 531.8818969726562 215.41360473632812 1.6081000566482544 1.6711000204086304 4.045000076293945 -5.651000022888184 1.7999000549316406 31.440500259399414 3.1407999992370605 0.4742000102996826 0.17069999873638153 0.0
Car 0 0 -2.9223999977111816 455.822998046875 177.85940551757812 544.6141967773438 208.7866973876953 1.5252000093460083 1.6785000562667847 4.276599884033203 -5.639699935913086 1.7803000211715698 37.0713996887207 -3.0734000205993652 0.4357999861240387 0.031300000846385956 0.3652999997138977
Car 0 0 0.41179999709129333 154.29629516601562 163.6925048828125 405.76458740234375 276.0203857421875 1.804900050163269 1.651900053024292 4.07889986038208 -5.846099853515625 1.6680999994277954 12.880800247192383 -0.0142000000923872 0.39489999413490295 0.025100000202655792 0.2621000111103058
Car 0 0 -2.758500099182129 241.64280700683594 184.50160217285156 445.8601989746094 252.81390380859375 1.434000015258789 1.6075999736785889 4.359399795532227 -6.052800178527832 1.7181999683380127 16.588899612426758 -3.1084001064300537 0.37630000710487366 0.006599999964237213 0.3919999897480011
Car 0 0 -1.659999966621399 635.1309814453125 178.89649963378906 663.9918212890625 205.1905059814453 1.5813000202178955 1.6162999868392944 3.7193000316619873 2.4544999599456787 1.9759000539779663 46.0 -1.606600046157837 0.3718999922275543 0.055399999022483826 0.0
Car 0 0 -2.8043999671936035 387.83990478515625 183.8957977294922 493.03619384765625 224.8220977783203 1.416200041770935 1.5480999946594238 3.5283000469207764 -6.380799770355225 1.8447999954223633 27.0851993560791 -3.035799980163574 0.35370001196861267 0.319599986076355 0.0
Car 0 0 -2.7790000438690186 231.668701171875 190.21319580078125 423.9505920410156 262.65899658203125 1.4108999967575073 1.5505000352859497 3.6942999362945557 -6.066500186920166 1.80239999294281 15.67080020904541 3.1347999572753906 0.3391000032424927 0.023499999195337296 0.5081999897956848