Car 0 0 -1.9496 682.7278 194.5197 902.2832 329.7973 1.3782 1.562 3.7188 2.1583 1.7103 9.7854 -1.7325 0.8879 0.863 0.6438
Car 0 0 1.8647 11.4277 211.5696 255.7408 364.3634 1.3684 1.5286 3.6558 -5.856 1.9615 9.2423 1.3 0.7235 0.7784 0.4649
Car 0 0 -1.7143 565.0569 188.4726 628.3864 236.961 1.4316 1.5447 3.458 -0.5825 1.9796 23.9841 -1.7386 0.6769 0.75 0.3753
Car 0 0 1.7669 383.5127 190.713 431.8893 224.7589 1.495 1.5934 3.6937 -10.0074 2.4358 35.7672 1.4941 0.5653 0.6229 0.0059
Car 0 0 -3.0574 760.4586 172.594 889.5415 221.189 1.6384 1.692 3.9395 7.603 1.6438 25.7749 -2.7706 0.5445 0.2042 0.6628
Car 0 0 -1.6839 554.768 186.9294 603.355 226.4972 1.4836 1.5919 3.7335 -1.422 2.1097 30.327 -1.7307 0.537 0.6642 0.6221
Car 0 0 -1.7764 1056.9368 168.323 1208.1856 269.5202 1.5231 1.5927 3.2 9.0077 1.4783 12.6972 -1.1594 0.3838 0.0015 0.0
Car 0 0 2.0606 175.9609 195.4137 253.2643 229.0846 1.4429 1.6103 4.079 -19.4691 2.6221 35.6303 1.5605 0.3281 0.0714 0.0
Car 0 0 2.8731 708.3958 182.9255 791.096 210.0575 1.4027 1.617 4.1882 7.557 1.945 39.24 3.0634 0.3273 0.0714 0.0
Car 0 0 -1.6398 545.2288 185.3774 570.0992 206.7434 1.4773 1.6446 3.755 -3.9413 2.4315 53.7396 -1.713 0.3247 0.0079 0.0
Car 0 0 2.3205 1.0 223.7612 123.5263 372.935 1.3687 1.5484 3.7045 -5.1057 1.7994 4.6207 1.4853 0.2712 0.0087 0.0