Car 0 0 -2.0185 834.3474 180.143 1128.3253 350.3973 1.5042 1.5312 3.3972 3.8444 1.6081 8.2176 -1.5809 0.9021 0.8733 0.7536
Car 0 0 -1.8168 762.5044 182.9649 897.7162 277.4042 1.5026 1.6002 3.6749 3.9549 1.7189 13.7276 -1.5363 0.8803 0.8483 0.9003
Car 0 0 -1.7587 726.8835 178.886 809.044 243.08 1.5414 1.5698 3.6606 4.0915 1.7123 19.4393 -1.5512 0.8339 0.8035 0.758
Car 0 0 1.8125 383.6656 183.2858 485.7592 250.9257 1.5006 1.6224 3.9999 -4.4762 1.8012 18.8146 1.5789 0.8322 0.8219 0.8128
Car 0 0 -1.7289 700.6298 178.6428 765.0974 226.6991 1.5144 1.5979 4.0201 4.16 1.7358 25.2638 -1.5657 0.7719 0.7415 0.5696
Car 0 0 1.7296 450.598 182.3588 516.0432 231.0867 1.5121 1.5972 3.73 -4.3475 1.8636 24.9884 1.5574 0.7534 0.7683 0.581
Car 0 0 1.7181 483.8208 181.0937 538.0401 220.3631 1.5389 1.6554 3.9666 -4.2351 1.9133 31.04 1.5825 0.5429 0.5411 0.4065
Car 0 0 -1.6855 689.9865 176.5345 741.3296 217.9129 1.5566 1.5922 3.8115 4.2139 1.7265 29.5879 -1.544 0.4638 0.6713 0.0
Car 0 0 1.7334 541.4884 177.1712 578.8516 202.761 1.5345 1.7025 4.2404 -3.1498 1.8199 45.8456 1.6648 0.4172 0.5682 0.6606
Car 0 0 -2.3227 957.4559 177.365 1056.9099 217.0522 1.5933 1.6303 3.8528 17.0499 1.8092 31.2283 -1.823 0.3648 0.0714 0.0
Car 0 0 -1.6555 684.4907 175.1926 728.0082 211.2925 1.5728 1.659 3.8812 4.393 1.699 33.6568 -1.5257 0.3638 0.0085 0.0