Car 0 0 -1.929900050163269 744.162109375 192.0001983642578 967.8621826171875 334.7423095703125 1.3897000551223755 1.587499976158142 3.963200092315674 2.865999937057495 1.6850999593734741 9.469099998474121 -1.6360000371932983 0.9021999835968018 0.8845999836921692 0.8082000017166138
Car 0 0 -1.7497999668121338 695.7407836914062 182.93910217285156 780.389404296875 245.74679565429688 1.4586000442504883 1.5740000009536743 3.9163999557495117 3.2223000526428223 1.7454999685287476 19.113000869750977 -1.582800030708313 0.8159000277519226 0.847100019454956 0.5349000096321106
Car 0 0 -1.604099988937378 659.580810546875 174.485107421875 695.7947998046875 208.40159606933594 1.5848000049591064 1.6368000507354736 3.5764999389648438 3.277400016784668 1.6675000190734863 35.5005989074707 -1.5119999647140503 0.6502000093460083 0.7294999957084656 0.37630000710487366
Car 0 0 1.6265000104904175 549.735107421875 179.87620544433594 588.9915771484375 211.89630126953125 1.4335999488830566 1.5669000148773193 3.962899923324585 -1.961300015449524 1.7796000242233276 34.801998138427734 1.570199966430664 0.619700014591217 0.7307999730110168 0.4106000065803528
Car 0 0 0.6062999963760376 273.650390625 179.03799438476562 475.5338134765625 251.57479858398438 1.4884999990463257 1.6432000398635864 4.053899765014648 -5.253399848937988 1.6299999952316284 16.09149932861328 0.290800005197525 0.6194999814033508 0.008200000040233135 0.49059998989105225
Car 0 0 0.628600001335144 51.564998626708984 168.2666015625 359.7763977050781 283.27911376953125 1.5936000347137451 1.6663000583648682 3.8914999961853027 -6.393199920654297 1.5391000509262085 11.293899536132812 0.11349999904632568 0.6040999889373779 0.5249000191688538 0.2587999999523163
Car 0 0 0.5152999758720398 238.418701171875 176.24240112304688 450.8096008300781 254.37489318847656 1.507699966430664 1.6341999769210815 4.108799934387207 -5.522900104522705 1.579300045967102 15.126299858093262 0.16519999504089355 0.5735999941825867 0.5123999714851379 0.44130000472068787
Car 0 0 -2.9033000469207764 345.2507019042969 178.0550994873047 499.3324890136719 231.94180297851562 1.462399959564209 1.6448999643325806 3.907399892807007 -5.392499923706055 1.6167999505996704 20.850200653076172 3.126800060272217 0.5733000040054321 0.27799999713897705 0.0
Car 0 0 -2.7811999320983887 132.0177001953125 178.13890075683594 370.0455017089844 267.35980224609375 1.4960999488830566 1.56850004196167 3.628700017929077 -6.352499961853027 1.580299973487854 12.865500450134277 3.043299913406372 0.5060999989509583 0.09399999678134918 0.6345999836921692
Car 0 0 0.4634999930858612 311.3583068847656 177.05169677734375 480.0802001953125 243.3291015625 1.4831000566482544 1.5951000452041626 3.6452999114990234 -5.165900230407715 1.5770000219345093 17.32360076904297 0.1737000048160553 0.35510000586509705 0.10159999877214432 0.16459999978542328
Car 0 0 3.1048998832702637 471.56439208984375 178.01370239257812 546.0946044921875 206.27239990234375 1.4407000541687012 1.6065000295639038 3.949899911880493 -5.449699878692627 1.7148000001907349 38.60810089111328 2.964600086212158 0.2939000129699707 0.00559999980032444 0.0027000000700354576