Car 0 0 -2.8121 285.3006 192.7086 453.1882 248.8663 1.4145 1.6482 4.1025 -6.6504 1.9983 20.1137 -3.1314 0.7808 0.6515 0.4958
Car 0 0 -2.4733 881.953 178.3898 1125.8203 272.2043 1.4852 1.566 3.8448 7.0102 1.6103 13.1872 -1.9847 0.7767 0.6953 0.3333
Car 0 0 -1.7319 659.086 183.0674 719.9286 230.4698 1.4793 1.5862 3.5029 2.6211 1.8515 24.8377 -1.6267 0.7572 0.8004 0.842
Car 0 0 -1.7138 632.1104 181.1992 678.0244 215.9608 1.4861 1.5778 3.9669 1.9989 1.8931 33.7279 -1.6546 0.5368 0.6332 0.5095
Car 0 0 -2.8848 369.466 188.5015 486.6193 231.8727 1.4672 1.6569 4.0603 -6.6326 2.0531 26.307 -3.1318 0.5174 0.2206 0.0
Car 0 0 -2.8663 439.7107 182.5989 530.15 217.3713 1.5494 1.6621 3.914 -5.8641 2.0059 33.7859 -3.0382 0.4804 0.146 0.0
Car 0 0 -2.697 126.8509 191.6927 384.9881 282.803 1.5245 1.6628 4.0807 -6.6214 1.9041 13.7318 3.1369 0.4473 0.4356 0.5578
Car 0 0 -2.6208 208.551 198.3144 394.2428 270.2525 1.4418 1.5818 3.6334 -6.9799 2.0506 16.3696 -3.0238 0.3928 0.2089 0.4397
Car 0 0 -2.3392 1.0 209.3824 127.703 374.7288 1.4135 1.5419 3.862 -6.0161 1.7276 5.7623 3.1371 0.346 0.0714 0.4908
Car 0 0 0.4634 414.247 190.3534 508.0536 224.8616 1.4172 1.5433 3.7646 -6.6479 2.2221 32.029 0.2588 0.319 0.0714 0.0
Car 0 0 -2.0018 1.0 193.4452 166.0616 374.5814 1.4664 1.627 4.1125 -5.5301 1.6561 4.5534 -2.8838 0.3004 0.0714 0.0556