Car 0 0 -1.9004000425338745 730.7296142578125 195.53050231933594 950.5963134765625 350.093994140625 1.4982999563217163 1.5805000066757202 3.7827000617980957 2.609299898147583 1.8207999467849731 9.29259967803955 -1.6266000270843506 0.8953999876976013 0.8944000005722046 0.9136000275611877
Car 0 0 1.8660000562667847 231.93460083007812 208.3916015625 447.4764099121094 350.99749755859375 1.4496999979019165 1.6240999698638916 4.030200004577637 -3.5959999561309814 2.0320000648498535 10.286100387573242 1.5296000242233276 0.8862000107765198 0.8970999717712402 0.8260999917984009
Car 0 0 -1.777899980545044 683.3215942382812 196.0926055908203 796.6666259765625 280.6986083984375 1.406599998474121 1.6168999671936035 4.034599781036377 2.469099998474121 1.9371000528335571 14.8503999710083 -1.6131000518798828 0.8597999811172485 0.8407999873161316 0.6922000050544739
Car 0 0 1.7979999780654907 379.3504943847656 204.88169860839844 496.5325927734375 288.2305908203125 1.4941999912261963 1.6234999895095825 4.05109977722168 -3.788100004196167 2.292799949645996 16.36680030822754 1.5706000328063965 0.8202000260353088 0.7860000133514404 0.8611000180244446
Car 0 0 1.7421000003814697 466.402587890625 201.25169372558594 530.622802734375 249.435302734375 1.4836000204086304 1.6373000144958496 4.00570011138916 -4.097099781036377 2.619999885559082 26.77079963684082 1.5901999473571777 0.7321000099182129 0.7785000205039978 0.7365000247955322
Car 0 0 -2.100600004196167 878.73828125 203.2346954345703 1279.0 380.8743896484375 1.4859000444412231 1.5779000520706177 3.6926000118255615 2.86680006980896 1.7338999509811401 4.726799964904785 -1.555400013923645 0.6366999745368958 0.7954999804496765 0.7074000239372253
Car 0 0 -1.710800051689148 658.350830078125 193.4105987548828 717.2736206054688 241.28140258789062 1.5618000030517578 1.6018999814987183 3.6119000911712646 2.6828999519348145 2.3475000858306885 26.291900634765625 -1.6090999841690063 0.6075000166893005 0.5907999873161316 0.5586000084877014
Car 0 0 -1.7438000440597534 669.4067993164062 193.90420532226562 747.618408203125 253.90350341796875 1.5134999752044678 1.5961999893188477 3.6463000774383545 2.6937999725341797 2.158799886703491 20.894899368286133 -1.6155999898910522 0.5587999820709229 0.4796000123023987 0.6410999894142151
Car 0 0 1.719499945640564 436.1922912597656 201.36669921875 504.9432067871094 260.8370056152344 1.4752999544143677 1.5972000360488892 3.6726999282836914 -4.123799800872803 2.411900043487549 21.60849952697754 1.530900001525879 0.4171999990940094 0.3991999924182892 0.7092000246047974
Car 0 0 -1.6723999977111816 628.375 193.7218017578125 660.9641723632812 221.789306640625 1.554800033569336 1.6548999547958374 3.5826001167297363 2.0961999893188477 2.9121999740600586 44.999000549316406 -1.6258000135421753 0.32910001277923584 0.08780000358819962 0.004800000227987766
Car 0 0 -2.1998000144958496 1.0 204.5238037109375 170.35699462890625 383.0 1.4926999807357788 1.5936000347137451 3.972599983215332 -6.408400058746338 1.7868000268936157 6.6041998863220215 -2.970099925994873 0.26660001277923584 0.02199999988079071 0.0