Car 0 0 -2.0215001106262207 783.1433715820312 186.9136962890625 1085.433837890625 347.22760009765625 1.396399974822998 1.6089999675750732 4.060100078582764 3.3801000118255615 1.5853999853134155 8.530500411987305 -1.6442999839782715 0.8992000222206116 0.8902999758720398 0.7461000084877014
Car 0 0 -1.8087999820709229 739.95458984375 183.5496063232422 871.58642578125 276.49951171875 1.4804999828338623 1.582200050354004 3.719399929046631 3.5137999057769775 1.7065999507904053 13.776200294494629 -1.5591000318527222 0.8763999938964844 0.8611000180244446 0.8644000291824341
Car 0 0 2.0422000885009766 17.559600830078125 194.1313018798828 341.10589599609375 370.23370361328125 1.5525000095367432 1.6347999572753906 3.9756999015808105 -4.893099784851074 1.8727999925613403 8.703900337219238 1.5299999713897705 0.8641999959945679 0.8087000250816345 0.76419997215271
Car 0 0 1.905500054359436 261.6471862792969 192.10459899902344 428.160400390625 284.5028991699219 1.4258999824523926 1.6476000547409058 4.260300159454346 -4.94789981842041 1.8489999771118164 13.989999771118164 1.565600037574768 0.8633000254631042 0.861299991607666 0.8163999915122986
Car 0 0 -1.7799999713897705 713.044189453125 180.81320190429688 799.5791015625 243.72459411621094 1.4974000453948975 1.5707999467849731 3.5350000858306885 3.775700092315674 1.7280000448226929 19.388599395751953 -1.5877000093460083 0.7985000014305115 0.7843999862670898 0.9039999842643738
Car 0 0 1.738800048828125 471.77301025390625 181.25469970703125 525.1464233398438 221.30459594726562 1.5183000564575195 1.5989999771118164 3.7788000106811523 -4.640399932861328 1.8995000123977661 30.20319938659668 1.586300015449524 0.762499988079071 0.7886999845504761 0.5684999823570251
Car 0 0 -1.7395999431610107 690.9995727539062 179.00169372558594 757.0446166992188 226.99620056152344 1.531000018119812 1.6080000400543213 3.767400026321411 3.8729000091552734 1.7661000490188599 25.34040069580078 -1.5879000425338745 0.6859999895095825 0.7361000180244446 0.7186999917030334
Car 0 0 1.725600004196167 496.13140869140625 180.3011932373047 544.5161743164062 214.05039978027344 1.5006999969482422 1.679900050163269 4.231599807739258 -4.321499824523926 1.8806999921798706 35.00279998779297 1.6028000116348267 0.5371999740600586 0.6362000107765198 0.6711999773979187
Car 0 0 -2.708699941635132 954.9697875976562 176.74429321289062 1070.25 216.74099731445312 1.4819999933242798 1.67739999294281 4.182799816131592 15.646300315856934 1.6414999961853027 28.313800811767578 -2.203900098800659 0.5371999740600586 0.08349999785423279 0.0
Car 0 0 -2.302999973297119 1050.98046875 175.88929748535156 1196.023681640625 228.83900451660156 1.5791000127792358 1.645900011062622 3.7588999271392822 16.343000411987305 1.69760000705719 23.309200286865234 -1.691499948501587 0.5224999785423279 0.06469999998807907 0.0
Car 0 0 -2.2281999588012695 1029.990234375 183.447998046875 1241.0 375.2698974609375 1.4765000343322754 1.614400029182434 3.6001999378204346 3.525399923324585 1.5910999774932861 3.5998001098632812 -1.4532999992370605 0.3181000053882599 4.0 0.6959999799728394
Car 0 0 -0.9908999800682068 621.164794921875 175.16600036621094 661.7576904296875 194.6072998046875 1.6227999925613403 1.6401000022888184 3.973400115966797 2.694000005722046 1.8358999490737915 62.608699798583984 -0.9478999972343445 0.2955000102519989 0.061400000005960464 0.0