Pedestrian 0 0 1.7216 694.1266 161.688 728.5807 246.4082 1.754 0.6213 0.7133 2.2997 1.3403 15.2749 1.8711 0.4938 0.128 0.481
Pedestrian 0 0 -1.0252 430.5024 164.2032 470.2854 252.2851 1.7889 0.6216 0.9116 -3.1846 1.4432 15.0004 -1.2344 0.4933 0.4202 0.3624
Cyclist 0 0 1.8062 588.7555 162.8118 616.7382 214.7278 1.7904 0.5413 1.7962 0.0362 1.1358 25.7825 1.8076 0.452 0.0668 0.6223
Pedestrian 0 0 0.5489 660.5575 170.0328 698.0994 247.3961 1.6552 0.5853 0.7267 1.6811 1.4115 15.8076 0.6548 0.4172 0.0648 0.0096
Cyclist 0 0 -0.4488 522.5955 166.6999 549.8386 209.7526 1.768 0.5666 1.818 -2.8181 1.1582 30.6732 -0.5405 0.3763 0.0282 0.0
Cyclist 0 0 -1.2749 663.544 164.2918 695.5244 243.5623 1.7186 0.5641 1.6404 1.7371 1.3541 16.3205 -1.1689 0.3757 0.0457 0.0
Cyclist 0 0 -1.5955 525.6192 171.0086 545.424 209.7336 1.7272 0.5611 1.7135 -3.0453 1.2469 32.9879 -1.6876 0.369 0.0714 0.0
Pedestrian 0 0 1.8715 590.9045 166.4144 614.8583 215.0144 1.724 0.5708 0.8548 0.0403 1.176 26.0306 1.8731 0.3256 0.0714 0.0
Cyclist 0 0 -1.7238 593.4592 166.6997 612.9876 215.0923 1.708 0.5292 1.8135 0.029 1.1728 26.4027 -1.7227 0.3224 0.02 0.3766
Cyclist 0 0 1.6411 565.4456 167.7656 583.8734 206.1868 1.7123 0.5489 1.8191 -1.2351 1.0883 32.8764 1.6036 0.3094 0.0441 0.0
Pedestrian 0 0 1.4728 566.2992 166.788 583.6752 207.8215 1.7771 0.6187 0.8295 -1.1837 1.1435 31.5741 1.4353 0.2804 0.0714 0.0
Pedestrian 0 0 -1.9991 692.3356 176.4124 723.4344 246.2882 1.5001 0.5788 0.6993 2.3413 1.4002 16.0726 -1.8544 0.2583 0.0714 0.0027