Car 0 0 -1.8408 622.395 201.6879 755.539 301.3038 1.4505 1.5708 3.5147 1.2319 2.0239 13.0966 -1.747 0.8626 0.7947 0.6821
Car 0 0 -2.0247 685.8452 205.2569 987.5301 383.0 1.4692 1.5789 3.8549 2.0769 1.8851 8.0719 -1.7728 0.8569 0.8624 0.7048
Car 0 0 1.7349 219.0525 210.9281 361.6785 308.5455 1.3944 1.6651 4.0803 -6.0025 2.2275 13.8958 1.3272 0.8362 0.8541 0.6536
Car 0 0 -1.7593 561.0085 189.8421 657.0298 268.6221 1.5381 1.5978 3.5007 -0.187 1.9617 16.5163 -1.7706 0.8296 0.8457 0.2954
Car 0 0 1.9382 0.0 217.4234 305.6214 377.6274 1.442 1.5316 3.3996 -4.1065 1.9197 6.6314 1.3837 0.7639 0.7052 0.3216
Car 0 0 1.6783 337.9734 191.5476 407.5167 256.164 1.6746 1.6221 3.9514 -7.0105 2.2622 21.5393 1.3636 0.6417 0.6901 0.0311
Car 0 0 -1.6875 521.1839 196.2157 570.3055 237.7022 1.4511 1.5657 3.3561 -2.6471 2.4247 28.5636 -1.7799 0.5667 0.5749 0.3091
Car 0 0 -1.6841 538.858 195.1534 603.4826 247.1708 1.4317 1.602 3.6466 -1.3356 2.1825 22.8759 -1.7424 0.5452 0.0533 0.0
Car 0 0 1.6582 400.7412 198.5683 432.9491 224.5375 1.3914 1.6832 3.8857 -11.9329 3.0532 44.5557 1.3965 0.3283 0.1281 0.3027
Car 0 0 -2.3099 938.8575 210.7731 1245.265 372.0 1.4644 1.5908 3.8364 2.6191 1.7263 3.2469 -1.6311 0.3201 4.0 0.6446
Car 0 0 -2.2454 855.8262 200.2124 1211.1841 372.2297 1.4515 1.5318 3.5363 2.5945 1.6748 3.3021 -1.5794 0.311 16.0 0.6213
Car 0 0 -1.7285 531.6935 192.204 612.2524 252.3459 1.4894 1.6428 3.8941 -1.2374 2.1027 21.052 -1.7872 0.2569 0.0714 0.0829