Pedestrian 0 0 -3.0699 847.2556 158.7245 937.9469 307.2986 1.6738 0.5279 0.867 3.3072 1.4137 8.3401 -2.6924 0.8941 0.7186 0.166
Pedestrian 0 0 -2.79 730.9005 155.4064 836.2487 329.1044 1.7379 0.5402 0.9238 1.8581 1.476 7.5674 -2.5493 0.8518 0.6179 0.132
Car 0 0 1.8084 385.8126 160.698 540.702 268.2657 1.6654 1.6538 4.0711 -2.3561 1.3041 13.105 1.6305 0.8474 0.7909 0.4981
Pedestrian 0 0 -1.3656 312.0377 164.8658 348.7694 243.9146 1.7116 0.624 0.7725 -6.0579 1.3541 15.9835 -1.7278 0.5753 0.4185 0.0356
Pedestrian 0 0 -2.6486 600.0274 167.8678 645.1752 254.9598 1.6927 0.5907 0.8789 0.3866 1.4274 14.4576 -2.6219 0.4757 0.1511 0.6129
Pedestrian 0 0 1.5463 568.5552 165.697 604.949 252.8872 1.6684 0.6067 0.7269 -0.3307 1.3601 14.2558 1.5231 0.4425 0.0 0.2241
Pedestrian 0 0 1.4701 688.4301 160.8402 725.8628 254.3486 1.7538 0.6046 0.7452 1.9994 1.3591 13.8588 1.6134 0.4228 0.1626 0.2207
Pedestrian 0 0 1.9584 1142.6831 141.2297 1231.0893 291.8388 1.7357 0.6456 0.7153 6.9078 1.266 8.5351 2.6388 0.3991 0.061 0.0
Pedestrian 0 0 2.3434 951.9925 134.332 997.6009 230.4576 1.9044 0.6067 0.713 7.4976 0.9718 14.4908 2.8209 0.3739 0.0714 0.0
Pedestrian 0 0 -1.4554 644.6501 167.449 681.0486 249.0681 1.6678 0.6219 0.8363 1.2475 1.3784 15.1288 -1.3732 0.3438 0.0714 0.3514
Cyclist 0 0 1.6507 690.349 160.0826 724.247 239.3864 1.7751 0.5928 1.8405 2.4149 1.295 16.6989 1.7943 0.3229 0.0714 0.0
Pedestrian 0 0 1.8302 1151.9331 137.0856 1212.774 301.3342 1.842 0.6034 0.7003 6.6762 1.3447 8.1939 2.5139 0.298 0.0714 0.0
Pedestrian 0 0 2.6374 717.6788 172.896 750.3585 240.8092 1.6271 0.5635 0.6633 3.2076 1.4084 17.5558 2.8181 0.2862 0.0714 0.0
Pedestrian 0 0 1.4074 693.3402 159.8239 728.0066 231.2154 1.814 0.6674 0.8597 2.8137 1.2673 18.8414 1.5556 0.2629 0.0714 0.0
Pedestrian 0 0 0.6218 209.2036 156.3358 259.3082 243.8554 1.811 0.5819 0.6886 -7.7472 1.2941 15.124 0.1484 0.2571 0.0714 0.0