Car 0 0 -1.304 294.9164 178.7004 475.4544 291.8656 1.4328 1.6092 3.957 -3.269 1.4199 11.0941 -1.5905 0.9011 0.8832 0.7114
Pedestrian 0 0 -2.7907 201.6137 174.9706 246.1054 245.372 1.6835 0.5879 0.8629 -9.5345 1.5611 17.6259 2.9967 0.6567 0.0187 0.03
Pedestrian 0 0 -2.4198 164.9679 169.6841 211.664 250.3676 1.7268 0.5782 0.6906 -9.2266 1.4975 15.5804 -2.9545 0.5795 0.4054 0.0
Cyclist 0 0 -1.1148 871.7308 146.2333 911.9053 200.4994 1.8303 0.5839 1.8551 9.9299 0.669 24.6093 -0.7313 0.4739 0.0001 0.0004
Pedestrian 0 0 0.0556 209.8766 175.7501 238.4228 244.8172 1.6564 0.5844 0.7047 -9.4606 1.5477 17.4611 -0.4409 0.4595 0.2128 0.0777
Car 0 0 1.709 468.9804 171.1095 498.2262 191.4535 1.5163 1.7051 4.3411 -9.49 0.7937 55.6039 1.54 0.4503 0.4171 0.0
Pedestrian 0 0 0.1413 575.003 160.9618 609.7491 232.2579 1.7464 0.5801 0.6783 -0.3588 1.2666 17.8564 0.1212 0.3648 0.0618 0.1385
Cyclist 0 0 -1.4872 876.3272 151.8047 906.2265 201.1047 1.7236 0.5739 1.7694 10.1676 0.7067 25.2065 -1.1037 0.3203 0.0714 0.1199
Cyclist 0 0 -0.8326 287.1701 162.4155 341.927 241.2494 1.7855 0.5703 1.6475 -6.8986 1.3729 16.7609 -1.223 0.3079 0.0714 0.1256
Cyclist 0 0 -1.686 876.6909 147.3328 899.6553 197.6589 1.7827 0.5773 1.927 10.4114 0.6004 26.0918 -1.3063 0.2938 0.0714 0.5621
Cyclist 0 0 -2.1212 1162.5686 125.3809 1225.7737 214.7564 1.7394 0.5562 1.7653 11.8154 0.6545 14.0113 -1.4207 0.2866 0.0714 0.1952