Car 0 0 -1.9124 754.1106 182.9148 982.3746 338.2489 1.501 1.5859 3.6295 2.968 1.6716 9.3045 -1.6036 0.9032 0.8565 0.7855
Car 0 0 -2.8144 147.586 174.3773 386.2432 263.7126 1.6167 1.6542 3.8891 -6.5583 1.6376 13.9236 3.0286 0.7763 0.6097 0.7308
Car 0 0 2.8802 703.6058 170.5993 842.7697 220.7984 1.6268 1.6992 4.1671 5.4491 1.5534 24.3064 3.1008 0.5913 0.455 0.0
Car 0 0 -2.8852 398.9546 175.8506 495.7484 209.3173 1.4318 1.6118 3.8037 -7.2286 1.5739 32.1207 -3.1065 0.5444 0.1905 0.4323
Car 0 0 0.6496 0.0 163.1824 297.2178 307.0767 1.5211 1.6445 4.2061 -6.061 1.4297 8.7188 0.0422 0.4956 0.4841 0.0
Car 0 0 -2.7479 424.7672 175.9693 510.5108 208.2341 1.4193 1.5612 3.6255 -6.6087 1.5752 33.5214 -2.9426 0.4792 0.0514 0.2379
Car 0 0 -2.8923 442.4144 171.7674 527.946 204.1864 1.5949 1.662 3.8946 -6.3277 1.5361 36.471 -3.0641 0.4598 0.2255 0.117
Car 0 0 -2.802 251.3814 170.2357 450.839 241.7299 1.6127 1.6822 4.1872 -6.0757 1.558 17.1443 3.1406 0.4566 0.0468 0.0
Car 0 0 -2.6405 818.5284 182.9012 989.8283 247.1511 1.4162 1.6019 3.8033 7.1326 1.6923 17.8305 -2.26 0.4263 0.0714 0.2052
Car 0 0 1.1505 41.0 155.6034 352.5694 383.0 1.7778 1.7752 4.5371 -4.8385 1.6552 6.0631 0.477 0.3894 0.006 0.3276
Car 0 0 -3.0884 341.3236 175.9594 463.2386 219.1855 1.3973 1.57 3.6461 -6.9956 1.5115 24.4682 2.9164 0.3683 0.0092 0.0542
Car 0 0 -0.4496 760.4688 176.6306 914.136 237.277 1.4986 1.6659 4.1245 6.0363 1.6073 19.6753 -0.1519 0.3586 0.0329 0.3888
Car 0 0 0.7653 735.0028 173.0711 891.6523 230.9598 1.5935 1.7016 4.4575 5.8974 1.6101 21.5626 1.0323 0.2896 0.0714 0.0342
Car 0 0 1.2508 0.0 171.3699 251.4535 369.986 1.551 1.7169 3.7774 -5.4762 1.5648 7.1723 0.5987 0.2863 0.0714 0.3579