Car 0 0 -2.4858999252319336 850.0675048828125 175.65750122070312 1070.678466796875 257.706787109375 1.5787999629974365 1.6033999919891357 3.8097000122070312 7.201700210571289 1.6543999910354614 15.471199989318848 -2.050299882888794 0.7639999985694885 0.6601999998092651 0.1006999984383583
Car 0 0 -2.8694000244140625 304.3059997558594 192.03619384765625 459.0458068847656 243.06520080566406 1.399399995803833 1.63919997215271 4.105199813842773 -6.768899917602539 1.9917999505996704 21.543800354003906 3.1094000339508057 0.7508000135421753 0.6330000162124634 0.42719998955726624
Car 0 0 -1.7064000368118286 653.9429931640625 182.2436065673828 710.5889892578125 226.4196014404297 1.455199956893921 1.5652999877929688 3.411900043487549 2.518899917602539 1.81850004196167 26.283599853515625 -1.61080002784729 0.7181000113487244 0.792900025844574 0.8112999796867371
Car 0 0 -1.7142000198364258 628.5358276367188 180.19309997558594 670.2673950195312 213.97000122070312 1.5059000253677368 1.5253000259399414 3.509999990463257 1.799399971961975 1.8799999952316284 34.883399963378906 -1.662600040435791 0.6230999827384949 0.6704999804496765 0.39010000228881836
Car 0 0 -2.884399890899658 380.9955139160156 188.19580078125 490.1090087890625 228.68080139160156 1.4769999980926514 1.6545000076293945 4.092199802398682 -6.837500095367432 2.0905001163482666 28.27239990234375 -3.1217000484466553 0.597599983215332 0.33169999718666077 0.0
Car 0 0 -2.6470999717712402 204.28770446777344 194.33140563964844 404.81610107421875 267.74859619140625 1.4114999771118164 1.6330000162124634 4.005799770355225 -6.6407999992370605 1.9042999744415283 15.7923002243042 -3.0452001094818115 0.475600004196167 0.23589999973773956 0.3095000088214874
Car 0 0 3.001499891281128 443.1138916015625 180.75889587402344 532.0736083984375 213.54449462890625 1.5327999591827393 1.6901999711990356 4.133900165557861 -6.018899917602539 1.92739999294281 35.42359924316406 2.833199977874756 0.4553000032901764 0.1858000010251999 0.0
Car 0 0 -2.440999984741211 1.0 209.2958984375 255.32479858398438 374.1271057128906 1.4301999807357788 1.6068999767303467 4.178599834442139 -6.581699848175049 1.8697999715805054 7.292500019073486 3.1080000400543213 0.4426000118255615 0.5605000257492065 0.5641000270843506
Car 0 0 -2.4068000316619873 244.88299560546875 195.4553985595703 410.6813049316406 259.3179016113281 1.3492000102996826 1.6009999513626099 4.034599781036377 -7.0904998779296875 1.965499997138977 18.056400299072266 -2.780900001525879 0.43869999051094055 0.016300000250339508 0.3919000029563904
Car 0 0 -2.6428000926971436 0.0 168.0950927734375 352.4755859375 331.9642028808594 1.7533999681472778 1.6851999759674072 3.842400074005127 -5.6697001457214355 1.7247999906539917 9.094799995422363 3.082900047302246 0.3874000012874603 0.10300000011920929 0.029100000858306885
Car 0 0 -2.970099925994873 405.1293029785156 188.0709991455078 498.9458923339844 220.87330627441406 1.4148000478744507 1.6095000505447388 4.022500038146973 -7.196000099182129 2.110599994659424 32.832401275634766 3.0973000526428223 0.335999995470047 0.010099999606609344 0.0