Car 0 0 -1.9543 393.0437 191.8604 524.0646 264.654 1.3503 1.5273 3.55 -3.5245 1.8086 16.0029 -2.1711 0.866 0.8182 0.6413
Car 0 0 1.2694 903.761 169.3734 1021.8467 238.9182 1.4471 1.5593 3.7228 8.1499 1.3859 17.083 1.7145 0.7485 0.6732 0.4316
Car 0 0 -1.728 288.7232 184.8458 347.5389 227.6527 1.4589 1.6228 3.6819 -11.2662 1.947 27.6407 -2.1151 0.7093 0.6275 0.2491
Car 0 0 -2.092 556.0332 150.2947 851.2667 336.5446 1.8679 1.6501 4.0432 0.8212 1.6131 8.9501 -2.0005 0.6093 0.6881 0.0
Car 0 0 1.8689 69.9239 188.2996 127.7372 220.2853 1.4251 1.7146 3.2482 -25.119 2.2156 35.5033 1.2531 0.5488 0.5677 0.0158
Car 0 0 -1.6981 269.1491 184.4112 319.3703 219.6502 1.4621 1.6481 4.1828 -14.5624 2.0226 33.092 -2.1127 0.5304 0.5572 0.0
Car 0 0 1.4457 804.435 171.4265 883.7986 232.3251 1.4869 1.512 3.5177 6.1701 1.4627 19.3758 1.7539 0.4449 0.1877 0.3808
Car 0 0 2.6292 464.6972 174.3071 559.8664 211.0426 1.5809 1.6431 3.9923 -4.417 1.6523 32.4151 2.4937 0.4129 0.1512 0.3827
Car 0 0 1.692 782.7431 169.3299 880.9393 238.0416 1.5195 1.6035 3.7385 5.4397 1.4401 17.7599 1.9892 0.3958 0.0714 0.5585
Car 0 0 -2.0647 754.5534 172.4465 887.7496 232.5682 1.4034 1.6146 3.9141 5.3709 1.4018 18.9415 -1.7884 0.3531 0.0714 0.3734
Car 0 0 -1.6352 246.5806 181.4389 277.6011 203.7803 1.4566 1.6931 3.623 -24.2524 2.0706 50.1934 -2.0853 0.3155 0.0285 0.0