Car 0 0 1.9048 243.6567 182.3752 431.7576 301.8372 1.6377 1.6219 4.0117 -4.3758 1.8177 12.1504 1.5591 0.8824 0.8958 0.7986
Car 0 0 1.8061 371.2973 187.8039 482.128 260.2156 1.4619 1.6225 4.0467 -4.3635 1.8748 17.5719 1.5627 0.8405 0.8646 0.6969
Car 0 0 1.8089 437.5185 183.3088 518.0736 238.2199 1.4822 1.5742 3.8022 -3.9794 1.8244 21.976 1.6297 0.8187 0.8261 0.8988
Car 0 0 2.101 0.0 186.6909 331.9758 378.2201 1.559 1.5698 3.6407 -4.4061 1.7321 6.9293 1.5346 0.8097 0.813 0.7
Car 0 0 -1.7058 713.9684 170.6785 782.3766 226.2624 1.5899 1.6186 3.6272 4.1339 1.5183 22.3557 -1.523 0.7275 0.8145 0.0457
Car 0 0 0.7597 83.3299 174.2342 245.6972 237.8426 1.7548 1.7233 4.3818 -13.6113 1.8209 22.0194 0.206 0.4273 0.0714 0.0
Car 0 0 0.4754 97.2634 176.5238 221.0052 215.095 1.5191 1.5795 3.7422 -18.2637 1.6871 29.3187 -0.0817 0.3986 0.0142 0.0
Car 0 0 1.6866 566.1722 177.5358 599.5415 202.1111 1.4991 1.6631 4.1935 -1.7321 1.8149 46.6197 1.6495 0.3558 0.548 0.2402
Car 0 0 0.5877 94.5683 175.9276 235.641 226.0043 1.6788 1.6542 4.0505 -15.6854 1.792 25.3492 0.0336 0.3097 0.0069 0.0
Car 0 0 -1.6864 701.8288 176.0572 743.8914 210.2073 1.5499 1.6153 3.8698 5.3299 1.7123 34.8239 -1.5346 0.2878 0.0637 0.0
Car 0 0 -1.6155 696.9351 175.0683 730.8733 203.9614 1.4937 1.5954 4.0808 5.6659 1.6314 39.7942 -1.4741 0.2634 0.0714 0.0
Car 0 0 1.6823 616.948 174.6537 638.2311 191.221 1.5762 1.5805 4.2767 1.7613 1.7664 71.8685 1.7068 0.26 0.0714 0.0234