Pedestrian 0 0 1.6094 848.1434 154.4693 904.7853 292.333 1.6565 0.5752 0.746 3.3759 1.3409 8.9543 1.97 0.7192 0.4715 0.4858
Pedestrian 0 0 1.5141 516.353 149.4066 539.0716 214.7863 1.6267 0.5399 0.5186 -2.0098 0.8505 17.947 1.4025 0.5944 0.2219 0.16
Pedestrian 0 0 1.4148 486.3944 138.9846 515.572 215.7966 1.7856 0.6107 0.6368 -2.5208 0.8225 16.8117 1.2659 0.5402 0.3131 0.2876
Pedestrian 0 0 2.138 815.2126 147.1935 881.0621 291.2962 1.6972 0.5653 0.7379 2.9372 1.3053 8.7111 2.4632 0.4674 0.4341 0.5367
Pedestrian 0 0 0.6316 1013.161 129.5682 1163.4612 366.808 1.6797 0.5559 0.6791 2.8 1.3946 4.0833 1.2327 0.4234 5.0 0.0
Pedestrian 0 0 0.6208 1038.823 131.3074 1183.8206 383.0 1.7488 0.5136 0.522 2.9684 1.4298 4.2897 1.2261 0.4081 0.1907 0.0965
Pedestrian 0 0 1.7632 646.2072 145.5554 672.7716 202.9314 1.7012 0.5901 0.6874 1.6402 0.6513 21.5954 1.839 0.3971 0.1507 0.0039
Pedestrian 0 0 1.8611 413.9409 144.6532 443.1254 208.6524 1.8092 0.6156 0.6417 -5.1201 0.7951 20.3851 1.615 0.3449 0.0048 0.0
Cyclist 0 0 -1.9365 260.3472 132.3528 334.4964 273.8442 1.7564 0.5507 1.6452 -4.1793 1.1483 9.4315 -2.3536 0.3171 0.0714 0.0
Pedestrian 0 0 0.3987 1022.0942 123.4216 1213.2625 357.1085 1.7476 0.6254 0.6588 2.695 1.4469 3.8981 1.0036 0.3121 4.0 0.0
Cyclist 0 0 1.8634 644.5714 142.6429 673.7895 204.4708 1.7422 0.5331 1.7783 1.5405 0.6582 20.5748 1.9382 0.3055 0.0714 0.0
Pedestrian 0 0 2.0245 441.7696 144.1708 469.8158 208.8907 1.6961 0.537 0.687 -3.9959 0.7504 18.7711 1.8148 0.3023 0.0111 0.1041
Cyclist 0 0 1.5424 651.4746 145.7322 675.5581 199.7829 1.5751 0.4517 1.3052 1.701 0.5613 21.0109 1.6232 0.2975 0.0714 0.0
Cyclist 0 0 2.5373 374.3235 142.6106 416.5108 196.0937 1.7971 0.551 1.5635 -7.1566 0.5158 24.0925 2.2485 0.264 0.0714 0.0