Car 0 0 -1.9605 750.718 190.0968 983.9622 335.861 1.422 1.5506 3.5971 2.9794 1.6878 9.3346 -1.6516 0.9042 0.8387 0.7645
Car 0 0 -1.7519 668.6549 180.356 758.3073 244.5216 1.4643 1.6261 4.2132 2.5461 1.6853 18.9582 -1.6184 0.8211 0.8728 0.874
Car 0 0 -2.6039 78.7828 187.5528 364.1618 287.2364 1.4861 1.6802 4.1606 -6.5093 1.7558 12.2162 -3.0935 0.7608 0.7091 0.7213
Car 0 0 -2.504 0.0 192.9487 283.5434 324.822 1.4505 1.5627 3.494 -6.4989 1.7557 9.3515 -3.1113 0.5175 0.2427 0.5444
Car 0 0 0.4617 247.3284 184.1969 426.825 251.2168 1.4715 1.6352 3.9695 -6.6269 1.7613 17.3725 0.0972 0.5143 0.3055 0.5252
Car 0 0 -1.6571 656.9228 178.1689 699.4019 216.5954 1.5077 1.5221 3.5059 2.7782 1.7553 30.5806 -1.5665 0.5101 0.6033 0.5432
Car 0 0 0.1835 341.499 184.8926 492.159 232.6769 1.3953 1.621 4.1606 -6.0994 1.7804 22.577 -0.0803 0.4624 0.2814 0.7666
Car 0 0 -2.5693 164.5251 184.6788 395.0376 263.4379 1.4646 1.6681 4.2964 -6.7782 1.7185 14.907 -2.996 0.4395 0.2643 0.5898
Car 0 0 -1.5146 635.5536 171.4595 663.2292 198.8626 1.69 1.5779 3.4467 2.4871 1.6155 46.5798 -1.4613 0.3945 0.0072 0.1536
Car 0 0 -2.3043 472.346 171.4876 547.3246 205.7925 1.5962 1.6451 4.0583 -5.0556 1.5511 35.9323 -2.444 0.352 0.0755 0.0
Car 0 0 -2.8954 389.7402 174.0264 476.1056 211.2626 1.6397 1.6355 3.9177 -8.11 1.6941 32.9231 -3.1369 0.3237 0.0714 0.0
Car 0 0 3.1341 314.5284 184.7304 457.7627 233.316 1.3521 1.5817 4.0012 -6.6699 1.7134 21.6233 2.8349 0.3091 0.0071 0.1811
Car 0 0 3.0949 369.4419 180.6446 481.6356 229.2396 1.4393 1.535 3.4387 -5.7713 1.6998 22.8181 2.8472 0.3017 0.0203 0.4981
Car 0 0 0.5426 1.0 182.6454 243.3404 357.8272 1.4176 1.5756 4.2815 -6.2259 1.5928 6.9708 -0.1864 0.2728 0.0105 0.2999
Car 0 0 -1.64 639.0338 173.7824 668.6552 200.818 1.5849 1.6156 4.0535 2.6188 1.647 44.5124 -1.5812 0.2725 0.0714 0.0