Car 0 0 -1.7526 689.3124 176.9642 808.351 267.6519 1.5041 1.6334 4.0385 2.5133 1.5958 14.1632 -1.577 0.8567 0.8747 0.8281
Pedestrian 0 0 1.8334 315.9367 192.3407 364.7842 301.1654 1.5418 0.5591 0.6383 -4.0807 1.8281 10.8025 1.4722 0.6984 0.0714 0.0222
Car 0 0 -2.8796 326.3002 176.4956 469.984 244.2297 1.8228 1.6567 3.8573 -6.0567 1.9321 20.6734 3.1186 0.6388 0.4717 0.4268
Pedestrian 0 0 1.8739 323.4155 186.3155 372.3199 299.5446 1.5931 0.5856 0.6732 -3.9208 1.7995 10.6713 1.5218 0.6046 0.3539 0.0
Car 0 0 -1.652 669.7878 178.3028 727.4894 232.1143 1.4674 1.5348 3.2491 2.5523 1.6398 21.629 -1.5346 0.4866 0.0252 0.0
Car 0 0 2.1976 0.0 207.5675 361.7782 368.9845 1.4021 1.6867 4.2037 -3.7448 1.7409 4.7087 1.5257 0.4865 0.8203 0.837
Car 0 0 1.6927 541.3814 177.4946 569.3944 198.9038 1.5802 1.6555 3.9409 -4.2463 1.9569 56.1604 1.6172 0.4054 0.52 0.1868
Car 0 0 -1.7026 648.5904 174.7998 700.6902 219.3865 1.6786 1.6674 4.1025 2.5332 1.7783 29.7681 -1.6177 0.3977 0.0538 0.0
Car 0 0 -1.7208 662.2054 173.4505 737.0859 231.2958 1.5578 1.6157 3.7695 2.5066 1.5734 21.3137 -1.6038 0.3751 0.0064 0.0
Car 0 0 -1.7223 682.1219 180.7322 767.7992 250.4137 1.491 1.5736 3.7216 2.6378 1.6929 17.567 -1.5733 0.3469 0.0714 0.0994
Car 0 0 -1.6134 654.6374 177.342 693.451 215.8143 1.4505 1.5938 3.5749 2.4627 1.6333 28.9325 -1.5284 0.3353 0.0714 0.0
Cyclist 0 0 1.743 308.9695 186.5116 369.3476 302.3721 1.5242 0.5233 1.5459 -3.9368 1.7348 10.4124 1.3815 0.3127 0.0164 0.0
Car 0 0 1.6126 572.3585 173.2679 596.933 195.6505 1.7224 1.7198 3.9743 -2.0621 1.789 58.434 1.5773 0.3032 0.0303 0.0