Car 0 0 -1.7106 664.7472 174.9927 741.2878 232.5559 1.4761 1.6469 3.8395 2.5005 1.5437 20.4999 -1.5893 0.8289 0.8326 0.6591
Car 0 0 -1.1705 42.995 188.3055 453.7696 371.918 1.4758 1.6166 3.9306 -2.771 1.6542 6.1621 -1.593 0.7913 0.8237 0.8088
Car 0 0 -1.4893 521.9057 174.7011 564.6946 211.5418 1.5102 1.623 4.0134 -2.9428 1.6043 31.8683 -1.5814 0.7312 0.8265 0.3736
Car 0 0 -2.2066 828.8691 177.0931 1279.0 370.5912 1.5925 1.5831 4.0703 2.5716 1.6496 4.1757 -1.6546 0.6426 18.0 0.7081
Car 0 0 -1.7113 643.5508 173.6932 689.152 209.5807 1.5021 1.5428 3.3868 2.4391 1.5541 32.3746 -1.6361 0.5804 0.6419 0.6171
Car 0 0 1.9505 263.8926 184.1749 458.7572 309.237 1.4635 1.5039 3.4083 -3.4315 1.6508 10.4651 1.6337 0.4786 0.0714 0.6087
Pedestrian 0 0 -0.2974 249.3259 162.8697 313.1737 281.0602 1.7741 0.606 0.6378 -5.1873 1.6214 11.2519 -0.7294 0.4467 0.0539 0.0
Pedestrian 0 0 -1.3517 298.9096 165.0601 353.0804 271.2599 1.7832 0.6175 0.7385 -5.0375 1.6449 12.6252 -1.7313 0.4436 0.029 0.2314
Pedestrian 0 0 -2.4371 304.2797 168.1813 362.2577 258.6604 1.7178 0.6129 0.6918 -5.4674 1.6204 14.0742 -2.8076 0.3554 0.0714 0.0
Car 0 0 1.8551 286.1501 186.2658 449.6864 285.3935 1.4175 1.6247 3.9094 -4.1515 1.695 12.9206 1.5442 0.3358 0.1528 0.1777
Pedestrian 0 0 1.7567 257.7207 160.5826 303.6345 290.1523 1.7509 0.6144 0.5366 -4.7663 1.5979 10.3346 1.3245 0.2807 0.0714 0.0458
Car 0 0 -1.4799 539.4132 174.9853 572.516 202.1467 1.5266 1.6473 4.049 -3.2569 1.6684 43.2273 -1.5551 0.2574 0.0714 0.0