Car 0 0 1.8379 246.2204 191.6898 458.8928 340.8304 1.452 1.545 3.5513 -3.1433 1.7551 9.3946 1.515 0.9071 0.8726 0.8573
Car 0 0 -1.8405 742.9926 174.2772 898.9911 290.5938 1.5899 1.5749 3.6312 3.1708 1.6173 11.703 -1.5759 0.8702 0.8653 0.745
Car 0 0 -2.0616 859.7262 197.9896 1241.5696 380.3138 1.4183 1.5503 3.5934 3.6924 1.6976 6.9296 -1.5721 0.8331 0.8341 0.8625
Car 0 0 -1.7268 678.5576 178.242 745.8747 225.6664 1.4801 1.623 3.942 3.3609 1.669 24.6642 -1.5914 0.6147 0.6906 0.7888
Car 0 0 1.7126 465.9432 168.3071 551.0027 239.2946 1.7705 1.6843 4.211 -2.7506 1.654 20.0507 1.5762 0.6046 0.7567 0.5628
Car 0 0 -1.7128 707.0734 179.2585 790.404 243.2812 1.4798 1.5993 3.6748 3.4538 1.659 18.7728 -1.5309 0.4494 0.0941 0.4965
Car 0 0 1.6513 546.8704 175.8221 580.2713 204.1273 1.6093 1.6961 4.3145 -2.7916 1.8024 43.5851 1.5873 0.4091 0.6543 0.5253
Car 0 0 -1.7215 711.3452 178.6976 806.273 253.2184 1.4948 1.6256 3.8641 3.2485 1.6421 16.694 -1.5293 0.4087 0.0075 0.1033
Car 0 0 -1.6696 667.5456 176.0461 705.9229 209.2841 1.5401 1.5659 3.6016 3.714 1.7146 35.773 -1.5661 0.3668 0.2059 0.0
Car 0 0 -1.6712 677.7499 180.1201 727.2224 221.6143 1.4569 1.4844 3.3641 3.4382 1.7515 27.6706 -1.5476 0.3117 0.017 0.1264
Car 0 0 -1.677 653.8731 175.427 687.1432 203.8427 1.5748 1.6121 3.7715 3.4485 1.7486 42.12 -1.5953 0.2947 0.0097 0.0
Car 0 0 2.3106 1.0 209.9023 296.2405 379.6576 1.4778 1.6145 3.8501 -3.0779 1.7192 3.2683 1.5552 0.2608 1.0 0.705