Car 0 0 0.5564 90.5588 179.0234 395.499 277.8408 1.4617 1.671 4.2321 -5.9674 1.5721 11.8182 0.0888 0.8588 0.8298 0.3628
Car 0 0 -1.7176 676.3607 181.1112 755.011 242.879 1.4455 1.61 3.8349 2.6582 1.6871 19.1705 -1.5798 0.8232 0.8473 0.7248
Car 0 0 -1.6599 661.6958 178.5438 710.38 218.4596 1.4426 1.5702 3.7824 2.8733 1.6855 28.3532 -1.5589 0.7193 0.7414 0.6363
Car 0 0 0.3967 372.1036 176.018 515.917 224.3992 1.5052 1.6128 4.1192 -5.4492 1.6045 23.6262 0.17 0.618 0.4921 0.0547
Car 0 0 1.6438 553.2414 176.0792 584.3681 201.3967 1.4364 1.5748 3.4411 -2.4477 1.636 42.9078 1.5868 0.5931 0.6574 0.8195
Car 0 0 0.482 394.915 178.7696 499.7016 221.6495 1.4036 1.5368 3.6187 -5.7545 1.6244 25.5113 0.2602 0.4496 0.0714 0.4767
Car 0 0 -2.9642 412.9374 177.0419 522.8734 214.437 1.4218 1.617 3.818 -5.6065 1.5796 28.5045 3.1248 0.4089 0.1191 0.0
Car 0 0 0.5576 353.2883 177.2819 489.456 225.4865 1.4249 1.5649 3.9969 -5.9941 1.5647 22.6544 0.2989 0.3912 0.0714 0.0
Car 0 0 -1.5961 639.589 172.3153 668.4785 198.7616 1.5999 1.6436 3.8853 2.7321 1.5764 45.5946 -1.5362 0.3827 0.3287 0.5054
Car 0 0 -2.1775 1.0 207.7103 163.7916 373.7123 1.4782 1.6142 3.975 -7.1456 1.8534 7.1212 -2.9647 0.3791 0.1928 0.3471
Car 0 0 -2.828 304.5345 175.1066 475.5914 236.1278 1.5411 1.637 4.0698 -5.8582 1.6059 19.3008 -3.1227 0.3714 0.0714 0.422
Car 0 0 -2.8498 245.8419 179.5281 440.2805 259.0791 1.5594 1.6551 3.9343 -5.6873 1.7068 15.5863 3.0835 0.2759 0.0185 0.0