Car 0 0 -1.1833 118.2815 192.2994 377.2302 322.6734 1.4398 1.6368 4.0097 -4.8759 1.5763 10.471 -1.6191 0.767 0.8017 0.8032
Car 0 0 -1.5739 569.3616 180.1914 603.856 211.5144 1.5242 1.646 4.1665 -1.1654 1.2866 38.2923 -1.6043 0.6232 0.7336 0.1437
Car 0 0 -1.2121 341.4784 184.2029 422.5923 228.6872 1.439 1.5839 3.6371 -8.1904 1.4353 26.2469 -1.5146 0.5384 0.3392 0.5956
Car 0 0 -1.4463 487.0708 184.5782 528.6641 218.0609 1.4955 1.577 3.4628 -4.816 1.4915 34.6524 -1.5844 0.4617 0.0943 0.6889
Car 0 0 -2.348 454.7348 182.8266 524.8921 219.4104 1.5791 1.5992 3.9588 -5.5212 1.4809 33.3959 -2.5118 0.4243 0.0714 0.1035
Car 0 0 -1.1571 264.2338 184.3354 377.336 244.2866 1.4941 1.6084 3.5785 -8.1357 1.4945 20.5696 -1.5337 0.3855 0.0074 0.8045
Car 0 0 -0.4394 157.3289 182.991 281.6478 244.8102 1.6157 1.5321 3.3822 -11.141 1.5609 20.5828 -0.9356 0.38 0.165 0.4055
Car 0 0 -0.262 170.4048 182.8497 275.3412 228.8388 1.5624 1.5002 3.3048 -14.0121 1.4936 26.2002 -0.7531 0.376 0.0714 0.0
Car 0 0 1.8093 471.6598 184.9776 527.9712 219.7819 1.5462 1.688 4.3507 -5.2509 1.564 35.312 1.6616 0.3715 0.0714 0.3997
Car 0 0 -0.696 0.0 195.1958 177.8571 307.5444 1.488 1.5292 3.8693 -9.1054 1.6803 11.3928 -1.3702 0.3535 0.2443 0.3663
Car 0 0 1.8821 243.8377 185.5728 356.5508 244.7954 1.4704 1.6337 3.989 -8.6308 1.5033 20.3992 1.4819 0.3035 0.0244 0.4908
Car 0 0 -1.345 410.6404 177.3186 506.4746 238.669 1.5611 1.6636 4.0728 -4.1839 1.3441 20.8306 -1.5432 0.2831 0.0659 0.0
Car 0 0 -1.4644 482.0474 186.6951 523.6102 220.1629 1.4785 1.6408 3.9632 -5.1166 1.5959 35.3764 -1.608 0.2729 0.0714 0.4326