Car 0 0 1.9467999935150146 146.79110717773438 190.10780334472656 383.0199890136719 324.5591125488281 1.5195000171661377 1.6425000429153442 4.075300216674805 -4.833600044250488 1.823199987411499 10.733400344848633 1.5236999988555908 0.8919000029563904 0.8127999901771545 0.7878999710083008
Car 0 0 -1.9457000494003296 761.5903930664062 182.0926055908203 973.6123046875 306.3836975097656 1.4572999477386475 1.5989999771118164 3.8996999263763428 3.4809999465942383 1.6110999584197998 10.667400360107422 -1.6303000450134277 0.8913999795913696 0.8384000062942505 0.864300012588501
Car 0 0 1.8306000232696533 320.089111328125 189.74220275878906 449.8934020996094 266.918212890625 1.4292000532150269 1.6497000455856323 4.185100078582764 -4.927000045776367 1.850100040435791 16.232999801635742 1.5358999967575073 0.8605999946594238 0.8156999945640564 0.7613999843597412
Car 0 0 -1.7750999927520752 726.8477783203125 181.46180725097656 832.8787841796875 260.127197265625 1.472100019454956 1.604699969291687 3.8817999362945557 3.5404999256134033 1.6835999488830566 15.850299835205078 -1.555299997329712 0.853600025177002 0.8320000171661377 0.8402000069618225
Car 0 0 -2.140899896621704 896.6953735351562 190.40130615234375 1279.0 378.3876037597656 1.4680999517440796 1.565500020980835 3.8422999382019043 3.6010000705718994 1.6461999416351318 5.521399974822998 -1.562999963760376 0.7534999847412109 0.8151000142097473 0.791700005531311
Car 0 0 -1.7448999881744385 706.9421997070312 179.69810485839844 780.529296875 235.3468017578125 1.5118000507354736 1.580299973487854 3.536799907684326 3.883699893951416 1.7343000173568726 21.765399932861328 -1.5683000087738037 0.7527999877929688 0.7132999897003174 0.7293999791145325
Car 0 0 -1.728600025177002 688.5015869140625 178.59019470214844 749.7105712890625 223.4582061767578 1.5437999963760376 1.597499966621399 3.890500068664551 4.015200138092041 1.7776000499725342 27.39229965209961 -1.5829999446868896 0.7215999960899353 0.7239999771118164 0.72079998254776
Car 0 0 1.7384999990463257 484.9939880371094 179.99240112304688 535.8181762695312 216.8238983154297 1.5461000204086304 1.648900032043457 4.021399974822998 -4.5578999519348145 1.893399953842163 33.19940185546875 1.6019999980926514 0.6072999835014343 0.7964000105857849 0.32760000228881836
Car 0 0 -2.1285998821258545 948.6290893554688 175.72669982910156 1031.694580078125 211.99119567871094 1.5233999490737915 1.6009999513626099 3.557800054550171 16.61090087890625 1.6618000268936157 31.76110076904297 -1.6467000246047974 0.43779999017715454 0.09989999979734421 0.0
Car 0 0 2.279900074005127 1.0 199.21180725097656 262.239990234375 377.9444885253906 1.4740999937057495 1.6398999691009521 4.112100124359131 -4.491099834442139 1.7138999700546265 4.530099868774414 1.4988000392913818 0.39559999108314514 0.26339998841285706 0.6069999933242798
Car 0 0 1.6785000562667847 507.17010498046875 180.41200256347656 549.0087890625 211.09339904785156 1.4895000457763672 1.7178000211715698 4.398399829864502 -4.298999786376953 1.9039000272750854 38.09299850463867 1.566100001335144 0.3824000060558319 0.3215000033378601 0.30149999260902405
Car 0 0 2.3025999069213867 1.0 205.29649353027344 186.46060180664062 372.5378112792969 1.4707000255584717 1.5815000534057617 3.823499917984009 -4.6097002029418945 1.726699948310852 4.611199855804443 1.5174000263214111 0.3418000042438507 0.07000000029802322 0.7005000114440918
Car 0 0 -0.2732999920845032 600.8021850585938 174.16920471191406 649.8845825195312 193.20730590820312 1.6776000261306763 1.649999976158142 3.7922000885009766 1.4124000072479248 1.833299994468689 65.32530212402344 -0.2517000138759613 0.31450000405311584 0.04450000077486038 0.0