Car 0 0 -2.0211 796.9907 178.554 1140.1658 379.6867 1.5917 1.5648 3.5594 3.0949 1.6675 7.2275 -1.6165 0.8899 0.8975 0.8513
Car 0 0 -2.6653 26.0059 186.0813 338.4468 294.4499 1.5166 1.6395 3.9588 -6.6773 1.7493 11.2498 3.0822 0.8512 0.7546 0.762
Car 0 0 -1.7587 684.6506 185.7923 761.293 242.9748 1.4161 1.5776 3.6277 3.062 1.8132 20.4917 -1.6104 0.8255 0.8406 0.6947
Car 0 0 -2.7613 180.466 182.6342 416.9892 272.3304 1.5896 1.6393 3.7827 -5.9528 1.7886 13.9682 3.1191 0.6895 0.4919 0.3936
Car 0 0 0.605 324.4896 176.3108 477.7013 244.3766 1.586 1.6038 3.6943 -5.359 1.6839 18.3106 0.3203 0.5905 0.4403 0.5542
Car 0 0 -2.9294 365.5 179.0438 503.5568 229.7165 1.5398 1.6973 4.2346 -5.6678 1.7459 23.3922 3.1161 0.4568 0.0765 0.0
Car 0 0 -1.9729 710.9502 180.4065 791.4409 222.5043 1.4773 1.6012 3.8923 5.2338 1.7768 27.4138 -1.7843 0.4247 0.0714 0.159
Car 0 0 -2.5206 435.8263 182.5878 518.7888 220.9284 1.3685 1.5424 3.6868 -5.1761 1.7474 27.7985 -2.7047 0.4096 0.0631 0.0
Car 0 0 -3.075 733.0246 185.9134 843.7955 224.3377 1.3879 1.6412 4.2543 6.8537 1.9097 27.9711 -2.8347 0.4071 0.0489 0.6138
Car 0 0 2.3941 393.1538 178.8646 494.1587 226.3096 1.4592 1.5163 3.6871 -5.5013 1.6539 23.8269 2.1672 0.3248 0.0023 0.076
Car 0 0 -2.5089 1015.6556 190.9246 1241.0 377.4931 1.5196 1.578 3.8261 3.3264 1.7054 2.2717 -1.5373 0.3137 2.0 0.0
Car 0 0 0.5775 407.166 178.6749 515.736 222.6174 1.5087 1.5756 3.8244 -5.5164 1.7258 26.4438 0.3719 0.3121 0.0714 0.1623
Car 0 0 -2.6887 477.7514 180.1199 540.416 205.3618 1.5237 1.5946 3.7657 -6.3088 1.9754 44.9843 -2.828 0.3087 0.0467 0.4725
Car 0 0 -2.1641 1.0 193.0572 138.3607 368.968 1.4954 1.628 3.9198 -7.0362 1.6808 6.6144 -2.9804 0.3018 0.0373 0.2195
Car 0 0 -0.459 763.1112 182.6063 888.5204 226.8274 1.4959 1.6172 4.2302 7.8412 1.8679 26.4412 -0.1707 0.2754 0.0714 0.0075
Car 0 0 -2.8393 249.3145 183.3394 440.8254 253.6458 1.5197 1.6005 3.7535 -6.1301 1.7895 17.0474 3.0987 0.2707 0.0714 0.1067