Car 0 0 -1.9916 757.825 183.4463 1080.2428 373.8721 1.5083 1.6375 4.19 2.8061 1.6467 7.7501 -1.6442 0.8984 0.9038 0.7051
Car 0 0 -1.7642 688.7186 166.294 785.4792 250.5502 1.7033 1.5548 3.4064 2.704 1.5628 16.29 -1.5997 0.8193 0.7761 0.7533
Car 0 0 -1.6792 653.3293 174.0962 697.986 209.495 1.4437 1.5946 3.8378 2.784 1.5133 31.7649 -1.5918 0.5805 0.6408 0.3371
Car 0 0 -2.8509 374.9752 168.8858 504.0672 215.7612 1.5744 1.6699 3.9454 -5.8712 1.4396 24.9134 -3.0824 0.511 0.2168 0.3302
Car 0 0 -2.6248 273.5201 163.031 457.7895 241.0362 1.6798 1.6423 3.7581 -5.5973 1.46 16.609 -2.9499 0.4758 0.0371 0.1138
Car 0 0 0.3889 247.6847 173.1248 440.1791 246.5749 1.479 1.59 3.6541 -5.6808 1.4971 15.3219 0.0339 0.4687 0.0523 0.6243
Car 0 0 1.9304 323.53 160.646 441.9683 238.1131 1.703 1.5419 3.4957 -5.6427 1.4467 17.9443 1.6257 0.4626 0.0714 0.2465
Car 0 0 -2.9816 427.2375 168.6103 523.5991 200.4748 1.455 1.6618 4.178 -6.3076 1.2616 34.0073 3.1182 0.458 0.0622 0.0
Car 0 0 -2.8987 410.8903 169.0277 517.8804 207.6714 1.536 1.6296 4.0866 -5.9389 1.382 29.3278 -3.0985 0.4276 0.0164 0.2116
Car 0 0 -1.6085 627.6598 167.9129 648.353 186.5937 1.5553 1.6205 3.8847 2.3831 1.1384 62.5601 -1.5704 0.3162 0.0469 0.3863
Car 0 0 -2.5023 1014.2501 194.7601 1241.0 371.5488 1.4483 1.585 3.746 3.0824 1.6022 2.167 -1.5442 0.263 1.0 0.0
Car 0 0 -3.0145 494.1422 169.2761 555.8421 191.5835 1.4637 1.5962 4.062 -5.7692 1.2213 48.5655 -3.1327 0.2583 0.0714 0.0762