Car 0 0 -1.798799991607666 684.1950073242188 173.04049682617188 818.51708984375 274.0570983886719 1.6483999490737915 1.6575000286102295 4.172800064086914 2.4862000942230225 1.6619000434875488 13.892800331115723 -1.6217000484466553 0.8600000143051147 0.8240000009536743 0.47679999470710754
Car 0 0 -2.51990008354187 0.0 185.1280059814453 300.4961853027344 314.1361999511719 1.5056999921798706 1.6373000144958496 3.7636001110076904 -6.5391998291015625 1.6827000379562378 9.405500411987305 -3.127500057220459 0.7516999840736389 0.7773000001907349 0.7562999725341797
Car 0 0 -1.7203999757766724 656.8353881835938 180.6553955078125 716.8258056640625 228.2541961669922 1.4958000183105469 1.5638999938964844 3.4554998874664307 2.566499948501587 1.785599946975708 25.08799934387207 -1.618399977684021 0.6908000111579895 0.6952999830245972 0.5960000157356262
Car 0 0 -1.7608000040054321 668.7805786132812 179.74009704589844 747.5195922851562 241.12710571289062 1.535099983215332 1.576200008392334 3.515199899673462 2.585400104522705 1.7301000356674194 20.05340003967285 -1.632599949836731 0.6672000288963318 0.6837000250816345 0.6988000273704529
Car 0 0 -2.8636999130249023 146.4405059814453 186.96910095214844 396.1141052246094 275.7738952636719 1.4645999670028687 1.5961999893188477 3.950500011444092 -6.060800075531006 1.7173000574111938 13.007399559020996 2.9834001064300537 0.5406000018119812 0.35679998993873596 0.18970000743865967
Car 0 0 -2.8064000606536865 252.327392578125 171.89439392089844 444.76519775390625 248.88290405273438 1.8101999759674072 1.7085000276565552 4.035299777984619 -6.528299808502197 1.794100046157837 18.19099998474121 3.1322999000549316 0.5360000133514404 0.3528999984264374 0.22450000047683716
Car 0 0 -1.67330002784729 638.5753784179688 179.13720703125 676.1400146484375 209.67469787597656 1.4625999927520752 1.5618000030517578 3.727099895477295 2.361599922180176 1.8039000034332275 37.33369827270508 -1.6101000308990479 0.503600001335144 0.553600013256073 0.6735000014305115
Car 0 0 -2.7783000469207764 318.3691101074219 174.62469482421875 477.6376953125 235.36480712890625 1.658400058746338 1.6917999982833862 4.062300205230713 -6.104899883270264 1.7142000198364258 20.88319969177246 -3.062700033187866 0.5023000240325928 0.18119999766349792 0.4099000096321106
Car 0 0 0.4733000099658966 71.57759857177734 182.26510620117188 361.73150634765625 282.95599365234375 1.4958000183105469 1.6083999872207642 4.044300079345703 -6.428999900817871 1.6674000024795532 11.951700210571289 -0.02019999921321869 0.4510999917984009 0.5652999877929688 0.8051999807357788
Car 0 0 -2.8838000297546387 380.08270263671875 174.3188018798828 499.45599365234375 219.9582061767578 1.6095000505447388 1.6476000547409058 4.089900016784668 -6.2357001304626465 1.6648999452590942 26.387500762939453 -3.1159000396728516 0.3741999864578247 0.0026000000070780516 0.0
Car 0 0 -2.9251999855041504 455.81390380859375 172.88619995117188 534.649169921875 204.6696014404297 1.6445000171661377 1.6476000547409058 3.6686999797821045 -6.051700115203857 1.6664999723434448 38.24150085449219 -3.082200050354004 0.36910000443458557 0.08699999749660492 0.0
Car 0 0 -2.871999979019165 402.02239990234375 177.81080627441406 502.5972900390625 215.197998046875 1.4700000286102295 1.6211999654769897 4.004000186920166 -6.499599933624268 1.6670000553131104 29.585100173950195 -3.0882999897003174 0.3646000027656555 0.09520000219345093 0.15800000727176666
Car 0 0 -2.697700023651123 352.3357849121094 174.1685028076172 486.0892028808594 227.45350646972656 1.6295000314712524 1.6474000215530396 3.936500072479248 -6.165999889373779 1.6775000095367432 23.345300674438477 -2.955899953842163 0.35690000653266907 0.00139999995008111 0.4487000107765198
Car 0 0 -2.7251999378204346 206.68919372558594 187.0019073486328 404.3861083984375 257.2204895019531 1.4417999982833862 1.6095000505447388 3.806999921798706 -6.872499942779541 1.7937999963760376 16.56719970703125 -3.1184000968933105 0.3522999882698059 0.12409999966621399 0.0
Car 0 0 -1.6161999702453613 628.4470825195312 176.93609619140625 656.3953857421875 202.3809051513672 1.5602999925613403 1.662600040435791 4.069300174713135 2.0371999740600586 1.8366999626159668 46.852699279785156 -1.572700023651123 0.3495999872684479 0.11469999700784683 0.0
Car 0 0 -2.872299909591675 431.0675964355469 177.19970703125 520.6552124023438 210.57919311523438 1.4966000318527222 1.6274000406265259 3.799799919128418 -6.263199806213379 1.7131999731063843 33.71649932861328 -3.055999994277954 0.33329999446868896 0.05209999904036522 0.0