Car 0 0 0.6521 71.1982 180.1774 384.5143 295.6327 1.5039 1.6602 4.025 -5.6815 1.6299 10.6636 0.1626 0.8039 0.7284 0.516
Car 0 0 -0.6314 946.7962 194.6284 1278.2601 322.8728 1.5204 1.6297 3.775 6.7076 1.8307 9.699 -0.0263 0.763 0.7213 0.4774
Car 0 0 -0.1775 728.5364 182.4626 878.0858 238.1705 1.5082 1.6486 3.9395 5.5131 1.8076 21.0228 0.079 0.7592 0.607 0.6408
Car 0 0 -0.4697 878.3939 184.2541 1152.1687 296.5804 1.6952 1.6554 3.6017 6.5954 1.9094 12.1488 0.0276 0.7331 0.6242 0.3998
Car 0 0 -1.6431 634.0783 181.128 673.9466 214.3022 1.4711 1.6142 3.9866 2.0296 1.8891 34.8099 -1.5848 0.6983 0.6917 0.4422
Car 0 0 -2.7571 204.9482 175.036 423.6102 255.8836 1.6172 1.6864 4.1907 -6.3005 1.671 15.5921 -3.1411 0.5964 0.3978 0.5109
Car 0 0 -2.6769 301.3612 182.1674 458.3953 238.3569 1.4616 1.614 4.0796 -6.4905 1.7296 20.2999 -2.9863 0.5172 0.3507 0.0
Car 0 0 0.434 388.3272 179.161 508.5634 221.5723 1.518 1.6317 4.0813 -6.12 1.7587 27.2021 0.2127 0.506 0.3539 0.0
Car 0 0 -2.4875 336.7532 184.0172 463.6379 234.1293 1.4092 1.5875 3.8455 -6.5281 1.7712 22.3136 -2.7721 0.4681 0.0714 0.0
Car 0 0 -2.7112 268.9226 180.9589 446.807 246.1913 1.5543 1.6461 4.0202 -6.4368 1.7647 18.5035 -3.0459 0.4336 0.0043 0.0
Car 0 0 -2.9544 471.2795 179.1295 546.544 205.238 1.4979 1.6793 4.3221 -5.9876 1.8738 42.4968 -3.0944 0.4004 0.0279 0.0
Car 0 0 -2.4435 1.0 194.1446 264.2385 375.4884 1.457 1.6499 4.182 -5.9535 1.6625 6.6061 3.1062 0.3933 0.5254 0.7063
Car 0 0 1.6446 554.1096 176.5864 581.1323 198.5849 1.4831 1.6273 3.831 -3.0358 1.7609 51.7308 1.586 0.3481 0.0508 0.0
Car 0 0 -2.8738 450.3624 180.255 533.2646 210.9047 1.5313 1.648 3.8097 -6.1101 1.9111 37.4447 -3.0355 0.3365 0.0714 0.0