Car 0 0 -1.9513 752.3774 181.51 1019.1409 362.8392 1.5606 1.5486 3.6013 2.7318 1.6754 8.1519 -1.628 0.9207 0.8852 0.7247
Car 0 0 1.8995 175.1246 199.3431 426.9526 365.637 1.4611 1.5976 3.9252 -3.5274 1.8593 8.9265 1.5232 0.894 0.8901 0.7917
Car 0 0 -1.7703 694.6621 181.191 821.9264 274.4446 1.4981 1.5995 3.9881 2.6149 1.6655 13.8462 -1.5836 0.8743 0.863 0.7631
Car 0 0 1.8125 360.1728 194.4153 488.5932 282.4327 1.4804 1.6211 4.0492 -3.7645 1.9929 15.1617 1.5692 0.8692 0.8739 0.8438
Car 0 0 1.695 469.2694 187.3301 527.0062 235.2152 1.493 1.616 3.8379 -3.9523 2.0462 25.7184 1.5426 0.728 0.6964 0.6238
Car 0 0 -1.687 668.3052 179.1397 737.9817 233.8387 1.5292 1.621 4.1135 2.7628 1.7471 22.5347 -1.565 0.7227 0.125 0.2918
Car 0 0 -1.7516 677.7132 178.5163 756.076 241.3359 1.5526 1.5723 3.4734 2.8202 1.7305 20.0322 -1.6117 0.712 0.728 0.7076
Car 0 0 -1.7029 666.6629 177.7294 723.4354 226.0106 1.5803 1.5844 3.5046 2.8868 1.7774 25.7171 -1.5911 0.6808 0.4983 0.8176
Car 0 0 1.7197 428.0902 187.519 503.8245 250.4991 1.5579 1.5896 3.6138 -4.0323 2.0091 20.5068 1.5256 0.5495 0.6587 0.8609
Car 0 0 -1.6256 634.4844 178.9817 664.4645 205.1223 1.5717 1.6395 3.6806 2.4642 1.9724 45.8256 -1.5718 0.3255 0.3301 0.4971
Car 0 0 -2.2741 910.7631 196.6004 1241.0 371.4502 1.5029 1.6012 3.7763 2.9599 1.6305 3.304 -1.5436 0.3066 7.0 0.7859