Car 0 0 -1.335 359.5575 178.1904 493.6137 266.0487 1.4565 1.6067 3.7844 -3.385 1.4335 13.9453 -1.5731 0.8843 0.8628 0.82
Cyclist 0 0 -0.323 279.9516 170.4784 351.522 239.7806 1.6785 0.5833 1.7114 -7.349 1.4388 17.8838 -0.7129 0.6809 0.1119 0.3795
Pedestrian 0 0 -0.7714 265.3358 172.6372 309.3513 238.6983 1.7024 0.6447 0.8258 -8.4286 1.4945 18.6941 -1.1949 0.526 0.0714 0.0
Cyclist 0 0 -0.8877 262.3413 174.6252 312.9379 237.5252 1.6479 0.553 1.6673 -8.6725 1.5008 19.2545 -1.3109 0.4338 0.0943 0.0
Car 0 0 1.7065 473.6034 171.6015 502.694 190.915 1.4726 1.6957 4.3105 -9.3436 0.7723 56.9044 1.5438 0.411 0.3493 0.0
Pedestrian 0 0 1.0801 247.343 166.0358 280.2597 238.1137 1.8199 0.6616 0.7571 -8.843 1.4611 18.2264 0.6284 0.4046 0.2137 0.0
Cyclist 0 0 -0.3935 1027.0188 139.2722 1109.9657 206.6758 1.7999 0.5771 1.5292 12.6415 0.6858 19.3724 0.1847 0.3749 0.0714 0.0
Pedestrian 0 0 0.2133 213.4632 176.1831 241.1743 235.2091 1.7008 0.5743 0.7086 -11.2124 1.5801 20.9089 -0.279 0.3496 0.1162 0.0
Pedestrian 0 0 -3.0215 238.7256 169.059 282.4071 242.0631 1.8079 0.6377 0.9582 -8.9208 1.5308 18.248 2.807 0.3454 0.0714 0.0
Pedestrian 0 0 -0.7175 552.7453 161.3597 588.1574 226.3412 1.7017 0.6264 0.7818 -0.9515 1.197 19.0499 -0.7674 0.2953 0.0076 0.0
Cyclist 0 0 -0.1833 947.5856 141.0309 1004.3579 203.8759 1.8578 0.6076 1.7999 11.2003 0.7095 21.4191 0.2985 0.2886 0.0036 0.0323