Car 0 0 1.9498 0.0 156.8494 424.7942 382.2488 1.8348 1.7607 4.2436 -2.8482 1.6567 5.9324 1.5022 0.7218 0.7896 0.7725
Pedestrian 0 0 2.8122 450.1616 152.0196 538.0641 313.8085 1.813 0.5576 0.9186 -1.3003 1.4872 8.439 2.6594 0.6725 0.4921 0.2319
Pedestrian 0 0 2.5925 889.2991 136.0131 982.5251 295.8592 1.9136 0.532 0.887 4.0934 1.3724 8.9296 3.0223 0.6687 0.5881 0.182
Pedestrian 0 0 2.4547 491.829 159.6986 576.1368 315.8735 1.7397 0.5839 0.8497 -0.8335 1.4969 8.4345 2.3562 0.6527 0.132 0.1791
Pedestrian 0 0 2.547 474.1248 153.9129 562.5206 313.603 1.7656 0.5698 0.9095 -1.0133 1.4574 8.378 2.4267 0.5394 0.0231 0.2579
Pedestrian 0 0 2.4942 508.2751 165.3692 569.7902 290.6039 1.6982 0.5698 0.7888 -0.9185 1.4846 10.0785 2.4033 0.5275 0.0239 0.2342
Car 0 0 1.762 378.0112 156.7323 474.155 230.7248 1.7375 1.6852 4.0165 -4.4977 1.1071 18.7929 1.5271 0.4904 0.3161 0.168
Pedestrian 0 0 2.8824 687.0834 176.7432 710.8678 230.9445 1.6532 0.641 0.7912 2.991 1.4922 22.3076 3.0157 0.4872 0.0027 0.0
Pedestrian 0 0 1.0012 1143.1586 140.2438 1233.7914 292.5109 1.7857 0.6179 0.728 7.1245 1.3043 8.7972 1.6819 0.4226 0.0562 0.0
Pedestrian 0 0 -3.0999 692.0188 175.2608 714.6043 230.3695 1.6077 0.5307 0.5892 2.9554 1.4274 21.1329 -2.961 0.3818 0.0714 0.0
Pedestrian 0 0 0.2418 565.3423 156.9332 599.7546 227.4682 1.8451 0.6178 0.7109 -0.529 1.1995 19.3227 0.2144 0.3757 0.0 0.0
Pedestrian 0 0 2.2043 714.3346 174.4208 747.6535 241.3877 1.6569 0.6562 0.8286 3.2543 1.4727 18.1734 2.3815 0.374 0.0067 0.0
Pedestrian 0 0 2.5435 680.5836 177.4961 715.5852 228.9933 1.617 0.5684 0.7101 3.0992 1.4801 23.1703 2.6765 0.343 0.0 0.0
Pedestrian 0 0 2.4649 485.5529 154.6238 551.5371 301.598 1.7521 0.5871 0.8321 -1.0739 1.4402 8.9059 2.3449 0.3365 0.0714 0.0026
Pedestrian 0 0 1.6835 1159.1217 137.9284 1222.9635 300.5486 1.8274 0.5983 0.7257 6.6933 1.3359 8.1608 2.3704 0.3112 0.0714 0.0
Pedestrian 0 0 -1.0516 468.2764 155.5342 521.4016 286.7675 1.84 0.6264 0.807 -1.6373 1.4782 10.7547 -1.2027 0.2926 0.0714 0.0343
Pedestrian 0 0 -0.0729 684.4322 176.3167 705.5025 230.9192 1.6084 0.5531 0.7615 2.8017 1.464 21.783 0.0551 0.2892 0.0714 0.0