Car 0 0 2.002000093460083 91.4802017211914 205.0601043701172 326.87060546875 329.86138916015625 1.4460999965667725 1.590999960899353 3.88100004196167 -5.944900035858154 2.0204999446868896 11.265700340270996 1.5163999795913696 0.8830000162124634 0.8313999772071838 0.7971000075340271
Car 0 0 1.8740999698638916 269.78741455078125 197.02549743652344 398.9537048339844 275.9833984375 1.496500015258789 1.6101000308990479 3.869499921798706 -6.2118000984191895 2.1054000854492188 16.565099716186523 1.5154000520706177 0.8669000267982483 0.8327000141143799 0.5673999786376953
Car 0 0 1.8113000392913818 363.90679931640625 191.45460510253906 453.76519775390625 246.16180419921875 1.4493999481201172 1.6342999935150146 4.019499778747559 -6.180699825286865 2.075500011444092 22.425500869750977 1.5424000024795532 0.8352000117301941 0.7944999933242798 0.7627999782562256
Car 0 0 1.7934999465942383 433.45458984375 187.27650451660156 494.6861877441406 229.1154022216797 1.527500033378601 1.5759999752044678 3.7727999687194824 -5.945300102233887 2.161600112915039 29.6072998046875 1.5953999757766724 0.7020000219345093 0.8276000022888184 0.8184999823570251
Car 0 0 2.6287999153137207 877.2802124023438 146.260498046875 1070.16748046875 214.32449340820312 1.815000057220459 1.7233999967575073 4.469600200653076 9.869199752807617 1.0894999504089355 19.93239974975586 3.088599920272827 0.6481000185012817 0.46219998598098755 0.25679999589920044
Car 0 0 -0.32510000467300415 664.7772216796875 176.32839965820312 795.7255859375 223.47850036621094 1.5061999559402466 1.642199993133545 4.009399890899658 4.000500202178955 1.639299988746643 24.595600128173828 -0.1639000028371811 0.5325000286102295 0.018300000578165054 0.24879999458789825
Car 0 0 -1.555799961090088 677.81982421875 175.31500244140625 740.2745971679688 222.16940307617188 1.5336999893188477 1.6410000324249268 4.023200035095215 3.4967000484466553 1.6332000494003296 25.890199661254883 -1.4214999675750732 0.5047000050544739 0.04529999941587448 0.2639000117778778
Car 0 0 -1.6516000032424927 665.2789916992188 174.3314971923828 714.8656005859375 217.95480346679688 1.597000002861023 1.6301000118255615 3.5483999252319336 3.0566000938415527 1.670199990272522 28.451499938964844 -1.544600009918213 0.44209998846054077 0.11729999631643295 0.5157999992370605
Car 0 0 2.8022000789642334 779.40478515625 160.3094024658203 899.0454711914062 201.797607421875 1.6109000444412231 1.7067999839782715 4.03849983215332 9.136899948120117 1.1312999725341797 29.23200035095215 3.1052000522613525 0.4399000108242035 0.024000000208616257 0.0
Car 0 0 1.7098000049591064 464.5791015625 184.13600158691406 511.22808837890625 218.6649932861328 1.5090999603271484 1.6699999570846558 4.132800102233887 -5.943999767303467 2.1017000675201416 35.25210189819336 1.542799949645996 0.42989999055862427 0.19259999692440033 0.0
Car 0 0 2.7077999114990234 813.5534057617188 152.80320739746094 950.6992797851562 208.2091064453125 1.8479000329971313 1.7146999835968018 3.83870005607605 9.430500030517578 1.1718000173568726 25.234699249267578 3.065500020980835 0.40950000286102295 0.04650000110268593 0.2273000031709671
Car 0 0 1.7473000288009644 498.1513977050781 183.14920043945312 534.8026123046875 208.314697265625 1.5448999404907227 1.6624000072479248 4.146200180053711 -6.262599945068359 2.259399890899658 48.44770050048828 1.6187000274658203 0.39750000834465027 0.06589999794960022 0.0
Car 0 0 -1.017799973487854 660.8128051757812 174.1551971435547 762.6337890625 222.99229431152344 1.5372999906539917 1.6031999588012695 3.8540000915527344 3.4644999504089355 1.5822999477386475 24.562299728393555 -0.8776999711990356 0.3634999990463257 0.06939999759197235 0.3970000147819519
Car 0 0 2.335599899291992 1.0 215.33380126953125 163.3784942626953 377.8205871582031 1.468999981880188 1.5966999530792236 3.9245998859405518 -5.398200035095215 1.8837000131607056 5.581999778747559 1.5670000314712524 0.3549000024795532 0.5565000176429749 0.41130000352859497
Car 0 0 -1.6568000316619873 648.27978515625 178.09539794921875 682.9542236328125 206.05520629882812 1.462399959564209 1.5836999416351318 3.3903000354766846 2.9797000885009766 1.7493000030517578 39.58610153198242 -1.5815999507904053 0.3005000054836273 0.014800000004470348 0.0