Car 0 0 1.7996 287.4144 181.9908 441.0614 285.783 1.4866 1.6229 3.7664 -3.9768 1.5178 12.4686 1.4908 0.8146 0.8205 0.7732
Pedestrian 0 0 -2.006 290.3869 164.4803 372.3724 337.876 1.6916 0.5961 0.8486 -2.8593 1.5272 7.4555 -2.3722 0.7747 0.5524 0.5389
Cyclist 0 0 -1.5163 465.3966 163.333 499.5124 244.9053 1.8311 0.5929 1.8343 -2.836 1.4105 16.9654 -1.6819 0.586 0.4716 0.3942
Pedestrian 0 0 0.9757 94.2304 169.5648 174.3168 290.3319 1.7549 0.699 0.8417 -7.0993 1.5683 10.8651 0.3969 0.3921 0.125 0.0
Pedestrian 0 0 -1.334 146.9846 159.9419 257.0376 383.0 1.695 0.6022 0.7326 -2.7919 1.5458 4.9356 -1.8487 0.3851 0.1869 0.6089
Pedestrian 0 0 3.0682 215.961 162.1728 314.4112 340.4904 1.7001 0.5903 0.9115 -3.4732 1.5212 7.3489 2.6267 0.3733 0.0731 0.3626
Cyclist 0 0 1.4391 524.7668 168.8735 545.6392 215.6928 1.7662 0.5737 1.9184 -2.6263 1.2781 28.1388 1.346 0.3546 0.0063 0.0
Pedestrian 0 0 2.6854 123.2053 145.8506 279.3855 373.6644 1.7001 0.5962 0.8352 -2.4948 1.5058 4.3094 2.1606 0.3368 0.0464 0.1739
Pedestrian 0 0 -2.9348 247.1587 155.8124 338.7535 336.3247 1.7224 0.5528 0.7782 -3.1606 1.4878 7.2859 2.939 0.3235 0.2651 0.2346
Pedestrian 0 0 1.3914 663.545 167.4603 687.4876 229.9189 1.7065 0.5921 0.7265 2.0417 1.3244 20.1907 1.4922 0.2839 0.125 0.2576
Pedestrian 0 0 1.5742 19.9605 159.0741 209.8894 383.0 1.7117 0.6631 0.6715 -2.5509 1.5919 3.5348 0.9491 0.2758 2.0 0.1231
Pedestrian 0 0 0.8725 83.4675 163.6128 184.3765 303.7167 1.8024 0.6481 0.8018 -6.4497 1.5821 9.8631 0.2934 0.2662 0.125 0.0
Pedestrian 0 0 2.2356 211.6578 166.4528 295.6099 326.2055 1.7067 0.6052 0.7519 -3.9918 1.5511 8.1676 1.781 0.2545 0.125 0.0503
Pedestrian 0 0 2.0859 39.0642 168.895 164.0086 376.5218 1.6082 0.6497 0.8004 -2.9795 1.5141 4.1819 1.4669 0.2526 1.0 0.5033