Car 0 0 -1.9714 775.9986 188.0566 1087.9971 379.6119 1.5139 1.5759 3.695 2.8762 1.7003 7.4878 -1.6046 0.9109 0.8797 0.7848
Car 0 0 -1.7672 675.712 183.6882 758.7724 243.7793 1.4254 1.5589 3.6377 2.7632 1.7453 19.6293 -1.6273 0.8061 0.8337 0.8701
Car 0 0 0.4395 259.973 178.8442 442.5214 240.3709 1.5191 1.6484 4.1586 -6.7627 1.6797 18.8782 0.0955 0.8048 0.5532 0.3481
Car 0 0 -2.6348 0.0 167.1097 336.4652 295.2451 1.6308 1.6731 4.1394 -6.2276 1.5516 10.1793 3.0993 0.7275 0.5467 0.5188
Car 0 0 -1.685 649.3545 177.0463 701.9778 219.4518 1.5236 1.583 3.77 2.4497 1.7009 28.1382 -1.5981 0.669 0.6804 0.1576
Car 0 0 -2.8296 340.6673 168.8271 488.1426 231.5052 1.825 1.6976 3.8458 -5.9281 1.7106 22.0162 -3.0926 0.6253 0.5549 0.1838
Car 0 0 -2.845 407.3454 176.2433 513.3105 218.2645 1.6143 1.6859 4.0947 -5.978 1.7444 28.7654 -3.0499 0.4388 0.1106 0.0
Car 0 0 -2.7028 147.695 183.0831 359.3662 264.3874 1.4891 1.6039 3.5769 -7.0619 1.7004 14.4886 3.1268 0.4131 0.125 0.0
Car 0 0 -2.9047 420.0848 179.5167 515.7772 213.2319 1.4347 1.6584 4.0896 -6.3496 1.7406 32.3213 -3.0987 0.3955 0.125 0.0263
Car 0 0 0.7816 21.6959 169.4951 274.8126 333.8548 1.5939 1.6288 3.9311 -6.2849 1.5878 8.0704 0.12 0.3674 0.0308 0.6705
Car 0 0 -1.6469 646.2517 176.2159 685.4649 211.1429 1.5737 1.629 3.6978 2.6026 1.7518 34.7289 -1.5721 0.3083 0.125 0.0
Car 0 0 -2.7877 470.9559 177.5591 545.6681 207.6074 1.575 1.6141 3.8521 -5.4934 1.8218 38.8334 -2.9282 0.2979 0.125 0.0
Car 0 0 -1.6512 638.855 175.6523 669.7832 204.0541 1.5769 1.6037 3.8003 2.5275 1.755 42.6398 -1.592 0.2781 0.125 0.0