Car 0 0 -1.8343 749.6182 184.0657 906.2498 297.1302 1.4921 1.5734 3.6048 3.291 1.6963 11.6902 -1.5599 0.8967 0.8892 0.8308
Car 0 0 -1.7666 712.5814 177.6621 814.3366 256.7225 1.5725 1.6044 3.697 3.3117 1.694 16.438 -1.5678 0.8461 0.8369 0.6443
Car 0 0 -2.8522 192.2051 183.8518 417.2408 260.3011 1.5136 1.6964 4.3078 -6.5649 1.7642 15.593 3.0325 0.8246 0.7599 0.5456
Car 0 0 -2.8619 326.3995 181.8687 469.4756 237.4935 1.5033 1.6212 3.7031 -6.156 1.777 21.0332 3.1366 0.7827 0.7416 0.6913
Car 0 0 0.6577 0.0 183.4354 340.3632 337.3656 1.5447 1.6576 4.1627 -5.8095 1.6843 8.3548 0.0501 0.7633 0.7249 0.7363
Car 0 0 -1.679 679.3436 182.0677 727.5844 220.8578 1.4823 1.6113 4.0141 3.828 1.8877 30.3613 -1.5536 0.7299 0.7658 0.7057
Car 0 0 -2.898 381.4129 181.9276 510.665 228.5735 1.482 1.6301 3.8858 -5.4682 1.7944 24.2055 -3.1202 0.6239 0.5201 0.1282
Car 0 0 -2.0048 697.7394 178.9865 762.132 222.6956 1.5478 1.523 3.2251 4.4855 1.7858 27.4559 -1.8428 0.5687 0.125 0.0677
Car 0 0 -3.1121 453.0156 178.1046 546.4607 213.9068 1.5288 1.6355 3.9307 -4.8215 1.7517 31.6654 3.02 0.5473 0.125 0.0
Car 0 0 -2.6871 470.9831 180.3522 563.605 211.5752 1.3963 1.6165 4.0939 -4.3867 1.7411 33.8832 -2.8158 0.3827 0.0321 0.0
Car 0 0 -2.9368 429.046 180.6566 528.7024 220.5354 1.4371 1.5951 3.6762 -4.897 1.7303 27.0828 -3.1157 0.2896 0.113 0.2887