Pedestrian 0 0 -1.6579 347.6264 160.4814 417.0392 325.3441 1.7554 0.625 0.8127 -2.5327 1.5286 8.1718 -1.9584 0.7106 0.5551 0.4835
Cyclist 0 0 1.6386 483.1182 164.5945 511.7242 235.6403 1.8122 0.5702 1.8371 -2.8383 1.3671 19.3582 1.493 0.5465 0.6455 0.6904
Car 0 0 -1.3167 350.7463 175.8436 460.3622 264.8021 1.5631 1.5456 3.1539 -3.8251 1.4618 14.2778 -1.5785 0.5122 0.0085 0.5533
Pedestrian 0 0 1.9308 182.5275 157.3272 312.8221 372.4021 1.6884 0.6781 0.8378 -2.1833 1.5289 4.3587 1.4664 0.4295 0.0 0.2986
Pedestrian 0 0 0.7333 280.1367 159.0531 383.7202 381.9698 1.6787 0.6001 0.7778 -2.0069 1.5143 5.1896 0.3643 0.4266 0.2098 0.1235
Pedestrian 0 0 -1.3626 353.1578 172.8426 438.1743 279.9904 1.7504 0.6388 0.8109 -3.6181 1.5927 12.7066 -1.64 0.4251 0.125 0.0
Pedestrian 0 0 -1.883 106.3749 184.2215 212.5254 372.1995 1.5856 0.6161 0.7779 -3.8249 1.6035 6.1823 -2.437 0.3977 0.1615 0.5189
Pedestrian 0 0 2.2828 202.7705 152.7542 352.4066 373.9176 1.6722 0.6037 0.8228 -2.0368 1.5238 4.3601 1.8458 0.3362 0.125 0.2202
Cyclist 0 0 1.111 535.3006 170.0986 559.1045 214.267 1.7295 0.5492 1.8521 -2.2029 1.2719 28.7756 1.0345 0.3332 0.125 0.0
Pedestrian 0 0 2.32 229.0315 156.6114 334.4964 380.8074 1.6969 0.6227 0.7917 -2.4341 1.5167 5.37 1.8944 0.3311 0.0184 0.2137
Pedestrian 0 0 -0.1614 534.9721 168.681 556.923 213.5274 1.7304 0.6106 0.866 -2.2054 1.2279 28.282 -0.2392 0.3231 0.0251 0.1398
Pedestrian 0 0 2.1166 660.3612 162.1326 689.4594 226.6315 1.8096 0.611 0.874 2.1133 1.2724 20.9227 2.2173 0.3199 0.0108 0.156
Pedestrian 0 0 0.5709 267.5731 148.8214 366.0084 374.6305 1.7498 0.6118 0.8452 -2.1816 1.5078 5.5724 0.1977 0.3033 0.0219 0.5071
Pedestrian 0 0 -0.9515 183.0716 163.4474 250.278 270.1582 1.7954 0.6757 0.952 -6.7326 1.4759 12.557 -1.4436 0.2881 0.125 0.0
Pedestrian 0 0 0.5927 166.4528 154.6309 261.7661 350.4331 1.7045 0.5076 0.6017 -3.4591 1.4647 6.3378 0.0931 0.2793 0.0235 0.1899
Pedestrian 0 0 1.4452 663.5284 163.1434 686.1238 220.4963 1.7803 0.6237 0.7557 2.3064 1.22 22.9517 1.5453 0.2686 0.0006 0.0
Pedestrian 0 0 -1.5048 322.2884 163.215 406.3808 335.2403 1.7227 0.6188 0.9014 -2.6168 1.5341 7.8669 -1.8259 0.2527 0.125 0.1788