Pedestrian 0 0 1.0299999713897705 703.7100219726562 140.5760040283203 776.5988159179688 289.44158935546875 1.7700999975204468 0.5845999717712402 0.7610999941825867 1.624899983406067 1.2932000160217285 8.80780029296875 1.212399959564209 0.725600004196167 0.4323999881744385 0.6134999990463257
Pedestrian 0 0 0.9955000281333923 634.0336303710938 136.82650756835938 719.255615234375 300.57330322265625 1.801800012588501 0.5945000052452087 0.8733000159263611 0.7631000280380249 1.3188999891281128 8.15719985961914 1.0887999534606934 0.722599983215332 0.5444999933242798 0.6014999747276306
Pedestrian 0 0 1.520300030708313 568.3770141601562 140.22999572753906 598.7463989257812 216.1136016845703 1.6787999868392944 0.614300012588501 0.6480000019073486 -0.5285000205039978 0.7720000147819519 16.145599365234375 1.4875999689102173 0.6791999936103821 0.49720001220703125 0.11190000176429749
Pedestrian 0 0 1.4348000288009644 534.3309936523438 143.22659301757812 570.3253784179688 219.43240356445312 1.73580002784729 0.6207000017166138 0.7163000106811523 -1.2732000350952148 0.8744999766349792 16.49220085144043 1.357800006866455 0.6710000038146973 0.319599986076355 0.49790000915527344
Pedestrian 0 0 1.475100040435791 498.31329345703125 142.0325927734375 526.4462280273438 213.8612060546875 1.7257000207901 0.590499997138977 0.5892999768257141 -2.3248000144958496 0.7894999980926514 17.366300582885742 1.3420000076293945 0.6269999742507935 0.2533000111579895 0.42969998717308044
Pedestrian 0 0 1.5642999410629272 467.65679931640625 139.59950256347656 501.1803894042969 213.93539428710938 1.8533999919891357 0.6499000191688538 0.7932999730110168 -3.1552999019622803 0.8252999782562256 18.278600692749023 1.393399953842163 0.613099992275238 0.3450999855995178 0.4864000082015991
Pedestrian 0 0 1.4707000255584717 447.7027893066406 143.78370666503906 472.5447998046875 210.1204071044922 1.7050000429153442 0.5224000215530396 0.5194000005722046 -3.873699903488159 0.7502999901771545 18.684999465942383 1.2662999629974365 0.36079999804496765 0.0 0.0
Pedestrian 0 0 1.513800024986267 443.31658935546875 144.87759399414062 477.5216064453125 216.80819702148438 1.7236000299453735 0.6367999911308289 0.7795000076293945 -3.626499891281128 0.866599977016449 17.502399444580078 1.309499979019165 0.34459999203681946 0.014800000004470348 0.4350999891757965
Pedestrian 0 0 1.5836999416351318 518.8015747070312 142.2406005859375 545.1165771484375 204.40220642089844 1.712399959564209 0.6039999723434448 0.7276999950408936 -2.099100112915039 0.6549999713897705 19.931400299072266 1.4788000583648682 0.31700000166893005 0.0038999998942017555 0.0
Pedestrian 0 0 1.7175999879837036 415.8883056640625 144.92449951171875 446.6387939453125 208.45460510253906 1.8162000179290771 0.6259999871253967 0.7324000000953674 -5.116199970245361 0.7910000085830688 20.687000274658203 1.475100040435791 0.3086000084877014 0.14390000700950623 0.0
Pedestrian 0 0 1.510699987411499 479.10418701171875 139.235107421875 513.239013671875 208.63999938964844 1.799299955368042 0.6444000005722046 0.7888000011444092 -2.9848999977111816 0.7271999716758728 19.100900650024414 1.3557000160217285 0.2957000136375427 0.0 0.0