Car 0 0 -1.7194 598.0224 184.3136 665.0503 235.6412 1.4674 1.5946 3.6353 0.582 1.858 23.1324 -1.6942 0.7958 0.8371 0.8023
Car 0 0 -1.4808 401.4774 188.9165 451.7952 230.4921 1.4823 1.6047 3.6995 -7.2468 2.15 28.6424 -1.7286 0.6923 0.7833 0.7841
Car 0 0 1.8932 208.0913 196.6616 371.3386 298.7416 1.5067 1.5608 3.6123 -5.7984 2.0096 13.4299 1.4856 0.6691 0.6615 0.5909
Cyclist 0 0 1.9421 171.1037 181.5326 336.6575 370.8405 1.657 0.5754 1.6994 -3.1357 1.7442 6.4345 1.4886 0.6681 0.5266 0.6847
Car 0 0 -1.6605 574.4161 183.2642 615.5458 218.056 1.4835 1.5848 3.681 -0.7816 1.978 33.4388 -1.6839 0.6259 0.7212 0.7645
Car 0 0 -1.8201 690.7289 191.0201 849.2182 298.7591 1.4042 1.5845 3.6579 2.3765 1.7422 11.9388 -1.6236 0.6051 0.0136 0.4399
Car 0 0 -2.1937 871.045 177.6248 1265.189 379.1868 1.5395 1.608 3.78 2.6714 1.611 3.9193 -1.5955 0.5309 8.0 0.6096
Car 0 0 -1.5355 423.8369 184.0645 464.0709 218.5714 1.5555 1.6567 4.0975 -8.171 2.1254 35.4948 -1.7618 0.4898 0.6571 0.0
Car 0 0 2.0181 0.0 214.5564 271.5258 377.4046 1.4482 1.583 3.7495 -4.8673 1.9163 7.2201 1.4249 0.4599 0.3758 0.6943
Pedestrian 0 0 2.4226 0.0 170.6108 127.9353 383.0 1.735 0.5763 0.5598 -3.1139 1.6822 3.6922 1.722 0.4128 1.0 0.0
Car 0 0 -1.6065 560.0799 183.4132 586.7674 206.8573 1.4695 1.6539 3.4624 -2.5087 2.1988 48.3191 -1.6584 0.3361 0.1046 0.0
Cyclist 0 0 2.5297 0.0 179.1034 197.7978 379.5087 1.6396 0.5686 1.6136 -3.6729 1.6725 4.4244 1.8369 0.2584 0.125 0.3455