Car 0 0 1.8584 200.4521 191.9329 447.3412 364.7449 1.466 1.5371 3.5116 -3.031 1.7403 8.3411 1.5098 0.9084 0.8719 0.8269
Car 0 0 -1.8895 757.3291 177.3014 949.4916 309.5207 1.5831 1.5993 3.6741 3.2954 1.6606 10.6425 -1.5892 0.8859 0.8713 0.7122
Car 0 0 -1.7209 690.4578 180.4451 758.7714 230.8137 1.4549 1.6052 3.89 3.5508 1.7105 23.1984 -1.569 0.6769 0.7131 0.7135
Car 0 0 1.6836 461.5852 168.1351 548.5323 247.1048 1.7658 1.6772 4.0896 -2.5815 1.6674 18.2282 1.5429 0.6508 0.8036 0.4335
Car 0 0 -2.1197 890.8991 204.3999 1279.0 375.525 1.4221 1.5444 3.6307 3.4551 1.6781 5.1698 -1.5306 0.6254 0.7427 0.0
Car 0 0 1.6531 551.441 177.1229 585.4303 206.099 1.567 1.5893 4.0046 -2.4063 1.8304 41.8529 1.5956 0.5686 0.6958 0.6608
Car 0 0 1.4088 722.0576 180.4926 814.1522 259.5816 1.5084 1.5498 3.5168 3.3518 1.6917 15.8459 1.6173 0.477 0.2687 0.1721
Car 0 0 -1.6885 679.0306 179.383 718.0056 213.9265 1.5127 1.5917 3.6592 4.1008 1.8458 34.2374 -1.5693 0.4027 0.2173 0.4776
Car 0 0 -1.6813 664.9967 178.4076 698.7024 206.6777 1.4992 1.5721 3.5928 3.945 1.8226 40.5065 -1.5843 0.3607 0.2146 0.7706
Car 0 0 2.4488 1.0 221.3826 279.2854 373.5209 1.4544 1.6162 3.7569 -3.091 1.723 2.3599 1.5301 0.3224 2.0 0.7394
Car 0 0 -1.664 687.0608 181.0605 733.659 221.4295 1.4676 1.5012 3.2721 3.8407 1.8031 28.365 -1.5295 0.3061 0.0347 0.6731
Car 0 0 -1.7771 720.211 182.7633 800.5218 246.4974 1.4378 1.5387 3.3416 3.6422 1.7018 18.2026 -1.5797 0.2923 0.125 0.6387