Cyclist 0 0 1.809 335.3336 160.9409 430.1163 328.4844 1.7447 0.5794 1.7671 -2.5229 1.5291 8.2798 1.5133 0.7777 0.657 0.4208
Pedestrian 0 0 -1.5077 186.6699 167.5879 270.3681 344.009 1.6496 0.6157 0.8638 -3.7638 1.5232 7.1885 -1.99 0.7664 0.4509 0.4536
Pedestrian 0 0 -1.6301 688.0317 168.9515 758.1299 334.8102 1.6187 0.6526 0.7707 1.2264 1.5016 7.5569 -1.4692 0.754 0.5799 0.5247
Pedestrian 0 0 -1.9022 629.9642 170.169 701.3516 333.0519 1.6259 0.5861 0.7292 0.6105 1.5195 7.685 -1.823 0.6827 0.4432 0.3198
Pedestrian 0 0 0.6333 51.5024 183.7029 180.3533 383.0 1.59 0.5431 0.5676 -3.4898 1.5984 5.0706 0.0305 0.5115 0.125 0.0
Pedestrian 0 0 -0.8323 791.5832 161.2084 839.0137 247.585 1.745 0.6137 0.8688 4.396 1.3363 14.9147 -0.5457 0.4805 0.0678 0.0952
Car 0 0 1.6896 498.9597 170.6565 549.8354 212.1982 1.7338 1.7003 4.1812 -3.3746 1.2592 32.049 1.5847 0.4602 0.2859 0.0
Cyclist 0 0 1.8422 403.1542 177.6198 434.7182 239.0725 1.6874 0.5795 1.7934 -5.261 1.5677 20.6312 1.5925 0.3635 0.125 0.0
Pedestrian 0 0 -2.9366 747.1084 163.6212 780.2104 236.427 1.7909 0.6126 0.7755 4.0372 1.3533 18.0655 -2.7168 0.3538 0.0226 0.3699
Cyclist 0 0 2.1618 400.874 170.6665 443.471 238.756 1.8124 0.5836 2.0663 -4.9631 1.5164 19.8262 1.9165 0.321 0.0472 0.0
Pedestrian 0 0 1.1333 883.9103 161.0234 913.7341 228.8813 1.7834 0.5843 0.7699 7.9982 1.2525 19.398 1.5244 0.2682 0.125 0.0