Car 0 0 -2.0038 774.0822 191.5512 1058.8114 372.6914 1.478 1.5147 3.3048 2.8827 1.712 7.7261 -1.6467 0.8936 0.8709 0.7642
Car 0 0 -1.8176 689.0584 184.3102 806.9448 273.2788 1.4842 1.5327 3.3581 2.5165 1.7344 14.1799 -1.6419 0.8718 0.9114 0.671
Car 0 0 1.7604 410.6701 183.4771 500.5138 247.6388 1.529 1.6269 3.9595 -4.1704 1.8484 19.8235 1.5531 0.8446 0.7941 0.7823
Car 0 0 -1.7471 654.197 180.4961 738.5712 247.5144 1.5565 1.5902 3.5807 2.1214 1.7827 19.0179 -1.6361 0.8083 0.7918 0.8492
Car 0 0 -1.7056 636.2724 181.2991 696.5291 229.4718 1.4683 1.5921 3.8005 1.7783 1.7659 24.4084 -1.6329 0.7059 0.7028 0.5568
Car 0 0 1.7157 452.9727 183.8825 512.8632 229.6798 1.4934 1.6658 4.1517 -4.6711 1.9385 26.7459 1.5428 0.5289 0.6857 0.4886
Car 0 0 -1.6394 626.866 180.0157 665.4893 215.4498 1.551 1.6014 3.5126 1.5929 1.9118 33.8035 -1.5924 0.425 0.1222 0.0
Car 0 0 1.6744 485.2246 184.17 525.1196 215.8889 1.4565 1.6102 4.0284 -5.2452 2.0506 36.1284 1.5302 0.4172 0.6389 0.7444
Car 0 0 2.2318 1.0 210.1827 287.8962 379.9934 1.4726 1.6448 3.9689 -3.3648 1.7718 3.8472 1.5132 0.3269 8.0 0.8358
Car 0 0 -1.6958 629.0897 180.3699 681.0837 221.6912 1.5479 1.6043 3.7838 1.7207 1.8729 29.45 -1.6374 0.2983 0.125 0.0076
Car 0 0 2.1763 13.0 192.772 343.6496 371.3916 1.5719 1.6107 3.6516 -3.3865 1.7416 4.0214 1.4764 0.2663 2.0 0.8548
Car 0 0 -2.4153 913.8937 202.0489 1241.0 371.0571 1.474 1.6135 3.7299 2.5531 1.5981 2.2542 -1.5678 0.2541 3.0 0.3788