Car 0 0 -2.053 801.1717 192.2637 1239.4009 373.0275 1.4911 1.607 3.8986 2.6756 1.6863 5.3265 -1.5875 0.8247 0.8807 0.7731
Car 0 0 -0.2978 753.3168 183.4272 894.0519 234.3024 1.5342 1.664 4.0551 6.8485 1.8996 23.5578 -0.0148 0.7118 0.5231 0.1556
Car 0 0 -2.816 223.4743 174.2579 441.5372 238.5448 1.4562 1.708 4.5983 -6.6653 1.5071 17.4595 3.1025 0.706 0.6251 0.5441
Car 0 0 -2.9706 385.2344 172.3016 516.9566 219.9897 1.5558 1.6607 4.007 -5.3565 1.5348 24.3084 3.0957 0.6413 0.5549 0.5926
Car 0 0 -2.8385 290.7572 177.3768 470.4358 232.5326 1.4355 1.6572 4.2641 -6.1886 1.5545 19.6832 3.14 0.5565 0.5912 0.6314
Car 0 0 -0.2471 689.8842 179.4312 770.0327 213.3006 1.5493 1.6058 3.6226 5.7184 1.87 34.6744 -0.0836 0.5163 0.2732 0.5623
Car 0 0 -0.3239 749.7586 180.6698 862.8719 229.801 1.602 1.6493 3.7852 6.8133 1.8923 25.3484 -0.0613 0.4006 0.1321 0.3943
Car 0 0 0.8028 0.0 162.1275 261.3329 344.9432 1.6453 1.6389 4.0938 -6.2638 1.5896 7.7621 0.1238 0.3879 0.125 0.269
Car 0 0 -1.6075 637.6576 178.5743 663.1747 201.4336 1.4808 1.6009 3.9615 2.7165 1.8898 49.6555 -1.5529 0.3875 0.3473 0.5849
Car 0 0 2.6239 811.464 187.3581 1027.8355 259.8096 1.3996 1.6513 4.2868 6.6499 1.7318 15.7502 3.0234 0.3624 0.125 0.234
Car 0 0 0.6004 21.0 170.0979 322.5186 351.7927 1.5106 1.6737 4.55 -5.6067 1.5381 6.7945 -0.0895 0.3586 0.1378 0.762
Car 0 0 -2.5378 44.5163 161.1049 339.3728 297.033 1.5751 1.668 4.3764 -5.8881 1.459 9.5453 -3.0905 0.2935 0.0294 0.0
Car 0 0 -2.871 373.5099 177.2356 486.0682 225.0576 1.4237 1.5007 3.4375 -5.6153 1.5448 22.6171 -3.1144 0.282 0.125 0.0
Car 0 0 0.3782 463.1366 173.7938 539.4748 203.0503 1.5332 1.6155 4.0152 -5.7985 1.5643 37.9945 0.2268 0.2753 0.125 0.0