Car 0 0 -1.8332 700.6146 175.3943 841.3949 279.2269 1.5789 1.5846 3.6909 2.6656 1.6313 12.9735 -1.6305 0.8874 0.8696 0.5394
Car 0 0 -2.8061 383.5581 179.1046 496.2926 222.9494 1.5387 1.6093 3.8087 -6.2725 1.7724 26.5825 -3.0379 0.5526 0.4207 0.0
Car 0 0 -1.9127 278.7042 174.2293 419.149 267.545 1.6549 1.6014 3.43 -5.3564 1.686 14.4519 -2.2676 0.4591 0.125 0.0
Car 0 0 0.4 314.8882 180.8936 490.7301 239.1401 1.4416 1.6517 4.058 -5.547 1.6698 19.3408 0.1207 0.4323 0.1163 0.1993
Car 0 0 -2.9228 417.7123 172.021 519.5028 211.6949 1.6756 1.718 4.2844 -6.2023 1.6507 31.6574 -3.1163 0.4188 0.014 0.0
Car 0 0 -1.6197 619.0874 178.0843 645.6734 200.5759 1.5115 1.6128 3.8426 1.5448 1.9019 51.297 -1.5896 0.3716 0.3589 0.7048
Car 0 0 0.2831 284.8646 176.7297 474.1269 241.7262 1.518 1.6431 4.1711 -5.7231 1.6129 17.862 -0.027 0.3544 0.125 0.0
Car 0 0 2.0915 209.793 180.0204 365.649 244.3543 1.413 1.6458 4.4246 -8.2053 1.6298 18.7982 1.6799 0.3527 0.125 0.0428
Car 0 0 1.9399 692.8772 177.6624 740.4573 204.983 1.4361 1.5289 3.9174 6.0275 1.7172 40.7888 2.0866 0.3293 0.154 0.2146
Car 0 0 2.1031 182.5267 182.4324 363.996 260.3447 1.4191 1.6149 4.2759 -7.2608 1.6652 16.0106 1.6773 0.326 0.125 0.0
Car 0 0 -0.7334 349.6192 185.7041 474.2696 241.3652 1.3045 1.4339 3.3946 -5.4641 1.6992 19.8073 -1.0026 0.276 0.0095 0.2874
Pedestrian 0 0 -1.3819 244.9164 179.2826 347.2718 329.1638 1.6859 0.629 0.7727 -3.8589 1.7673 8.8822 -1.7917 0.25 0.125 0.0