Car 0 0 1.9581 167.5105 199.1222 351.6908 307.0179 1.5761 1.6088 3.919 -6.2507 2.1082 13.2817 1.5182 0.8931 0.8271 0.521
Car 0 0 1.8509 317.6916 192.2676 430.8678 258.579 1.4684 1.6472 4.1397 -6.1917 2.0283 19.2839 1.5402 0.8414 0.8249 0.6006
Car 0 0 1.7976 410.8184 188.0243 483.0172 233.8802 1.4727 1.642 4.0288 -5.9699 2.0747 26.6635 1.5773 0.7894 0.8331 0.7034
Car 0 0 -1.7407 686.4358 174.5379 763.4439 231.563 1.5321 1.6078 3.7244 3.2573 1.5892 21.3546 -1.5894 0.7822 0.7623 0.531
Car 0 0 -1.673 672.6009 173.1033 733.256 222.6771 1.5812 1.6423 3.6835 3.0834 1.6059 24.9548 -1.55 0.6728 0.6279 0.5207
Car 0 0 2.5683 936.6945 141.6696 1180.6879 222.2926 1.6924 1.7176 4.4802 9.9781 0.9971 16.186 3.1208 0.6724 0.6067 0.1716
Car 0 0 2.1215 0.0 212.5812 263.9528 383.0 1.4217 1.6379 4.245 -5.8416 1.9365 7.6607 1.47 0.6621 0.7436 0.7083
Car 0 0 -1.6568 656.369 176.8952 693.4484 209.5406 1.5118 1.5503 3.3997 3.1399 1.7291 35.7369 -1.5692 0.5509 0.4659 0.0
Car 0 0 1.7751 452.5094 184.7302 505.2818 224.0084 1.5623 1.5681 3.9118 -5.7931 2.1296 32.0114 1.5961 0.5466 0.699 0.0
Car 0 0 2.5638 853.2554 153.6446 1016.3275 210.2709 1.5709 1.6131 4.0716 9.5282 1.0228 21.4351 2.9821 0.4482 0.0797 0.1332
Car 0 0 1.7773 492.0517 183.1167 530.7536 210.3336 1.5383 1.6182 3.901 -6.1416 2.2163 45.0397 1.6418 0.4153 0.348 0.0
Car 0 0 2.8339 816.1254 157.4913 941.6999 204.0894 1.6471 1.6794 3.8647 9.7933 1.1055 26.6579 -3.0972 0.3695 0.0389 0.0
Car 0 0 -1.6386 642.1029 176.5261 673.2899 202.2653 1.5243 1.6327 3.7127 2.8888 1.7631 44.7601 -1.5742 0.261 0.125 0.0