Car 0 0 -1.7303 684.0506 180.3108 768.2962 243.5672 1.4585 1.6071 3.8061 2.8964 1.6729 19.0176 -1.5791 0.8027 0.8113 0.6022
Car 0 0 -0.4686 727.5772 174.1751 876.6573 226.3731 1.5524 1.6647 4.1354 5.9751 1.6038 22.7896 -0.2122 0.6337 0.3935 0.3288
Car 0 0 -2.654 39.3449 190.9776 310.5171 289.4331 1.4998 1.63 3.9275 -7.3931 1.8201 12.2231 3.0852 0.5984 0.3599 0.1206
Car 0 0 -2.8564 327.4512 175.7898 485.01 234.982 1.5582 1.6193 3.7333 -5.608 1.646 19.9423 -3.1305 0.5889 0.1674 0.2246
Car 0 0 -2.12 853.3272 161.3129 1279.0 381.2829 1.6878 1.6291 3.8213 2.9709 1.6568 5.0776 -1.5906 0.5176 0.7252 0.6644
Car 0 0 -2.8777 371.2407 173.0853 498.2932 221.4508 1.6287 1.6675 4.1141 -6.1888 1.6411 25.5717 -3.1151 0.5015 0.1793 0.6317
Car 0 0 -2.8119 177.3956 180.1342 422.5414 265.7005 1.5574 1.6789 4.0613 -6.013 1.702 14.07 3.0675 0.4858 0.0636 0.5911
Car 0 0 -2.8007 411.7887 176.6054 507.7698 214.6072 1.5745 1.6258 3.7666 -6.4688 1.7473 31.1056 -3.0057 0.4771 0.1057 0.0
Car 0 0 0.2978 279.6406 175.5335 461.5086 242.9227 1.5277 1.5933 3.8156 -5.8224 1.6059 17.5505 -0.0225 0.45 0.142 0.1649
Car 0 0 -1.6092 635.5206 174.4793 661.4857 198.6662 1.5779 1.62 4.0281 2.5826 1.7163 49.6456 -1.5573 0.3334 0.605 0.1494
Car 0 0 -3.0406 449.3472 176.089 544.2031 206.2946 1.4886 1.6858 4.3379 -5.6865 1.6489 36.2295 3.0869 0.3214 0.0041 0.2268
Car 0 0 -2.8436 229.4415 179.5323 453.923 257.2321 1.5412 1.6594 4.0567 -5.7733 1.7178 15.8168 3.0896 0.309 0.125 0.6181
Car 0 0 0.708 1.0 183.7843 193.3686 372.5242 1.5257 1.6205 4.3728 -5.8457 1.6512 5.7143 -0.0888 0.271 0.125 0.5175