Car 0 0 -1.9191999435424805 790.635986328125 186.48370361328125 998.5150756835938 316.3752136230469 1.455199956893921 1.587499976158142 3.6800999641418457 3.752000093460083 1.677899956703186 10.286700248718262 -1.5694999694824219 0.9020000100135803 0.8654000163078308 0.8464000225067139
Car 0 0 1.8295999765396118 322.6731872558594 187.82919311523438 454.3174133300781 270.40521240234375 1.4781999588012695 1.6470999717712402 4.1774001121521 -4.643400192260742 1.8353999853134155 15.56149959564209 1.5397000312805176 0.8858000040054321 0.8837000131607056 0.8414999842643738
Car 0 0 -1.7832000255584717 741.6047973632812 181.4423065185547 846.825927734375 258.7178955078125 1.4764000177383423 1.5571999549865723 3.480799913406372 3.904099941253662 1.690999984741211 16.016300201416016 -1.544100046157837 0.8722000122070312 0.8414999842643738 0.8646000027656555
Car 0 0 -1.7525999546051025 704.7514038085938 179.78819274902344 784.95849609375 235.3585968017578 1.4530999660491943 1.6062999963760376 4.111400127410889 3.8162999153137207 1.6756000518798828 21.295400619506836 -1.5752999782562256 0.8015999794006348 0.7833999991416931 0.8382999897003174
Car 0 0 1.774899959564209 416.5426025390625 184.86380004882812 497.8487854003906 242.12330627441406 1.5089999437332153 1.5907000303268433 3.82669997215271 -4.521100044250488 1.8942999839782715 21.60110092163086 1.568600058555603 0.798799991607666 0.7303000092506409 0.6305000185966492
Car 0 0 1.746899962425232 460.13299560546875 183.33639526367188 521.8482055664062 227.25320434570312 1.4718999862670898 1.5808000564575195 3.910399913787842 -4.4369001388549805 1.8944000005722046 27.049400329589844 1.5843000411987305 0.6978999972343445 0.6177999973297119 0.6270999908447266
Car 0 0 -1.6597000360488892 692.9658203125 178.24789428710938 751.9882202148438 224.1280975341797 1.528499960899353 1.6270999908447266 4.0894999504089355 4.019499778747559 1.747499942779541 26.655500411987305 -1.5099999904632568 0.6114000082015991 0.7135999798774719 0.7422999739646912
Car 0 0 1.700700044631958 530.2412109375 179.5355987548828 566.7080078125 206.8123016357422 1.528499960899353 1.6270999908447266 3.8501999378204346 -3.671099901199341 1.9479000568389893 43.18069839477539 1.6159000396728516 0.54830002784729 0.6539999842643738 0.4900999963283539
Car 0 0 -2.2592999935150146 920.60302734375 176.36590576171875 1279.0 373.8066101074219 1.5161000490188599 1.5206999778747559 3.648200035095215 3.59089994430542 1.5860999822616577 4.851900100708008 -1.6220999956130981 0.4496000111103058 0.2754000127315521 0.5353999733924866
Car 0 0 -1.6943000555038452 683.3547973632812 176.7841033935547 727.6834106445312 212.1414031982422 1.5871000289916992 1.639799952507019 3.687700033187866 4.473199844360352 1.7864999771118164 34.54209899902344 -1.565500020980835 0.4339999854564667 0.21570000052452087 0.10339999943971634
Car 0 0 -1.6858999729156494 690.4804077148438 177.2718963623047 739.0317993164062 218.50999450683594 1.575600028038025 1.6098999977111816 3.724100112915039 4.208600044250488 1.7776000499725342 29.77120018005371 -1.5454000234603882 0.40950000286102295 0.10119999945163727 0.26489999890327454