Pedestrian 0 0 1.8344 435.7714 171.2364 471.8731 253.8172 1.6324 0.6139 0.5744 -3.0399 1.4356 14.6527 1.6299 0.8047 0.5144 0.0
Pedestrian 0 0 1.0094 686.6382 174.979 734.8137 283.7664 1.5919 0.5891 0.7002 1.6388 1.5021 11.0422 1.1567 0.7 0.5476 0.1167
Car 0 0 1.6575 560.6566 180.7936 601.48 213.3677 1.4566 1.6559 4.0766 -0.9635 1.4508 35.3752 1.6303 0.6897 0.8317 0.5646
Pedestrian 0 0 0.946 714.0554 174.9198 764.2741 282.6898 1.5525 0.5459 0.5861 2.0281 1.4597 10.7963 1.1317 0.6353 0.3901 0.0
Pedestrian 0 0 1.8201 816.3433 167.838 852.1104 248.7435 1.6968 0.5726 0.731 5.0216 1.4096 15.6087 2.1314 0.631 0.374 0.4829
Pedestrian 0 0 0.5555 775.3238 167.3564 814.4114 247.7748 1.6652 0.5609 0.6185 4.0387 1.3649 15.1545 0.8159 0.6274 0.2663 0.0042
Pedestrian 0 0 -1.6111 639.6364 169.8139 670.3036 240.349 1.7223 0.6447 0.8247 1.317 1.4301 18.1317 -1.5386 0.5868 0.3796 0.0
Pedestrian 0 0 -1.2942 748.4224 168.8657 785.8392 254.2062 1.6488 0.6081 0.7372 3.2638 1.4001 14.3269 -1.0702 0.5829 0.305 0.0
Pedestrian 0 0 1.5016 656.7871 173.7353 684.1421 240.9212 1.6999 0.6073 0.7579 1.7839 1.4999 18.9497 1.5955 0.5783 0.125 0.0
Cyclist 0 0 -1.578 639.1747 168.385 670.8412 240.8008 1.7543 0.5776 1.9123 1.328 1.4349 18.2072 -1.5052 0.3922 0.0219 0.0
Cyclist 0 0 1.6942 384.8032 175.1727 428.0713 266.0842 1.5751 0.5442 1.3921 -3.5779 1.4669 13.0863 1.4273 0.334 0.0151 0.0
Pedestrian 0 0 1.7995 390.3262 172.8196 429.8508 259.606 1.543 0.5716 0.653 -3.5554 1.3842 13.2215 1.5368 0.3148 0.0372 0.0
Pedestrian 0 0 1.4526 728.1918 170.8122 766.1972 253.1778 1.6597 0.5879 0.6491 2.9847 1.4492 14.9548 1.6496 0.2868 0.125 0.0
Pedestrian 0 0 2.693 0.0 158.3618 105.2257 376.5412 1.8112 0.5739 0.7009 -4.2178 1.6245 5.3171 2.0224 0.2574 0.125 0.0