Car 0 0 -0.4656 850.1484 184.6208 1131.8655 289.1979 1.5647 1.6755 4.0244 6.213 1.7748 12.0604 0.0101 0.7879 0.6467 0.3053
Car 0 0 -2.9189 139.5551 169.1352 403.2628 262.2232 1.666 1.7309 4.4037 -6.497 1.6092 13.9486 2.9284 0.7631 0.5997 0.0918
Car 0 0 2.7659 764.403 181.4734 971.0555 254.9384 1.5406 1.7058 4.0384 5.7306 1.7328 16.3371 3.1032 0.6679 0.4717 0.8201
Car 0 0 -1.6571 633.247 179.003 676.1501 213.3014 1.4373 1.5957 3.8874 1.9499 1.7378 32.9658 -1.598 0.6577 0.6475 0.2695
Car 0 0 -2.6573 5.5054 186.4187 309.1868 297.0408 1.477 1.6717 4.0026 -6.9069 1.6987 10.9127 3.0617 0.6508 0.6532 0.6875
Car 0 0 -0.7187 936.2444 185.698 1271.7965 334.9672 1.582 1.6094 3.5575 6.1779 1.7664 8.8686 -0.1102 0.6326 0.6477 0.6042
Car 0 0 -0.5126 728.2808 171.4412 882.9205 240.9445 1.7532 1.6695 3.9197 5.3867 1.7418 20.0435 -0.2501 0.589 0.0387 0.3298
Car 0 0 -0.3538 735.9607 183.4242 911.5627 243.8771 1.446 1.6572 4.2756 5.4231 1.7355 18.7528 -0.0723 0.5655 0.1749 0.4246
Car 0 0 -3.1325 356.5402 180.0026 496.3118 228.8144 1.4368 1.6347 4.1588 -5.7776 1.6752 22.8295 2.9028 0.5232 0.1177 0.0
Car 0 0 -2.4586 0.0 190.8024 283.7554 340.373 1.4223 1.707 4.3807 -6.4242 1.6569 7.7417 3.1319 0.4831 0.6492 0.4624
Car 0 0 -0.922 1060.8492 178.2895 1241.0 381.9163 1.5319 1.6649 4.0442 5.8994 1.5746 6.0572 -0.1498 0.3534 0.0119 0.6449
Cyclist 0 0 -1.2073 513.6092 173.8307 542.0392 220.8142 1.6651 0.529 1.4767 -3.0646 1.7006 26.4348 -1.3227 0.3506 0.0848 0.0
Car 0 0 -1.6355 620.0088 176.6812 646.2024 199.7689 1.5277 1.6059 3.986 1.5302 1.8051 50.3832 -1.6052 0.3449 0.0814 0.6067
Car 0 0 0.3545 255.4054 176.8695 437.4718 242.7926 1.5496 1.6357 4.115 -6.7039 1.6585 18.3947 0.005 0.3351 0.125 0.3571
Car 0 0 -0.2918 824.5872 186.0182 1053.3977 266.4945 1.535 1.6446 3.9613 6.5 1.8086 14.6411 0.126 0.3012 0.023 0.2565
Cyclist 0 0 -1.3165 516.7088 172.4196 535.9194 220.0093 1.7435 0.5559 1.6016 -3.2047 1.7258 27.1655 -1.4339 0.2791 0.125 0.1614