Pedestrian 0 0 0.5278 313.1324 179.4918 379.6074 304.2563 1.5943 0.5584 0.7136 -3.4741 1.5742 9.6681 0.1828 0.8312 0.6083 0.6826
Pedestrian 0 0 1.8503 369.5974 187.1525 440.4688 331.0944 1.5623 0.6213 0.7463 -2.3018 1.6364 8.322 1.5804 0.7936 0.4319 0.3681
Pedestrian 0 0 -1.6141 580.791 169.6238 610.1918 239.4889 1.6951 0.6156 0.8495 -0.1859 1.4074 18.0797 -1.6244 0.6719 0.3967 0.0
Pedestrian 0 0 -1.0256 879.6234 161.8424 941.2172 272.2751 1.6924 0.6275 0.8051 4.9088 1.391 11.5078 -0.6224 0.6656 0.0234 0.6949
Pedestrian 0 0 -1.2589 884.7663 169.5191 930.9929 270.5895 1.6755 0.6016 0.7897 5.2004 1.4703 12.3279 -0.8598 0.4979 0.1247 0.0
Cyclist 0 0 -1.2897 684.1446 167.0566 728.8414 244.0344 1.7403 0.5881 1.8413 2.5142 1.4157 17.3774 -1.146 0.4784 0.0105 0.0
Pedestrian 0 0 2.5301 463.2444 180.1309 516.9759 277.1424 1.6891 0.5912 0.813 -2.0601 1.6691 13.0766 2.3738 0.426 0.125 0.4382
Pedestrian 0 0 1.8382 470.8506 179.3749 510.4118 270.7745 1.5354 0.5631 0.5748 -1.9891 1.5102 12.6742 1.6825 0.3941 0.0295 0.0835
Pedestrian 0 0 1.808 543.7937 175.6956 567.2981 231.2267 1.6026 0.5856 0.6889 -1.3909 1.441 21.4107 1.7431 0.386 0.0276 0.0
Cyclist 0 0 1.7483 467.1492 181.7443 519.3029 276.0784 1.5848 0.5619 1.7327 -1.9532 1.5993 12.8226 1.5971 0.3238 0.125 0.0
Cyclist 0 0 2.0512 673.9226 166.5375 717.33 244.3723 1.7141 0.5699 1.7049 2.148 1.3936 16.7062 2.179 0.2679 0.125 0.0