Car 0 0 -1.7957 689.3697 175.1024 808.6371 261.2288 1.5439 1.612 3.8357 2.6848 1.599 15.0275 -1.6189 0.8834 0.8437 0.796
Car 0 0 -0.5209 735.741 174.055 933.5338 247.8608 1.5565 1.5861 4.1218 5.1645 1.5884 16.8668 -0.2238 0.5915 0.125 0.0296
Car 0 0 0.6096 50.3968 170.8078 333.4046 276.1558 1.614 1.6774 3.8557 -7.1607 1.5883 12.1808 0.0782 0.5537 0.2407 0.4187
Car 0 0 -0.5277 769.1606 176.6385 922.4948 234.4876 1.5152 1.6145 4.0482 6.5768 1.6311 20.3363 -0.215 0.5079 0.3521 0.4413
Car 0 0 -2.8324 396.3376 169.549 519.6463 208.519 1.4491 1.6411 4.0991 -5.8543 1.3292 27.9728 -3.0387 0.4977 0.2667 0.0
Car 0 0 -2.6851 336.8637 175.8854 485.305 226.7138 1.4398 1.6424 4.1771 -6.0486 1.5393 21.9948 -2.9534 0.4604 0.0003 0.0
Car 0 0 -2.8979 433.9322 167.5569 535.6938 202.9028 1.5041 1.6561 4.0782 -5.4884 1.2689 31.5917 -3.07 0.4469 0.1488 0.0
Car 0 0 1.0882 50.3007 167.8754 323.159 369.9016 1.5919 1.7943 4.4364 -5.6314 1.5889 7.2212 0.4259 0.4182 0.125 0.5006
Car 0 0 0.4839 262.598 171.429 452.2413 239.726 1.5189 1.6479 4.2083 -6.0126 1.4861 17.0061 0.1441 0.4036 0.4101 0.3308
Car 0 0 -2.5461 377.0592 171.2693 512.1859 215.1836 1.4806 1.6885 4.3356 -5.8965 1.42 25.6048 -2.7724 0.3839 0.0481 0.0
Car 0 0 -1.5891 631.0984 170.586 651.1537 188.4961 1.4371 1.5721 4.0144 2.5828 1.26 60.0966 -1.5462 0.3605 0.2049 0.3258
Car 0 0 0.0549 671.8748 170.4301 730.5478 196.7083 1.5362 1.5818 3.5902 5.4757 1.3858 43.5241 0.18 0.3345 0.0 0.0
Car 0 0 -2.6817 146.5556 167.8918 346.811 252.645 1.5921 1.5662 3.2832 -7.413 1.5003 14.6911 3.1341 0.2574 0.0183 0.2211