Car 0 0 1.9873 116.7174 189.0193 379.9933 336.8705 1.4843 1.5675 3.8496 -4.5503 1.7549 9.7326 1.55 0.8934 0.8422 0.8313
Car 0 0 -1.8474 757.3648 157.55 915.8727 266.1675 1.6931 1.6749 4.1602 3.9324 1.4442 13.3882 -1.5617 0.7489 0.7375 0.5878
Car 0 0 -1.7139 712.6224 169.2636 773.4315 216.3802 1.5514 1.6005 3.7565 4.6105 1.4325 25.7124 -1.5364 0.7042 0.5425 0.7795
Car 0 0 -1.7532 730.4214 174.9047 805.5298 230.9895 1.4716 1.5425 3.4363 4.4329 1.5402 20.9447 -1.5447 0.6961 0.5321 0.6268
Car 0 0 1.7291 522.3319 171.9746 566.3686 204.1059 1.5906 1.6904 4.0712 -3.4204 1.5558 37.9267 1.6392 0.6523 0.5847 0.2852
Car 0 0 2.2336 1.0 205.379 263.4615 383.0 1.4993 1.6325 4.0187 -4.7266 1.787 5.048 1.481 0.4276 0.507 0.7199
Car 0 0 -1.7166 702.3346 169.8268 751.456 208.501 1.6038 1.6004 3.5227 5.0285 1.4885 31.7161 -1.5593 0.3942 0.0723 0.6211
Car 0 0 2.2799 1.0 208.3546 197.5744 366.3864 1.4473 1.5597 3.7392 -4.36 1.7332 4.4953 1.5098 0.3082 0.125 0.5525
Car 0 0 -1.697 692.0962 169.1363 727.4034 197.9092 1.5134 1.6297 3.8668 5.4399 1.3104 40.105 -1.5621 0.295 0.0314 0.0233
Car 0 0 1.7404 590.2939 167.6459 616.149 185.9186 1.5586 1.5963 4.1419 -0.5968 1.1067 64.4312 1.7311 0.2938 0.1715 0.4736
Car 0 0 1.656 548.1898 171.1139 578.2585 197.6672 1.6503 1.5862 3.862 -3.0305 1.5472 46.945 1.5916 0.2816 0.1287 0.0