Car 0 0 -1.6996 682.4125 180.6138 758.4226 241.3626 1.5074 1.6234 3.7985 2.9387 1.7392 20.2075 -1.5552 0.8125 0.8347 0.504
Car 0 0 -2.0541 817.195 166.4666 1258.587 383.0 1.6959 1.5857 3.5698 2.8892 1.6785 5.8036 -1.5922 0.7714 0.8325 0.7729
Car 0 0 -0.3177 727.0836 173.9963 859.5153 222.4599 1.5241 1.6474 4.0011 6.0833 1.5838 24.1756 -0.0712 0.674 0.4226 0.5365
Car 0 0 -2.5396 99.65 188.3995 330.8007 285.4664 1.5473 1.5933 3.4379 -7.1266 1.842 12.992 -3.0413 0.6408 0.1673 0.2191
Car 0 0 -2.5807 353.7455 176.2687 488.3528 228.5832 1.498 1.6182 3.82 -5.9265 1.6194 22.4585 -2.8387 0.5855 0.3096 0.3985
Car 0 0 0.5759 286.0038 175.2111 469.906 245.0986 1.5125 1.6122 3.7457 -5.4142 1.5864 16.8728 0.2654 0.5131 0.0066 0.5803
Car 0 0 -2.9118 382.4195 173.2099 503.8205 220.3442 1.6646 1.6503 4.0848 -6.1893 1.6868 26.8466 -3.1384 0.4778 0.0919 0.7253
Car 0 0 -2.9516 423.4092 174.2065 520.6986 212.7816 1.6687 1.6836 4.091 -6.1629 1.7458 32.308 -3.1401 0.4692 0.0283 0.0
Car 0 0 -2.8408 198.9643 182.3551 439.359 261.913 1.4662 1.6581 4.0918 -5.7089 1.6611 14.3177 3.063 0.4562 0.4558 0.3969
Car 0 0 0.6987 1.0 189.5035 278.3282 364.584 1.4635 1.6855 4.5566 -6.2403 1.6981 7.1476 -0.0191 0.4281 0.2364 0.6968
Car 0 0 -2.7332 414.2318 178.7336 509.0252 215.6445 1.5401 1.6122 3.7249 -6.535 1.8076 31.5653 -2.9374 0.4062 0.0055 0.0
Car 0 0 -1.5651 636.0008 176.1144 661.4532 198.9086 1.504 1.6277 3.8677 2.617 1.7276 49.5788 -1.5123 0.3666 0.4234 0.0228
Car 0 0 0.3526 307.5594 176.5413 459.8938 234.8435 1.4796 1.5766 3.6579 -6.0912 1.589 19.3789 0.048 0.3484 0.0711 0.5685
Car 0 0 -2.8075 237.7381 180.3213 464.1753 255.1494 1.5117 1.6645 4.1222 -5.6248 1.7013 15.8881 3.1355 0.2935 0.125 0.17
Car 0 0 -2.9776 159.7021 183.8644 397.2073 261.2448 1.4535 1.7034 3.9531 -6.6416 1.694 14.6114 2.879 0.2703 0.125 0.4784