Car 0 0 1.974 146.9519 202.8679 347.7441 310.996 1.4436 1.6096 3.9747 -6.0171 2.0241 12.4939 1.5252 0.8903 0.8069 0.8244
Car 0 0 1.8727 297.3852 194.9919 411.8183 268.0244 1.5179 1.5529 3.6472 -6.2542 2.1185 17.9219 1.5369 0.8506 0.8172 0.4808
Car 0 0 1.802 376.3764 189.8957 459.7582 241.4146 1.466 1.6451 4.0193 -6.2911 2.0738 23.9343 1.545 0.7888 0.8435 0.5703
Car 0 0 1.7952 440.22 186.3303 500.1538 225.0083 1.4855 1.6417 4.0267 -5.986 2.1032 31.1013 1.6051 0.7708 0.6898 0.7403
Car 0 0 2.6733 858.8219 143.849 1043.6806 212.3264 1.9303 1.7199 4.6792 10.0644 1.0874 21.5113 3.1109 0.6599 0.4248 0.3706
Car 0 0 -0.4816 656.2397 174.9285 770.918 218.9114 1.509 1.6126 3.9257 3.7406 1.5947 26.513 -0.3414 0.5851 0.125 0.2539
Car 0 0 2.8152 771.8718 161.3951 881.4594 200.5804 1.6196 1.6949 4.0659 9.2071 1.1548 31.0684 3.1033 0.4755 0.0122 0.0
Car 0 0 -1.7292 670.8965 174.2824 736.2416 222.6092 1.5411 1.6208 3.5134 3.1147 1.6018 24.869 -1.6046 0.4595 0.3113 0.8024
Car 0 0 2.7731 808.2372 155.0891 933.1405 205.2545 1.7935 1.703 3.7824 9.6586 1.1632 27.03 3.1163 0.3823 0.125 0.3133
Car 0 0 2.2082 1.0 207.1876 248.4438 373.5139 1.4734 1.6186 3.9285 -5.3416 1.8521 6.1339 1.4918 0.3791 0.652 0.312
Car 0 0 1.7848 500.939 183.5448 537.8374 207.1387 1.4919 1.6378 4.0441 -6.2413 2.2521 49.7444 1.66 0.3582 0.0057 0.0
Car 0 0 -1.6864 661.521 174.1096 711.2146 213.4008 1.603 1.6488 3.905 3.2125 1.6684 31.3938 -1.5844 0.3562 0.0855 0.6228
Car 0 0 1.724 470.7798 184.8765 513.467 216.9932 1.4526 1.6049 3.9584 -5.9261 2.0957 36.3651 1.5624 0.3114 0.2171 0.0
Car 0 0 -1.6307 648.006 177.8098 682.0216 205.2432 1.4684 1.6145 3.3935 2.9766 1.7342 40.1865 -1.5567 0.3112 0.0619 0.0