Pedestrian 0 0 1.3331 667.1942 150.552 725.2718 287.9738 1.674 0.5563 0.6522 1.1087 1.308 9.0396 1.4551 0.593 0.4207 0.5277
Pedestrian 0 0 1.1507 499.3378 138.828 542.0116 232.3341 1.7918 0.5873 0.6994 -1.7206 0.9887 13.9224 1.0277 0.5612 0.4279 0.5029
Pedestrian 0 0 1.3429 544.8704 137.995 582.1543 231.4192 1.7681 0.6318 0.7831 -0.8606 0.9645 13.912 1.2811 0.5297 0.4661 0.3624
Pedestrian 0 0 0.8854 605.6538 163.7779 666.6338 291.9195 1.5572 0.4857 0.5975 0.3384 1.3491 8.9462 0.9232 0.5266 0.4051 0.3338
Pedestrian 0 0 1.9524 593.1092 145.8277 614.5995 193.7585 1.6344 0.5197 0.635 -0.0733 0.4565 24.2249 1.9494 0.4881 0.125 0.0
Pedestrian 0 0 -2.7712 650.6457 135.4534 710.8653 286.056 1.8017 0.5485 0.7101 0.8859 1.2577 8.8546 -2.6715 0.4686 0.0417 0.2359
Pedestrian 0 0 1.4564 482.0402 136.6411 525.5586 233.4096 1.797 0.6263 0.7014 -1.9823 0.9722 13.5233 1.3109 0.4643 0.1999 0.432
Pedestrian 0 0 1.7056 476.5658 140.3384 499.9735 198.5233 1.7927 0.5869 0.6155 -3.7475 0.541 22.4355 1.5401 0.3994 0.125 0.0
Pedestrian 0 0 1.6272 477.9694 144.336 504.7784 202.517 1.7639 0.6536 0.8305 -3.5525 0.6635 21.9005 1.4663 0.35 0.003 0.0
Pedestrian 0 0 1.3247 552.1427 139.1534 583.74 214.9415 1.7106 0.5768 0.5866 -0.9136 0.7702 16.3774 1.269 0.3372 0.125 0.0
Pedestrian 0 0 1.6893 528.9563 138.4001 566.0526 225.0232 1.7286 0.5953 0.7144 -1.2279 0.8764 14.6555 1.6057 0.3165 0.0525 0.2302
Pedestrian 0 0 1.9309 464.839 146.2972 494.612 199.3592 1.7368 0.5984 0.7593 -4.2523 0.6148 23.8481 1.7544 0.3138 0.014 0.0
Pedestrian 0 0 1.6708 453.2178 144.1797 474.8304 201.8745 1.6971 0.5176 0.4908 -4.3195 0.6188 21.4245 1.4719 0.3052 0.125 0.2905
Pedestrian 0 0 1.7709 471.4113 144.1358 496.3639 201.76 1.7409 0.5823 0.6497 -3.7857 0.6296 21.8527 1.5993 0.3037 0.0176 0.0
Pedestrian 0 0 1.9543 444.6828 147.2674 474.6669 205.0207 1.7174 0.5999 0.7194 -4.4505 0.7222 21.4684 1.7499 0.2874 0.0 0.5206
Pedestrian 0 0 1.7535 489.5076 136.1678 517.8567 201.5883 1.8327 0.6042 0.7026 -2.9822 0.5681 20.5469 1.6094 0.2849 0.125 0.0
Pedestrian 0 0 1.9384 590.5033 148.0896 611.056 195.8731 1.7026 0.5417 0.6031 -0.1841 0.5434 25.218 1.9311 0.276 0.0107 0.4034
Cyclist 0 0 0.8616 242.6158 144.4688 285.1218 210.6942 1.6797 0.5589 1.5526 -8.9577 0.7576 18.4804 0.4103 0.2696 0.125 0.0
Pedestrian 0 0 1.75 512.0176 137.869 535.8567 200.5555 1.7973 0.5714 0.5652 -2.432 0.5687 20.7984 1.6336 0.2529 0.125 0.0