Car 0 0 -1.9529 811.2831 185.865 1052.0205 332.9445 1.4455 1.5654 3.6248 3.7693 1.6377 9.2445 -1.5657 0.902 0.883 0.8794
Car 0 0 1.8513 299.0174 188.5159 442.8132 279.2151 1.5121 1.6311 4.0541 -4.7016 1.8655 14.6264 1.5403 0.8821 0.8841 0.7723
Car 0 0 -1.8247 743.9366 179.775 872.2107 265.4192 1.5034 1.614 3.9733 3.872 1.6616 14.8943 -1.5704 0.8705 0.8543 0.8364
Car 0 0 1.7776 400.2452 184.9241 490.202 245.6431 1.5068 1.6134 3.8486 -4.6045 1.8746 20.4543 1.5562 0.8378 0.8044 0.6398
Car 0 0 -1.7691 711.0374 180.4547 795.1078 239.878 1.4696 1.5901 3.9655 3.84 1.6963 20.1634 -1.5809 0.7883 0.7791 0.9019
Car 0 0 1.7436 448.1382 183.8905 517.284 229.9215 1.4745 1.6585 4.0172 -4.5387 1.897 26.0485 1.5711 0.6905 0.7447 0.5801
Car 0 0 -1.7017 693.8382 177.4814 753.2022 224.9099 1.5409 1.6118 3.8052 3.9302 1.7142 25.675 -1.5498 0.6655 0.6927 0.6698
Car 0 0 1.7677 525.6086 178.8986 568.2186 207.5365 1.5427 1.6723 4.1554 -3.6341 1.9124 41.9478 1.6813 0.5532 0.6883 0.5985
Car 0 0 -1.7077 689.4966 178.1368 739.5124 218.1748 1.5553 1.6108 3.7526 4.2643 1.7953 30.2388 -1.5676 0.429 0.125 0.6809
Car 0 0 -1.6976 684.1532 178.0859 727.4962 212.9929 1.5188 1.5798 3.6067 4.3795 1.7707 33.7514 -1.5686 0.4159 0.3371 0.0595
Car 0 0 -2.3473 978.6909 173.7862 1241.0 364.413 1.5577 1.5774 3.7399 3.5389 1.6199 3.7695 -1.5935 0.3272 5.0 0.5196
Car 0 0 -2.5731 994.1461 174.2751 1098.7202 213.1326 1.589 1.6536 3.7942 18.8485 1.675 31.3557 -2.0318 0.2895 0.0264 0.0