Car 0 0 -1.7861 706.8712 185.3911 833.5524 276.821 1.3964 1.592 3.8139 2.7993 1.6701 13.6243 -1.5835 0.8309 0.7908 0.7981
Car 0 0 -2.6938 370.1052 179.7118 486.936 229.1976 1.5691 1.5952 3.7079 -6.2189 1.8191 24.6213 -2.9412 0.5948 0.1437 0.1078
Car 0 0 -0.5755 772.229 177.4986 942.1671 243.058 1.4932 1.6095 3.8112 6.0733 1.6184 17.9414 -0.2491 0.5653 0.4884 0.3448
Car 0 0 0.6786 4.0735 192.5118 327.6539 326.2359 1.4378 1.6695 4.211 -6.1422 1.7089 9.062 0.0829 0.5632 0.3855 0.7289
Car 0 0 -2.8581 237.2258 178.684 454.1262 250.6901 1.4727 1.6458 4.103 -5.8484 1.6166 16.023 3.0751 0.5487 0.125 0.6865
Car 0 0 -2.8533 336.8598 173.421 489.5047 228.9093 1.659 1.7208 4.2737 -6.112 1.6838 22.6545 -3.1168 0.5312 0.0398 0.2741
Car 0 0 -2.8106 299.2052 179.6685 471.2384 239.3758 1.5349 1.6594 4.1049 -6.0963 1.7234 19.7141 -3.1105 0.5079 0.1047 0.1571
Car 0 0 0.6116 162.6001 177.655 410.7208 270.8471 1.4803 1.56 3.8048 -5.8093 1.5899 13.1041 0.1943 0.4706 0.5629 0.3897
Car 0 0 -2.7797 32.1386 185.8437 394.2077 308.1016 1.4693 1.5815 4.2145 -5.4676 1.6651 10.0153 3.0038 0.4702 0.0137 0.1733
Car 0 0 -0.1198 698.2005 176.8927 785.5172 214.8824 1.5577 1.6395 3.9249 5.694 1.7481 31.5051 0.059 0.411 0.1938 0.0
Car 0 0 -1.5567 638.42 178.5472 668.3612 204.6164 1.4863 1.6462 4.0393 2.6187 1.84 43.9643 -1.4973 0.3769 0.5451 0.0668
Car 0 0 -2.8694 385.563 179.0496 500.5248 221.45 1.5701 1.6459 4.043 -6.4271 1.8162 27.907 -3.0958 0.3329 0.0143 0.7679
Car 0 0 -3.0245 430.9544 179.041 538.2638 212.8592 1.4886 1.6911 4.3527 -5.6691 1.7663 32.6207 3.0866 0.3304 0.1622 0.0
Car 0 0 -2.4319 1.0 210.8375 117.9308 373.0402 1.4841 1.6099 4.3686 -7.3598 1.8373 6.3501 2.9924 0.276 0.125 0.5417
Car 0 0 2.7398 752.5525 179.3188 875.1122 223.5124 1.5146 1.6652 4.3851 7.1545 1.7295 25.5598 3.0127 0.2665 0.125 0.0
Car 0 0 1.9761 288.3387 180.7108 433.9544 249.431 1.4035 1.4644 3.3613 -5.795 1.6019 16.6157 1.6405 0.2586 0.125 0.2238