Car 0 0 -1.9930000305175781 832.390380859375 185.8979034423828 1120.2169189453125 355.2489013671875 1.4565999507904053 1.5679999589920044 3.688699960708618 3.779900074005127 1.6368000507354736 8.274800300598145 -1.5644999742507935 0.9100000262260437 0.8695999979972839 0.9246000051498413
Car 0 0 -1.8216999769210815 754.1102294921875 180.86819458007812 888.5145263671875 272.85089111328125 1.4977999925613403 1.5722999572753906 3.5724000930786133 3.833400011062622 1.6680999994277954 13.856100082397461 -1.551800012588501 0.8952000141143799 0.8432999849319458 0.9401000142097473
Car 0 0 1.8674999475479126 265.8487854003906 188.87120056152344 430.61358642578125 289.3677062988281 1.5099999904632568 1.6469999551773071 4.1529998779296875 -4.741099834442139 1.8564000129699707 13.561599731445312 1.5311000347137451 0.8881000280380249 0.9071999788284302 0.7705000042915344
Car 0 0 -1.7611000537872314 712.7470092773438 179.45460510253906 802.317626953125 242.27389526367188 1.4733999967575073 1.6190999746322632 4.054699897766113 3.7760000228881836 1.6591999530792236 19.208599090576172 -1.5670000314712524 0.8246999979019165 0.8501999974250793 0.9068999886512756
Car 0 0 1.8136999607086182 388.618896484375 184.62750244140625 483.4870910644531 248.8863983154297 1.5219999551773071 1.5910999774932861 3.834700107574463 -4.677499771118164 1.8654999732971191 19.721900939941406 1.5808000564575195 0.8014000058174133 0.7896000146865845 0.5153999924659729
Car 0 0 1.750100016593933 442.9070129394531 183.40870666503906 512.0217895507812 231.46389770507812 1.4831000566482544 1.631600022315979 3.877700090408325 -4.545499801635742 1.8696999549865723 25.02389907836914 1.5703999996185303 0.692799985408783 0.7638999819755554 0.5863999724388123
Car 0 0 -1.701200008392334 696.03759765625 176.95860290527344 759.0097045898438 227.08059692382812 1.5504000186920166 1.5997999906539917 3.8115999698638916 3.8857998847961426 1.7014000415802002 24.552000045776367 -1.5441999435424805 0.6434999704360962 0.7138000130653381 0.7148000001907349
Car 0 0 1.7339999675750732 522.7152099609375 178.85369873046875 563.9368286132812 208.29539489746094 1.5542000532150269 1.6604000329971313 4.171899795532227 -3.783900022506714 1.913699984550476 41.253501892089844 1.6425000429153442 0.5634999871253967 0.6832000017166138 0.4684999883174896
Car 0 0 -1.7229000329971313 683.189208984375 176.38909912109375 730.0419921875 212.389404296875 1.576300024986267 1.6054999828338623 3.6826999187469482 4.425899982452393 1.7558000087738037 33.766700744628906 -1.5925999879837036 0.4821999967098236 0.421999990940094 0.0
Car 0 0 -1.702299952507019 689.9694213867188 177.99899291992188 738.3911743164062 217.91329956054688 1.5494999885559082 1.5880999565124512 3.6391000747680664 4.252099990844727 1.7838000059127808 30.279699325561523 -1.5628000497817993 0.4708000123500824 0.011900000274181366 0.5758000016212463
Car 0 0 -2.458400011062622 1011.1243286132812 190.20230102539062 1241.0 376.5712890625 1.4362000226974487 1.541200041770935 3.5494000911712646 3.3464999198913574 1.6533000469207764 2.6605000495910645 -1.5592999458312988 0.30239999294281006 2.0 0.39169999957084656