Pedestrian 0 0 1.8023 438.1218 174.332 470.933 249.4816 1.612 0.5812 0.6035 -3.2869 1.4533 15.8845 1.5982 0.7613 0.3629 0.0
Pedestrian 0 0 -1.203 661.2404 168.2955 702.8926 273.6669 1.6752 0.5944 0.7018 1.2959 1.459 11.9076 -1.0946 0.7582 0.5737 0.1163
Pedestrian 0 0 1.3879 691.324 166.9796 737.523 274.1462 1.7051 0.6076 0.7013 1.8355 1.4713 11.9128 1.5408 0.7165 0.6081 0.0977
Car 0 0 1.664 549.1438 180.6611 589.4472 212.4898 1.4853 1.6695 4.113 -1.5964 1.4698 36.6486 1.6204 0.7051 0.7749 0.5173
Pedestrian 0 0 -1.2975 624.0898 169.9985 654.4092 236.8352 1.7198 0.6621 0.8761 0.9721 1.4134 18.9373 -1.2463 0.6244 0.3124 0.0
Pedestrian 0 0 1.9675 777.2083 168.8094 805.0895 237.3323 1.6521 0.5541 0.5724 4.6292 1.3489 17.6646 2.2238 0.5969 0.3142 0.3045
Pedestrian 0 0 1.8413 726.8252 167.6244 760.6964 246.0622 1.7594 0.5943 0.7952 3.2433 1.4452 16.6089 2.0342 0.536 0.3272 0.5696
Pedestrian 0 0 1.6604 699.6288 163.4742 738.6531 251.9747 1.7776 0.6268 0.8198 2.3845 1.4138 14.8609 1.8195 0.5078 0.125 0.0
Pedestrian 0 0 -2.3787 42.283 164.7973 171.6144 340.7538 1.7363 0.5872 0.9187 -5.4932 1.5907 7.9072 -2.9859 0.4232 0.125 0.0
Pedestrian 0 0 1.7952 400.7247 177.034 436.1824 254.2408 1.5601 0.6028 0.6908 -3.8671 1.4678 15.0656 1.5439 0.4022 0.0454 0.0
Pedestrian 0 0 1.8139 757.6627 164.4605 785.3206 232.0863 1.7982 0.6075 0.7948 4.5683 1.349 19.4148 2.045 0.3872 0.0974 0.1899
Pedestrian 0 0 1.0969 124.0862 198.477 209.214 367.6592 1.3371 0.5345 0.6363 -3.4502 1.4609 5.5717 0.5425 0.3864 0.125 0.0
Pedestrian 0 0 1.9929 764.4278 164.9338 793.0093 232.9457 1.7333 0.5784 0.7599 4.5949 1.3053 18.7525 2.2332 0.3078 0.125 0.013
Cyclist 0 0 -1.1632 620.7783 169.4744 655.6902 237.8677 1.7371 0.5584 1.8063 0.9608 1.4284 19.0462 -1.1128 0.3052 0.0139 0.0
Pedestrian 0 0 1.2579 641.511 173.4636 668.5708 234.5158 1.6978 0.5897 0.7602 1.5071 1.4783 20.6188 1.3309 0.2691 0.125 0.114
Pedestrian 0 0 0.282 27.174 163.8618 252.0398 362.0505 1.5649 0.6131 0.7093 -2.3774 1.4891 3.319 -0.3396 0.2655 1.0 0.0