Pedestrian 0 0 -2.4891 722.8108 149.4822 775.2577 246.2293 1.6926 0.5644 0.7873 2.5544 1.145 12.8605 -2.2931 0.7582 0.4641 0.1601
Pedestrian 0 0 1.2204 527.8254 143.4751 560.7764 219.2643 1.7382 0.5863 0.6967 -1.4784 0.8864 16.5683 1.1314 0.6509 0.3854 0.0883
Pedestrian 0 0 1.8796 471.6369 141.244 504.7961 220.522 1.7919 0.6001 0.745 -2.7646 0.8941 16.4619 1.7132 0.5752 0.3577 0.3074
Pedestrian 0 0 1.0714 561.3306 157.7497 597.2178 254.127 1.5536 0.4502 0.4848 -0.4661 1.1841 11.7059 1.0316 0.5624 0.0608 0.3739
Pedestrian 0 0 1.2488 508.8368 141.901 546.655 219.9542 1.8146 0.6235 0.806 -1.9031 0.9078 16.9275 1.1368 0.5328 0.3923 0.7378
Pedestrian 0 0 1.079 590.2475 151.9051 634.3398 252.5448 1.6105 0.4943 0.6555 0.0675 1.1477 11.7818 1.0848 0.5103 0.2496 0.4654
Pedestrian 0 0 0.7991 555.5712 148.2199 603.817 255.0608 1.656 0.5587 0.6345 -0.4605 1.1615 11.4241 0.7589 0.4553 0.0557 0.6178
Pedestrian 0 0 1.5078 557.8656 138.9137 594.8554 231.294 1.7469 0.6055 0.7487 -0.627 0.9548 14.1187 1.4634 0.3282 0.125 0.0
Pedestrian 0 0 1.7069 649.0321 142.0292 671.6535 203.1673 1.7776 0.5952 0.7187 1.6371 0.653 21.3548 1.7835 0.3216 0.0278 0.1322
Pedestrian 0 0 1.7968 442.6802 139.9809 475.7786 207.6529 1.8447 0.6456 0.8051 -4.1748 0.7058 20.1256 1.5923 0.2905 0.0 0.0
Pedestrian 0 0 1.7019 556.852 139.6806 586.8692 223.299 1.7005 0.5824 0.6175 -0.7438 0.8574 14.89 1.652 0.2799 0.125 0.0
Pedestrian 0 0 1.5781 518.2713 142.0783 552.9602 213.0169 1.7543 0.6135 0.7764 -1.8031 0.8127 18.0046 1.4783 0.2766 0.125 0.0