Car 0 0 -1.8830000162124634 717.0042114257812 189.93569946289062 900.9337768554688 310.93170166015625 1.448799967765808 1.586300015449524 3.7730000019073486 2.7216999530792236 1.7364000082015991 10.932299613952637 -1.6390000581741333 0.9053999781608582 0.9031000137329102 0.8090999722480774
Car 0 0 -2.778700113296509 140.59080505371094 171.2998046875 412.2195129394531 275.0729064941406 1.7913000583648682 1.7304999828338623 4.099599838256836 -6.25439977645874 1.7668999433517456 13.605199813842773 3.0736000537872314 0.8125 0.6406000256538391 0.5432999730110168
Car 0 0 -2.7888998985290527 305.2430114746094 183.7362060546875 468.650390625 242.43490600585938 1.464400053024292 1.6201000213623047 4.030300140380859 -6.082499980926514 1.781999945640564 19.658300399780273 -3.088900089263916 0.7753000259399414 0.3562000095844269 0.0
Car 0 0 -1.7167999744415283 662.2677001953125 177.79559326171875 738.6215209960938 240.9302978515625 1.5765000581741333 1.597499966621399 3.5820999145507812 2.368499994277954 1.7366000413894653 20.175399780273438 -1.600000023841858 0.744700014591217 0.8377000093460083 0.3467999994754791
Car 0 0 0.6820999979972839 0.0 188.93310546875 309.2618103027344 328.97479248046875 1.4818999767303467 1.6445000171661377 4.208499908447266 -6.4446001052856445 1.698199987411499 8.784899711608887 0.04919999837875366 0.7307000160217285 0.7462999820709229 0.5764999985694885
Car 0 0 -1.7101999521255493 650.56201171875 179.68930053710938 707.0604248046875 225.50729370117188 1.533400058746338 1.5468000173568726 3.6480000019073486 2.3752999305725098 1.7924000024795532 26.17259979248047 -1.6196999549865723 0.5931000113487244 0.6542999744415283 0.3237000107765198
Car 0 0 -1.6890000104904175 638.0029907226562 177.63999938964844 679.551025390625 213.45249938964844 1.5857000350952148 1.6154999732971191 3.7128000259399414 2.223599910736084 1.8320000171661377 34.26430130004883 -1.6240999698638916 0.49959999322891235 0.5576000213623047 0.1396999955177307
Car 0 0 -2.86299991607666 405.4231872558594 182.60910034179688 506.6112060546875 219.63380432128906 1.42739999294281 1.5880999565124512 3.654599905014038 -6.33459997177124 1.850600004196167 29.73579978942871 -3.0729000568389893 0.4442000091075897 0.10689999908208847 0.0
Car 0 0 -2.8914999961853027 445.2264099121094 178.47120666503906 530.0614013671875 212.78790283203125 1.642899990081787 1.670699954032898 3.874300003051758 -6.1057000160217285 1.9141000509262085 35.90729904174805 -3.0599000453948975 0.41819998621940613 0.22830000519752502 0.0
Car 0 0 -3.000499963760376 461.30499267578125 178.42449951171875 546.9669189453125 207.6844940185547 1.5146000385284424 1.684399962425232 4.383500099182129 -5.637800216674805 1.8035000562667847 38.53950119018555 3.137399911880493 0.39980000257492065 0.030500000342726707 0.01730000041425228
Car 0 0 0.12409999966621399 257.5487060546875 168.7790985107422 435.97979736328125 250.9741973876953 1.7618000507354736 1.6341999769210815 3.8387999534606934 -6.036600112915039 1.68149995803833 16.574100494384766 -0.22509999573230743 0.3978999853134155 0.040800001472234726 0.0