Pedestrian 0 0 -1.4543 235.9608 168.3613 287.8151 280.4633 1.6695 0.6325 0.8325 -5.2985 1.4703 11.1515 -1.8979 0.8486 0.6015 0.2407
Pedestrian 0 0 1.8979 798.6674 155.1586 870.7791 312.8088 1.7127 0.5938 0.798 2.6293 1.4229 8.2487 2.2064 0.6914 0.5665 0.491
Pedestrian 0 0 -2.577 764.6994 164.1157 818.9806 267.0759 1.6525 0.5585 0.7422 3.0788 1.3675 11.8508 -2.3228 0.5784 0.4579 0.1415
Car 0 0 1.7236 395.6635 157.2163 483.5542 229.8459 1.7443 1.6936 4.0354 -4.2441 1.1187 19.2037 1.506 0.565 0.277 0.0838
Pedestrian 0 0 2.1366 349.9582 167.9683 405.9764 272.3106 1.6703 0.5962 0.7119 -3.7581 1.4544 12.0007 1.8331 0.5134 0.3035 0.327
Pedestrian 0 0 2.5864 1077.3102 140.2009 1203.1576 323.0827 1.8149 0.5863 0.8627 5.4837 1.4145 7.3993 -3.059 0.5077 0.4236 0.3209
Pedestrian 0 0 1.7809 616.0637 167.9038 646.7456 239.8661 1.7718 0.6262 0.8856 0.7295 1.4274 18.3439 1.8206 0.5067 0.0504 0.0
Cyclist 0 0 -1.4726 618.9498 168.7713 649.786 238.8558 1.6888 0.5361 1.8125 0.8026 1.3756 18.3778 -1.4289 0.5031 0.1649 0.0
Pedestrian 0 0 2.151 703.4989 155.8962 781.482 329.2362 1.7545 0.5886 0.8468 1.4753 1.4955 7.7565 2.339 0.4648 0.2624 0.434
Cyclist 0 0 1.9405 343.7298 166.9472 408.6434 275.3709 1.684 0.5695 1.7702 -3.7386 1.461 11.9252 1.6367 0.4455 0.0777 0.0
Car 0 0 1.613 524.7138 167.0808 567.1124 207.7216 1.7534 1.7511 4.2432 -2.5189 1.1018 33.1567 1.5372 0.4424 0.0334 0.6786
Pedestrian 0 0 2.4918 683.4738 178.436 713.6864 228.9501 1.6201 0.5815 0.7343 3.1674 1.518 23.621 2.6251 0.4366 0.0187 0.0
Pedestrian 0 0 1.8969 718.7549 162.632 766.9087 278.2222 1.6657 0.5632 0.6344 2.1005 1.4007 10.8475 2.0882 0.4226 0.027 0.0
Pedestrian 0 0 -2.2392 878.6053 159.1378 919.0285 237.9718 1.8371 0.6143 0.7677 7.108 1.3193 17.2707 -1.8488 0.4166 0.125 0.0
Car 0 0 1.7001 447.2923 161.7133 506.2956 212.5432 1.7313 1.6887 4.0547 -4.5208 1.0257 26.3728 1.5303 0.385 0.125 0.032
Cyclist 0 0 1.7443 327.2772 172.693 372.3943 260.48 1.6122 0.5256 1.5619 -4.878 1.4516 13.8506 1.4056 0.3834 0.125 0.0
Pedestrian 0 0 1.8346 722.1252 169.4836 778.6646 314.1254 1.5705 0.5723 0.6522 1.6554 1.4464 8.1862 2.0342 0.3727 0.125 0.3757
Cyclist 0 0 2.0676 328.3387 169.727 400.3581 281.6599 1.6873 0.5673 1.728 -3.8102 1.5015 11.5417 1.7488 0.3346 0.125 0.0
Pedestrian 0 0 1.9872 314.7747 167.4087 375.2996 280.826 1.6639 0.6131 0.7729 -3.9817 1.4654 11.1216 1.6434 0.3139 0.125 0.0
Cyclist 0 0 2.3828 1068.7756 138.9887 1196.4845 312.9775 1.8443 0.5477 1.8139 6.0837 1.3999 8.3187 3.0142 0.2831 0.125 0.0