Car 0 0 -1.8986 768.4684 179.2081 938.6963 285.2988 1.4988 1.5608 3.5839 3.9061 1.6229 12.3708 -1.5927 0.8957 0.8774 0.7143
Car 0 0 -2.0894 860.1225 197.2096 1276.0287 378.934 1.3957 1.5816 3.949 3.7767 1.6699 6.806 -1.5828 0.8365 0.8828 0.7747
Car 0 0 1.7638 436.8504 184.451 513.3104 237.0094 1.4758 1.5963 3.7315 -4.1878 1.8623 22.6794 1.5812 0.8313 0.7325 0.831
Car 0 0 -1.7847 733.6339 180.0446 831.3722 250.1174 1.5085 1.5871 3.7011 4.0884 1.704 17.7725 -1.5586 0.8309 0.7704 0.8874
Car 0 0 -1.7387 709.9556 178.9132 776.0914 230.2647 1.5298 1.5406 3.5767 4.2332 1.7354 23.6502 -1.5616 0.7299 0.6861 0.7437
Car 0 0 1.7094 480.2088 182.3881 536.3114 223.5372 1.5035 1.6479 3.8847 -4.098 1.912 29.2835 1.5704 0.6397 0.7226 0.5526
Car 0 0 -1.7101 692.039 177.1262 747.7032 219.4367 1.564 1.6113 3.9518 4.307 1.7561 29.1761 -1.5636 0.6025 0.6794 0.6903
Car 0 0 1.6773 509.3356 181.559 553.3571 214.9358 1.5244 1.696 4.0435 -3.8784 1.9752 35.6878 1.569 0.4557 0.148 0.3419
Car 0 0 -1.7053 685.0546 175.1866 735.2058 213.5432 1.6101 1.6354 3.8617 4.4162 1.7357 32.691 -1.571 0.4157 0.0538 0.0
Car 0 0 -2.278 934.3539 176.4147 1008.0941 206.6883 1.5532 1.6345 3.751 19.131 1.7396 38.4324 -1.8161 0.4099 0.125 0.0
Car 0 0 1.7649 555.4096 177.885 590.4766 201.7848 1.5086 1.5971 4.0992 -2.4833 1.8593 48.5498 1.7138 0.4037 0.382 0.3362