Car 0 0 -1.9215 764.2952 185.7804 1010.7615 354.6658 1.528 1.5691 3.6873 2.9277 1.7052 8.5947 -1.5932 0.9082 0.8942 0.9034
Car 0 0 -1.7337 675.7589 181.7176 749.3016 238.2719 1.4396 1.5782 3.6931 2.7921 1.7124 20.7186 -1.5998 0.838 0.8245 0.9427
Car 0 0 0.4616 280.0426 177.8315 453.8002 235.0868 1.4948 1.6395 4.2068 -6.6561 1.6289 19.715 0.136 0.7632 0.5803 0.462
Car 0 0 -2.6931 37.6871 168.2238 359.1799 283.1228 1.6295 1.6645 4.0971 -6.2088 1.5568 11.1777 3.083 0.7059 0.6089 0.5214
Car 0 0 -1.6863 647.8682 175.5736 695.4262 216.1613 1.5846 1.5942 3.549 2.4874 1.7025 30.2958 -1.6044 0.6121 0.6703 0.3859
Car 0 0 -2.8243 349.9706 168.7382 495.8487 225.4162 1.7563 1.7294 4.1421 -5.9849 1.6294 23.2607 -3.0761 0.56 0.5244 0.2935
Car 0 0 -2.7716 481.6548 174.0404 551.7434 201.7721 1.5519 1.6316 3.7323 -5.4681 1.6172 41.9866 -2.9011 0.3693 0.125 0.0
Car 0 0 -2.9619 423.7292 177.3625 519.2433 213.4205 1.5079 1.607 3.8806 -5.9799 1.7059 31.1528 3.1316 0.3648 0.129 0.3671
Car 0 0 -3.1387 464.9695 177.202 543.0534 205.3642 1.5071 1.6237 3.9288 -5.823 1.7504 39.8996 2.9996 0.3573 0.125 0.0
Car 0 0 -1.6469 637.333 175.1516 664.0554 202.2394 1.6236 1.6231 3.7321 2.494 1.7836 45.7064 -1.5923 0.3088 0.0083 0.0
Car 0 0 -2.3456 908.9238 198.3834 1241.0 382.7831 1.512 1.5952 3.9078 2.771 1.63 3.0093 -1.6014 0.2699 3.0 0.6003
Car 0 0 -2.0569 1.0 153.7341 194.4443 377.4805 1.7186 1.7227 4.1024 -5.8972 1.5888 5.9597 -2.8371 0.269 0.0262 0.2948