Pedestrian 0 0 -2.4453 432.1993 165.2037 493.6376 269.1141 1.7693 0.5895 0.986 -2.4907 1.4835 12.7135 -2.6388 0.7919 0.6079 0.5905
Pedestrian 0 0 2.0309 989.7364 152.1177 1039.5552 260.8388 1.7371 0.563 0.6969 6.7751 1.2687 11.8535 2.5502 0.6311 0.3058 0.1486
Pedestrian 0 0 -1.5498 772.3804 156.3923 852.0152 348.1355 1.6662 0.5619 0.8466 1.8905 1.4467 6.6552 -1.273 0.6268 0.5196 0.2959
Pedestrian 0 0 2.5076 1102.2062 143.8192 1195.2824 277.6688 1.8076 0.5727 0.7865 7.5587 1.3091 10.0126 -3.1289 0.5996 0.2218 0.0097
Pedestrian 0 0 -1.5523 862.7576 170.9417 943.3568 350.2968 1.6241 0.6071 0.7896 2.8432 1.5192 6.9006 -1.1614 0.5966 0.4428 0.352
Pedestrian 0 0 -2.6757 682.3508 168.7143 724.7411 244.4589 1.7758 0.5909 0.8139 2.4335 1.4866 17.3914 -2.5366 0.5082 0.0153 0.0529
Pedestrian 0 0 -2.6432 106.6815 169.7863 196.911 341.9684 1.6772 0.5743 0.7149 -4.6196 1.5545 7.3557 3.0792 0.4376 0.2893 0.3105
Cyclist 0 0 -2.8417 679.03 168.5247 727.4446 239.8739 1.6999 0.5705 1.9518 2.505 1.389 17.937 -2.7029 0.4121 0.125 0.0
Car 0 0 -1.6119 489.5356 166.4392 532.421 210.1376 1.7963 1.7195 4.2011 -4.0253 1.158 31.9153 -1.7374 0.3822 0.125 0.0
Cyclist 0 0 2.5152 0.0 174.6216 145.7019 369.1224 1.625 0.5568 1.7484 -4.9333 1.5751 6.4141 1.8595 0.3799 0.0187 0.0
Car 0 0 1.5696 547.1018 170.3376 575.7852 196.5198 1.5728 1.6422 3.913 -2.5188 0.8783 45.5391 1.5143 0.3648 0.0341 0.1592
Pedestrian 0 0 -3.0764 913.6985 165.8462 972.6764 274.9816 1.6715 0.5491 0.6372 5.3898 1.4356 11.4286 -2.6357 0.3451 0.0344 0.0
Pedestrian 0 0 -3.1231 907.6511 162.489 961.5075 278.5418 1.7174 0.5726 0.6522 5.0947 1.4264 11.0674 -2.6916 0.2772 0.125 0.2606
Pedestrian 0 0 2.3935 425.1234 167.5604 476.2196 272.4257 1.764 0.583 0.7215 -2.7022 1.5281 12.7139 2.1841 0.2686 0.125 0.3732
Pedestrian 0 0 -1.8127 462.7006 173.1013 495.5988 242.7855 1.7038 0.6761 0.8784 -3.1598 1.5039 18.3064 -1.9836 0.2558 0.125 0.2757