Car 0 0 -2.0045 626.3476 204.0768 889.3826 370.606 1.4612 1.581 3.8726 1.3934 1.8897 8.7966 -1.8474 0.8562 0.8527 0.7435
Car 0 0 -1.8364 563.2397 203.7526 696.391 298.1276 1.4147 1.5473 3.5413 0.1593 2.0301 13.3708 -1.8245 0.8463 0.754 0.877
Car 0 0 1.7349 171.9253 214.4345 306.7417 310.3838 1.4058 1.6404 3.8128 -6.9869 2.2922 13.8689 1.2682 0.8306 0.8391 0.7004
Car 0 0 -1.7587 507.0786 192.9943 600.5717 269.2322 1.5265 1.5702 3.4923 -1.4803 2.0272 16.7967 -1.8466 0.8168 0.79 0.2388
Car 0 0 1.9259 0.0 220.4251 259.888 383.0 1.4176 1.5981 3.3577 -4.9922 1.967 7.3416 1.3287 0.7338 0.6888 0.4873
Car 0 0 1.6964 276.097 195.7483 356.8627 259.1482 1.6201 1.7021 3.9612 -8.6915 2.3472 21.5827 1.3136 0.7038 0.8048 0.0282
Car 0 0 -2.195 818.4239 193.5499 1267.6011 370.0199 1.521 1.5666 3.8673 2.183 1.6881 3.8245 -1.6763 0.5682 7.0 0.439
Car 0 0 -1.6432 468.4564 198.3433 512.8934 237.6867 1.4162 1.5047 3.4632 -4.9996 2.5231 29.8056 -1.8094 0.4666 0.6354 0.5105
Car 0 0 -1.7273 482.2053 195.1178 550.0117 250.621 1.4959 1.6001 3.6453 -3.026 2.2225 22.2064 -1.8627 0.455 0.0108 0.0
Car 0 0 1.6983 342.7441 201.0047 378.037 226.8367 1.375 1.7158 3.9041 -15.4897 3.2117 44.8878 1.366 0.3178 0.013 0.4705
Car 0 0 -2.1617 783.541 208.503 1189.0631 363.9671 1.4149 1.5577 3.5103 2.2698 1.6517 4.0907 -1.6551 0.2977 1.0 0.5747
Car 0 0 -1.6615 453.3281 198.726 485.6916 226.3698 1.4156 1.5019 3.5609 -8.1095 2.9301 41.2727 -1.8555 0.2601 0.125 0.0