Pedestrian 0 0 1.8954 399.4232 168.2336 444.0502 271.6094 1.6706 0.6238 0.6222 -3.0258 1.4555 11.979 1.648 0.8359 0.5979 0.0003
Car 0 0 1.6662 553.7422 177.8482 599.4258 213.5202 1.4836 1.6829 4.2255 -1.095 1.3493 33.0913 1.6331 0.7363 0.744 0.6004
Pedestrian 0 0 1.718 328.3554 165.3837 370.8505 275.5494 1.6705 0.5726 0.5396 -4.0296 1.4274 11.3844 1.3778 0.7311 0.0032 0.0
Pedestrian 0 0 1.1617 862.1592 166.7697 912.6789 266.0657 1.688 0.6055 0.7262 4.988 1.4347 12.6486 1.5373 0.7056 0.4598 0.1092
Pedestrian 0 0 0.9688 827.5806 167.4946 875.321 265.2266 1.7258 0.5895 0.7554 4.519 1.4783 13.1286 1.3003 0.6726 0.407 0.1152
Pedestrian 0 0 -1.5451 711.783 172.1349 766.5292 295.129 1.5993 0.5918 0.6919 1.8328 1.4794 9.8086 -1.3604 0.6234 0.5434 0.3119
Pedestrian 0 0 -1.3343 722.4294 160.692 778.7302 300.0982 1.6967 0.6175 0.8358 1.9024 1.4452 9.3707 -1.134 0.5876 0.125 0.0706
Pedestrian 0 0 -1.6274 641.0594 166.0545 669.223 240.767 1.756 0.6091 0.8389 1.273 1.3894 17.5296 -1.5549 0.5792 0.4117 0.0
Pedestrian 0 0 -2.559 681.6621 174.5469 725.5712 266.4773 1.6224 0.5661 0.6802 1.813 1.4907 13.0668 -2.4211 0.554 0.5136 0.0247
Cyclist 0 0 2.8553 297.1256 170.4771 393.4578 270.5051 1.5624 0.5674 1.6981 -4.1769 1.3949 11.6823 2.512 0.5482 0.0526 0.0
Pedestrian 0 0 1.9683 319.7948 170.4714 378.5351 278.974 1.6242 0.6174 0.7072 -4.0262 1.4612 11.4161 1.6293 0.5461 0.0197 0.0
Pedestrian 0 0 -1.5822 762.9942 166.7273 803.8588 257.1857 1.7076 0.6218 0.8745 3.5198 1.4241 14.0897 -1.3374 0.5291 0.3452 0.1848
Pedestrian 0 0 -1.2838 777.5461 166.114 810.6446 240.2137 1.7155 0.6508 0.8278 4.592 1.3553 17.2378 -1.0235 0.4811 0.0801 0.0642
Pedestrian 0 0 -1.8861 782.4817 163.4916 816.7871 237.0721 1.6813 0.6186 0.7505 4.5772 1.2713 16.7682 -1.6196 0.4706 0.125 0.0
Pedestrian 0 0 1.6494 657.6492 174.2067 684.8572 240.9812 1.6844 0.6058 0.7279 1.7921 1.5017 18.8699 1.7441 0.4286 0.0 0.1333
Pedestrian 0 0 -1.7363 705.0202 171.8857 749.7926 269.1828 1.6188 0.6255 0.8163 2.1413 1.4695 12.5259 -1.567 0.3616 0.0541 0.5026
Pedestrian 0 0 -2.0236 738.0066 164.2691 779.3774 267.5628 1.7096 0.5785 0.7259 2.6648 1.4197 12.3491 -1.8111 0.3205 0.125 0.1449
Cyclist 0 0 -1.6708 638.5912 166.411 670.8468 240.8177 1.7586 0.5727 1.8909 1.2875 1.3984 17.7791 -1.5985 0.3182 0.0483 0.0