Car 0 0 -1.7459 699.1216 185.7119 804.0824 263.8614 1.3819 1.5892 3.7913 2.8375 1.6997 15.4668 -1.5644 0.8444 0.8198 0.8261
Car 0 0 -0.4317 740.6955 177.7643 920.2607 240.945 1.5381 1.6789 4.0868 5.7894 1.6722 19.218 -0.1391 0.6458 0.3722 0.0811
Car 0 0 0.6502 198.0065 176.364 429.6232 271.6316 1.5773 1.6239 3.772 -5.4092 1.6506 13.1979 0.2613 0.5632 0.1258 0.6295
Car 0 0 -2.9594 368.4111 180.5809 487.2108 227.435 1.5177 1.5974 3.6586 -6.217 1.7893 24.614 3.0764 0.5409 0.1664 0.2935
Car 0 0 -2.8618 273.3567 181.3087 467.4469 245.9276 1.4483 1.6328 4.0437 -5.7254 1.655 17.2622 3.1012 0.5009 0.1084 0.3356
Car 0 0 -2.8955 390.6773 177.0594 504.2621 223.1958 1.6969 1.6464 3.9643 -6.2343 1.8627 27.7196 -3.1167 0.4949 0.0736 0.0
Car 0 0 -2.5052 1.0 194.8528 251.8064 345.6194 1.4435 1.6223 3.9631 -7.157 1.7492 8.2085 3.0609 0.4426 0.5887 0.7267
Car 0 0 -1.5656 636.5578 178.8756 664.9751 204.4027 1.4659 1.5805 3.8178 2.4814 1.8595 44.7703 -1.5102 0.4091 0.4123 0.0
Car 0 0 0.6376 232.9366 178.2074 444.9318 259.3928 1.5547 1.6263 3.9098 -5.7482 1.6843 15.2761 0.2777 0.4066 0.0394 0.5249
Car 0 0 -3.0293 443.7362 179.4979 541.0794 211.747 1.4994 1.6831 4.1857 -5.6166 1.8181 34.5041 3.0925 0.373 0.0267 0.0
Car 0 0 -2.7739 143.2926 188.0259 419.6195 280.5656 1.4567 1.6406 3.9231 -5.6867 1.7618 12.8171 3.0917 0.3257 0.0253 0.5964
Car 0 0 -2.4911 319.3331 179.8467 458.3248 240.506 1.4479 1.5126 3.4848 -5.8094 1.6398 18.7711 -2.7912 0.3248 0.0117 0.245
Car 0 0 0.5536 93.9574 181.244 357.5828 294.5432 1.4991 1.5427 3.5559 -5.7721 1.6451 10.8228 0.0637 0.3075 0.125 0.7416
Car 0 0 -2.8567 336.0384 182.4461 473.7348 235.2021 1.477 1.6231 3.7516 -5.9327 1.7546 21.1182 -3.1306 0.259 0.125 0.2722
Car 0 0 -0.1676 695.8006 176.6473 763.1742 209.955 1.6211 1.6322 3.6032 6.1504 1.8332 37.5574 -0.0052 0.2565 0.125 0.0382