Car 0 0 2.0134 150.1864 198.8991 342.7316 302.9444 1.4651 1.5436 3.6278 -6.2807 1.989 12.8456 1.5586 0.8937 0.7822 0.7196
Car 0 0 -1.7095 684.5473 180.6965 762.8756 243.0882 1.4595 1.5907 3.5033 2.8696 1.688 19.1255 -1.5605 0.8402 0.8701 0.7477
Car 0 0 2.6993 811.7417 163.6362 965.4124 216.1105 1.6322 1.6715 4.2765 8.9403 1.3495 23.6238 3.0611 0.6673 0.3222 0.0
Car 0 0 1.8075 457.279 184.1725 508.8783 217.5404 1.5243 1.6424 3.9221 -6.3203 2.1159 36.0564 1.634 0.6396 0.6833 0.3838
Car 0 0 -1.3318 371.122 182.4935 463.069 240.5406 1.6074 1.6886 4.5291 -6.0386 1.9368 22.9574 -1.589 0.6303 0.6749 0.6275
Car 0 0 2.6309 971.051 156.2029 1256.7456 259.642 1.5526 1.7456 4.4542 8.0806 1.2946 11.9646 -3.0582 0.5356 0.2351 0.7694
Car 0 0 2.4365 900.9541 151.4007 1104.8598 237.4071 1.7042 1.6015 3.7857 8.2784 1.2662 15.3833 2.9302 0.3799 0.0679 0.5836
Car 0 0 -1.6558 637.5415 177.4716 667.2795 199.6884 1.4265 1.5641 3.5933 2.8293 1.7606 49.2568 -1.5984 0.3448 0.125 0.0
Car 0 0 0.0424 847.6104 162.2115 1018.8666 222.2454 1.5347 1.6127 3.8353 8.421 1.2716 19.1736 0.4562 0.3202 0.125 0.0039
Car 0 0 2.5011 1.0 211.7804 217.8868 368.2162 1.4122 1.6317 4.1422 -3.7734 1.7382 2.394 1.4956 0.2779 3.0 0.646
Car 0 0 1.7856 479.7783 184.4417 520.7785 211.2589 1.4751 1.6136 4.0243 -6.5269 2.1924 42.9712 1.6349 0.2629 0.125 0.0