Car 0 0 -1.7835 675.4208 173.5138 788.8876 260.109 1.6632 1.6343 4.05 2.504 1.683 15.9886 -1.6281 0.8291 0.7927 0.5097
Car 0 0 -2.5899 50.8757 182.9555 340.9946 290.0115 1.5066 1.6414 3.7543 -6.5517 1.6811 11.4638 -3.1091 0.7839 0.6893 0.8427
Car 0 0 -1.6986 653.1646 179.4681 706.3398 222.6317 1.4856 1.5524 3.527 2.4942 1.7564 27.2415 -1.6073 0.6612 0.5955 0.612
Car 0 0 -2.7538 190.7996 183.4067 415.327 262.6474 1.4575 1.6075 3.7862 -6.1121 1.686 14.5216 3.131 0.6545 0.4295 0.3891
Car 0 0 -2.9423 340.1152 173.7786 489.3144 229.6154 1.5819 1.6666 4.0882 -5.8345 1.6133 21.624 3.0774 0.5572 0.3957 0.3548
Car 0 0 -1.6499 639.7986 178.0029 675.4807 207.8134 1.4656 1.5654 3.6944 2.4037 1.7419 37.5961 -1.5861 0.5408 0.2804 0.2291
Car 0 0 -1.6959 664.3978 179.1835 726.924 230.7265 1.4615 1.5322 3.3914 2.5425 1.6643 22.4126 -1.583 0.5147 0.3157 0.7156
Car 0 0 -2.7186 276.1335 177.4211 456.7992 242.9155 1.5398 1.6749 4.1777 -6.1793 1.6678 18.3608 -3.0433 0.4923 0.235 0.0
Car 0 0 1.4921 635.5661 179.6099 670.1867 206.663 1.4183 1.5417 3.7421 2.3469 1.814 40.5338 1.5499 0.4282 0.0144 0.6274
Car 0 0 -1.6154 627.6646 175.6987 654.4614 200.694 1.5933 1.6545 3.9461 2.0074 1.798 48.5327 -1.5741 0.428 0.0141 0.0
Car 0 0 -2.9506 454.139 171.1544 539.0931 203.5256 1.664 1.6746 3.8989 -5.9798 1.5863 38.065 -3.1064 0.4087 0.1257 0.0
Car 0 0 -2.6489 377.2486 172.2132 495.2278 221.9988 1.6731 1.6468 3.9014 -6.2078 1.6599 25.7037 -2.8859 0.4054 0.0555 0.5307
Car 0 0 -2.868 439.4104 176.2917 528.9202 208.0451 1.5268 1.6462 3.9612 -6.2278 1.6899 35.733 -3.0405 0.4052 0.1247 0.0
Car 0 0 -2.4337 401.6104 173.1625 506.2264 214.0628 1.5808 1.6724 4.0415 -6.4963 1.607 29.6221 -2.6496 0.3888 0.1104 0.2782
Car 0 0 -2.783 307.358 173.8928 463.5618 236.5692 1.681 1.6552 3.88 -6.3798 1.7249 20.6611 -3.0825 0.3869 0.0006 0.459
Car 0 0 -1.6887 670.519 179.0511 744.1283 242.2397 1.5004 1.6032 3.6968 2.4768 1.6815 19.2914 -1.561 0.3692 0.125 0.2003
Car 0 0 -2.8098 244.0138 182.4714 429.7098 253.6232 1.4964 1.5767 3.6331 -6.184 1.7272 16.4447 3.1137 0.3641 0.0833 0.682
Car 0 0 0.3053 129.2663 183.9103 378.271 270.311 1.481 1.5566 3.6064 -6.6261 1.6992 13.6107 -0.1477 0.2889 0.0168 0.5662
Car 0 0 2.0877 26.1722 190.5345 185.1484 286.0598 1.5153 1.56 3.249 -9.5185 1.8859 13.6369 1.4783 0.2571 0.125 0.0001