Car 0 0 -1.6971 631.9477 179.63 692.2346 226.8272 1.4495 1.602 3.7801 1.6392 1.6943 24.4443 -1.6301 0.7735 0.8298 0.5805
Car 0 0 -0.5057 844.3787 193.2706 1209.1221 316.0236 1.3872 1.6735 4.1824 5.3834 1.6894 9.5531 0.0075 0.6701 0.7176 0.7581
Cyclist 0 0 1.3571 421.9772 177.2236 466.3874 266.8929 1.6162 0.53 1.5866 -3.21 1.7093 13.7609 1.1279 0.6655 0.4793 0.2473
Car 0 0 -0.7631 811.5851 163.7347 1091.3994 296.4703 1.7889 1.6129 3.7998 5.1451 1.6838 11.1928 -0.3322 0.5709 0.1955 0.2766
Car 0 0 -2.6735 237.2252 182.4528 431.0696 246.3366 1.4627 1.6516 4.4282 -6.8959 1.7156 18.0802 -3.0379 0.5617 0.1639 0.0965
Car 0 0 2.4576 941.1142 183.4084 1253.8988 368.5428 1.5268 1.6481 4.2983 5.6241 1.6618 6.8453 -3.1378 0.5024 0.6653 0.8276
Car 0 0 -1.6717 614.1936 176.3074 652.5286 206.7923 1.5209 1.6153 3.8678 1.1341 1.7074 38.2773 -1.6421 0.468 0.6238 0.2295
Car 0 0 2.0421 378.3044 180.0015 466.3275 231.507 1.517 1.4848 3.336 -6.043 1.7565 23.3996 1.7893 0.4533 0.125 0.1539
Car 0 0 -0.5295 853.7756 164.5871 1075.2142 273.6849 1.9597 1.7526 4.0246 6.7478 1.8176 14.1288 -0.0839 0.386 0.125 0.0
Car 0 0 -2.6975 431.7185 178.9311 506.1533 207.3487 1.4848 1.5765 3.6834 -7.7116 1.8189 39.2951 -2.8913 0.3714 0.028 0.0
Car 0 0 -2.78 249.9765 184.8332 403.6116 235.24 1.4217 1.635 4.1914 -8.5218 1.7886 21.7464 3.1297 0.37 0.125 0.3441
Car 0 0 0.9381 313.7309 181.8013 451.271 238.3365 1.4418 1.5545 3.9098 -6.5001 1.7015 20.2964 0.6282 0.3644 0.0263 0.2038
Car 0 0 -1.883 808.7827 168.4353 966.2572 286.1432 1.6652 1.5806 3.6494 4.3826 1.6191 11.9927 -1.5327 0.3234 0.0127 0.2358
Car 0 0 0.6987 1.0 147.2315 282.6122 353.8796 1.784 1.692 4.6632 -6.2265 1.5647 7.0588 -0.0241 0.3182 0.125 0.1268
Car 0 0 0.8519 25.0 153.3257 257.9916 326.2057 1.6115 1.6488 3.8341 -6.3692 1.4405 7.7816 0.1659 0.2993 0.125 0.3433
Car 0 0 0.6897 350.6023 183.0232 467.7877 227.9062 1.3833 1.5749 4.101 -6.9479 1.749 24.7731 0.4163 0.2659 0.0294 0.0
Car 0 0 -2.4388 412.0406 180.9224 486.1436 213.4074 1.4105 1.5171 3.4942 -7.5079 1.7992 33.4645 -2.6595 0.2657 0.033 0.0
Car 0 0 -3.0843 460.0726 176.5575 523.8906 199.0405 1.5018 1.6334 3.9657 -8.079 1.7615 49.4321 3.0369 0.2511 0.125 0.0