Car 0 0 -1.8825 725.7572 161.243 959.9603 328.3188 1.7294 1.7077 4.3588 2.7026 1.6015 9.6353 -1.609 0.8776 0.8515 0.8069
Car 0 0 -1.78 694.9662 179.7043 800.0382 261.0339 1.4643 1.5462 3.499 2.7091 1.6282 15.1762 -1.6033 0.8375 0.7681 0.7883
Car 0 0 -1.7236 674.7124 176.0528 747.8944 235.368 1.5234 1.5787 3.478 2.7241 1.6214 20.4383 -1.5911 0.8199 0.8445 0.7296
Car 0 0 -1.6821 648.9706 175.2146 690.1154 210.1105 1.4889 1.4919 3.4317 2.6232 1.6051 32.8882 -1.6025 0.6916 0.7989 0.8504
Car 0 0 -2.852 274.4948 168.0976 448.5503 242.2035 1.6952 1.6178 3.5054 -5.9273 1.5827 17.2883 3.1009 0.6051 0.125 0.2352
Car 0 0 -2.6343 0.0 188.5682 329.8251 331.5302 1.4171 1.6352 4.3666 -6.0183 1.6297 8.3818 3.0261 0.5792 0.4298 0.1498
Car 0 0 -2.8875 227.141 177.2617 436.7672 250.0698 1.4971 1.6252 3.755 -6.0285 1.5965 15.7822 3.0308 0.5462 0.125 0.3008
Car 0 0 -2.7598 156.4928 170.4725 401.0881 267.2346 1.8172 1.7223 3.9824 -6.6614 1.7716 14.6671 3.0971 0.5414 0.5349 0.4349
Car 0 0 -2.7553 348.3534 172.6303 481.4096 221.8363 1.5513 1.6635 4.1127 -6.4411 1.5462 23.9087 -3.0185 0.5243 0.0564 0.511
Car 0 0 -2.6225 78.0188 183.4401 345.9066 281.855 1.4994 1.581 3.6615 -6.7148 1.6876 12.2285 -3.1247 0.4644 0.3902 0.6471
Car 0 0 -1.6364 637.0266 172.4438 669.7912 201.9361 1.6053 1.6085 3.8076 2.4073 1.5931 41.6126 -1.5786 0.4565 0.0747 0.0
Car 0 0 -2.8355 434.6352 166.7926 527.3682 203.8843 1.674 1.7191 4.016 -6.0701 1.4002 33.6772 -3.0138 0.4478 0.2515 0.0
Car 0 0 0.1963 408.6156 174.4006 502.427 210.5896 1.4692 1.5848 3.6671 -6.338 1.5202 29.6254 -0.0144 0.4461 0.2391 0.0084
Car 0 0 -1.6344 633.4996 170.8274 664.7442 199.2659 1.6022 1.6208 3.8023 2.2587 1.4946 42.7472 -1.5816 0.3576 0.069 0.0
Car 0 0 0.6237 1.0 172.0326 251.6828 356.4976 1.529 1.6409 4.4378 -6.0431 1.5786 6.7841 -0.104 0.348 0.0322 0.556
Car 0 0 0.3484 392.8583 174.956 510.7878 216.1752 1.4792 1.6266 3.7297 -6.0111 1.5648 27.396 0.1324 0.3037 0.125 0.0