Car 0 0 -1.7758 689.5771 174.1406 809.0412 270.0448 1.5805 1.5773 3.5746 2.4548 1.612 13.7496 -1.5992 0.8627 0.8846 0.5196
Car 0 0 -1.7726 667.5248 180.41 751.0374 240.3205 1.4523 1.5868 3.8256 2.589 1.683 19.9455 -1.6436 0.8249 0.7551 0.6364
Car 0 0 -2.7622 170.3204 184.5271 412.6576 269.4554 1.5085 1.6371 4.0543 -6.2231 1.752 14.2032 3.108 0.8108 0.5259 0.4632
Car 0 0 -1.7121 647.4261 173.7804 702.7154 220.0434 1.6519 1.6163 3.7306 2.3885 1.6915 27.8518 -1.6266 0.7147 0.7497 0.2533
Car 0 0 -1.676 636.7096 176.2045 669.9433 203.8998 1.5433 1.5751 3.6389 2.4686 1.7471 42.463 -1.6179 0.4072 0.2097 0.4991
Car 0 0 -2.7369 88.7737 194.2069 368.6631 291.3609 1.4226 1.5976 3.7113 -6.2572 1.8318 12.1229 3.0698 0.4063 0.125 0.7054
Car 0 0 0.5717 124.8363 187.6296 365.5987 276.2742 1.4288 1.6563 3.8398 -6.4628 1.6923 12.8118 0.1045 0.3908 0.125 0.3242
Car 0 0 -1.5809 637.1494 177.4176 662.8253 201.7211 1.5566 1.6066 3.5247 2.5853 1.8569 47.357 -1.5264 0.356 0.125 0.0
Car 0 0 -2.2776 894.6223 203.2684 1241.9625 382.2076 1.4524 1.5912 3.7926 2.6797 1.6459 3.4835 -1.6219 0.3484 13.0 0.7833
Car 0 0 3.1042 443.8638 176.4815 533.6399 209.42 1.5025 1.6394 4.1136 -5.7072 1.6679 33.9123 2.9375 0.3365 0.0267 0.2341
Car 0 0 3.0878 405.6768 173.9708 513.0854 219.8257 1.6563 1.6704 4.078 -5.7333 1.7131 27.626 2.8832 0.3343 0.0416 0.0
Car 0 0 -2.4551 1.0 152.198 278.3385 360.4924 1.7081 1.6128 3.9488 -5.9215 1.5588 6.5632 3.094 0.3125 0.0645 0.4298