Pedestrian 0 0 0.7442 767.7599 159.9142 858.2185 339.2785 1.6168 0.545 0.6894 1.9399 1.4359 6.8097 1.0217 0.8035 0.6575 0.5109
Pedestrian 0 0 0.8367 695.5082 163.8692 792.7831 343.6297 1.5934 0.5656 0.6789 1.2692 1.4549 6.7294 1.0231 0.6763 0.4477 0.4996
Pedestrian 0 0 1.4811 630.1958 148.0651 658.0946 215.6693 1.5988 0.5412 0.5732 0.8939 0.8245 17.0928 1.5333 0.6441 0.125 0.0105
Pedestrian 0 0 1.3451 624.3468 145.2121 655.2446 217.526 1.6848 0.5803 0.6585 0.7856 0.8599 16.8573 1.3917 0.6259 0.174 0.179
Pedestrian 0 0 0.8538 534.1999 136.416 585.6101 244.1594 1.732 0.5658 0.649 -0.8023 1.0144 11.7907 0.7859 0.5925 0.2542 0.1179
Pedestrian 0 0 1.0207 507.574 136.502 565.1125 249.0812 1.8585 0.6257 0.7634 -1.2283 1.1286 12.0753 0.9193 0.5881 0.1095 0.5943
Pedestrian 0 0 0.9678 583.6029 138.7825 632.5246 240.4848 1.7636 0.5885 0.7718 0.0041 1.0456 12.7438 0.9682 0.5539 0.2446 0.626
Pedestrian 0 0 2.0991 473.8083 142.3985 500.6786 203.4357 1.7216 0.568 0.6582 -3.4316 0.6447 20.4138 1.9325 0.5519 0.1931 0.3768
Pedestrian 0 0 0.623 577.2408 141.2461 623.3271 238.0905 1.6555 0.5748 0.6635 -0.1378 0.9739 12.5071 0.612 0.5223 0.125 0.4412
Pedestrian 0 0 1.1794 569.8454 138.9641 613.8032 232.32 1.7775 0.6255 0.757 -0.3169 0.985 13.958 1.1567 0.5041 0.2694 0.4997
Pedestrian 0 0 1.2318 596.7166 144.7947 635.6316 242.7099 1.6501 0.5729 0.6439 0.1428 1.0331 12.3996 1.2434 0.4953 0.125 0.3105
Pedestrian 0 0 1.6321 498.8218 141.0058 525.8975 205.2115 1.7753 0.5976 0.6105 -2.6724 0.6704 19.9876 1.4992 0.4656 0.1858 0.0
Pedestrian 0 0 1.2991 458.3325 148.1928 479.2086 204.9679 1.6322 0.5557 0.567 -4.0481 0.6982 20.8237 1.1071 0.3991 0.0125 0.1012
Cyclist 0 0 2.4643 381.276 147.4978 419.7039 198.856 1.7239 0.558 1.6379 -7.1092 0.5987 24.4889 2.1817 0.3113 0.125 0.0
Pedestrian 0 0 1.2029 648.4866 145.3589 670.4483 199.8768 1.6815 0.5715 0.6476 1.6758 0.5843 22.261 1.278 0.3037 0.125 0.0005
Pedestrian 0 0 -1.9202 274.9366 143.6897 323.2294 242.5074 1.8643 0.6581 0.9288 -6.038 1.1742 13.8742 -2.3307 0.2704 0.125 0.0