Car 0 0 1.2043 782.7832 192.7894 993.3947 318.8475 1.4683 1.6498 4.1545 3.9593 1.8298 11.1766 1.5447 0.8489 0.8375 0.7607
Car 0 0 -1.7566 736.5559 189.0052 828.092 259.2014 1.4518 1.5707 3.6643 3.9542 1.8646 17.3417 -1.5325 0.7407 0.7787 0.7546
Car 0 0 1.675 554.0652 179.3107 595.3734 214.2362 1.5585 1.6294 3.91 -1.685 1.8912 34.7245 1.6265 0.6786 0.7821 0.7436
Car 0 0 -1.7437 725.2534 184.5382 791.5885 237.8548 1.5387 1.5716 3.5 4.6191 1.9326 23.065 -1.546 0.6711 0.3953 0.5014
Car 0 0 -1.7246 724.3274 184.3112 805.8244 246.3439 1.4816 1.6053 3.9618 4.0849 1.8219 19.8239 -1.5214 0.6614 0.0108 0.22
Car 0 0 1.7732 401.9916 162.7129 544.0706 287.7563 1.8741 1.6948 4.3424 -2.3103 1.7242 13.0338 1.5978 0.6395 0.7794 0.7593
Car 0 0 -1.717 704.1122 180.4512 760.2924 224.19 1.5344 1.5752 3.9174 4.5313 1.8331 27.437 -1.5534 0.5891 0.631 0.3358
Car 0 0 -1.6955 689.3266 183.3046 731.743 217.6104 1.5265 1.5738 3.7751 4.7407 2.0436 34.8198 -1.5602 0.5007 0.4269 0.3907
Pedestrian 0 0 1.3645 961.6498 184.8467 1121.6907 379.4074 1.5181 0.6587 0.726 2.5421 1.5968 4.3524 1.8931 0.3735 0.2314 0.0
Car 0 0 -1.6366 677.1739 180.1172 710.9524 211.1356 1.5488 1.5833 3.4377 4.3827 1.9474 38.1866 -1.5224 0.3251 0.125 0.0
Car 0 0 1.7314 486.1198 181.821 563.2174 248.0132 1.5399 1.618 4.0509 -2.2084 1.7964 19.2902 1.6174 0.3066 0.125 0.8035
Pedestrian 0 0 1.1319 952.483 172.903 1200.9849 359.6751 1.6062 0.6592 0.6792 2.0524 1.6057 3.5682 1.6539 0.2811 1.0 0.0
Car 0 0 2.4478 1.0 222.0402 290.7432 376.5297 1.5794 1.6451 3.9076 -3.1384 1.8122 2.598 1.5685 0.2668 1.0 0.6093
Car 0 0 -1.653 682.1202 180.6625 720.896 212.6972 1.4719 1.5922 4.033 4.5019 1.8874 36.2563 -1.5294 0.2625 0.125 0.184