Car 0 0 -0.3744 831.5278 192.3579 1046.4546 268.2882 1.4729 1.6486 3.7524 6.7682 1.9025 15.2399 0.0436 0.8236 0.7265 0.5531
Car 0 0 0.4062 264.6428 178.2575 466.1381 249.2183 1.5246 1.6605 3.8729 -5.6073 1.6469 16.3402 0.0757 0.776 0.6976 0.523
Car 0 0 -2.7328 92.8148 181.6009 388.4298 275.3175 1.4631 1.6895 4.2615 -6.2876 1.6322 12.4573 3.0829 0.7546 0.7065 0.4316
Car 0 0 -2.6854 0.0 185.4638 315.583 304.5484 1.4497 1.6631 4.1797 -6.6682 1.6388 9.7527 2.9981 0.7232 0.7557 0.7029
Car 0 0 -0.2018 708.3474 182.6451 822.9146 226.9296 1.5293 1.6228 3.7074 5.6307 1.8983 26.3115 0.0091 0.7056 0.6777 0.432
Car 0 0 -2.927 315.069 173.7381 479.6409 236.7986 1.6895 1.711 4.1221 -5.9478 1.7163 20.3471 3.0718 0.6843 0.4303 0.1059
Car 0 0 -0.3101 794.2227 186.3637 974.6669 257.9498 1.6156 1.659 3.906 6.6971 1.9738 17.9651 0.0468 0.6369 0.5887 0.286
Car 0 0 -1.6361 640.2982 181.9596 674.4054 210.1428 1.416 1.5402 3.8007 2.5106 1.928 39.3261 -1.5724 0.5806 0.6241 0.2473
Car 0 0 2.3574 989.1604 190.1652 1201.0 367.457 1.4855 1.5609 3.8965 5.9225 1.705 7.3009 3.0389 0.4697 0.1417 0.7129
Car 0 0 2.2567 946.8741 195.5993 1260.0301 360.5773 1.444 1.5875 3.7891 6.2484 1.7461 8.1365 2.9116 0.3829 0.0493 0.2732
Car 0 0 0.1274 434.5691 178.9756 525.8717 213.253 1.5241 1.6092 3.7575 -5.9893 1.8109 33.2127 -0.051 0.3609 0.1121 0.0
Car 0 0 -2.8371 341.8621 175.4996 487.0103 228.5959 1.6067 1.7112 4.0715 -6.2468 1.703 23.1545 -3.1007 0.3234 0.125 0.0589
Car 0 0 1.4616 568.4832 177.5909 591.4001 196.5239 1.5168 1.6715 3.8211 -2.5595 1.9333 61.2038 1.4198 0.2835 0.125 0.0