Pedestrian 0 0 2.0696 414.6253 169.7286 460.6073 262.8266 1.6526 0.6234 0.632 -3.0212 1.4443 13.1501 1.8438 0.8464 0.5331 0.0
Car 0 0 1.6562 559.6639 179.3725 602.1468 212.6546 1.4523 1.6446 4.2055 -0.9393 1.375 34.1499 1.6287 0.6894 0.7705 0.534
Pedestrian 0 0 -1.1761 636.9786 166.7733 674.055 240.9635 1.7601 0.647 0.8658 1.3058 1.4048 17.6671 -1.1023 0.6737 0.4049 0.0
Pedestrian 0 0 0.7598 794.616 164.2786 845.2545 252.9462 1.7835 0.6053 0.8325 4.4855 1.4327 14.9135 1.0519 0.6439 0.354 0.2587
Pedestrian 0 0 1.2727 724.5718 163.9289 778.013 286.3188 1.6652 0.6382 0.7975 2.0867 1.4281 10.2692 1.4731 0.6248 0.2754 0.1076
Pedestrian 0 0 -1.6697 755.6444 164.4951 793.9601 251.7823 1.7257 0.6157 0.8814 3.4961 1.3827 14.6631 -1.4356 0.6126 0.3888 0.15
Pedestrian 0 0 1.4242 839.4693 167.9378 879.3706 254.8807 1.7054 0.6211 0.7305 5.1564 1.4366 14.504 1.7657 0.6011 0.1851 0.043
Pedestrian 0 0 1.4573 727.6562 167.1632 766.8019 281.0088 1.6577 0.5461 0.5476 2.1477 1.4525 10.8175 1.6533 0.566 0.003 0.2114
Pedestrian 0 0 1.9518 358.0552 170.931 412.2541 270.8436 1.6736 0.6394 0.7653 -3.8409 1.4968 12.7012 1.6581 0.5337 0.0211 0.0
Pedestrian 0 0 -1.1257 700.9587 172.8708 752.5574 293.0736 1.6333 0.5857 0.7762 1.7609 1.5259 10.3419 -0.957 0.4637 0.4385 0.1774
Pedestrian 0 0 -1.4954 779.0102 163.2166 811.1338 236.1374 1.7795 0.6223 0.8848 4.8329 1.3256 18.0498 -1.2337 0.4633 0.1392 0.2313
Pedestrian 0 0 1.883 679.4952 164.2727 726.037 261.4274 1.7018 0.6093 0.8168 1.7952 1.3968 13.0185 2.02 0.4495 0.0018 0.0
Pedestrian 0 0 -2.0561 681.5124 171.4437 716.979 259.5304 1.5981 0.5604 0.6485 1.7937 1.4224 13.4801 -1.9239 0.3864 0.1623 0.0
Cyclist 0 0 -1.3945 637.775 167.2924 671.3429 240.3274 1.7507 0.5646 1.8763 1.3154 1.407 18.1136 -1.322 0.325 0.125 0.0
Pedestrian 0 0 1.4406 363.7341 172.5426 402.9537 268.3136 1.5599 0.5582 0.6053 -3.7258 1.4139 12.1163 1.1423 0.299 0.0299 0.0
Cyclist 0 0 1.7919 364.5018 176.6034 408.0503 271.5915 1.6137 0.5423 1.4735 -3.8908 1.537 12.8779 1.4985 0.2731 0.125 0.0
Pedestrian 0 0 -1.2111 653.4317 168.8741 688.5933 239.1383 1.7044 0.6142 0.8436 1.7213 1.401 18.1657 -1.1166 0.262 0.125 0.0