Car 0 0 -1.7462 688.2207 181.995 779.6346 250.3033 1.4728 1.6065 3.7944 2.9044 1.7211 17.9488 -1.5857 0.837 0.8196 0.6452
Car 0 0 -0.4268 740.6362 174.3756 889.7775 228.8953 1.5343 1.634 3.869 6.0309 1.5871 21.557 -0.154 0.6693 0.505 0.2043
Car 0 0 -2.8147 323.664 177.7504 474.4255 233.291 1.4361 1.5847 3.7583 -5.8691 1.5845 20.0469 -3.0995 0.601 0.097 0.6334
Car 0 0 -2.8637 373.0372 175.6432 504.1241 224.3043 1.6389 1.6361 4.1091 -5.9224 1.7352 25.0548 -3.0958 0.564 0.1672 0.5919
Car 0 0 0.6286 233.6241 172.6336 462.9188 257.6427 1.6514 1.6704 4.1293 -5.6036 1.6635 15.3513 0.2786 0.5638 0.125 0.5395
Car 0 0 -2.4164 0.0 188.2922 282.8779 306.8953 1.4529 1.6053 3.7738 -6.9869 1.7203 10.5721 -3.0004 0.5341 0.6177 0.5117
Car 0 0 -2.8861 202.1598 182.1829 446.672 262.2764 1.5015 1.6668 4.1151 -5.84 1.7242 15.076 3.0275 0.5164 0.125 0.7175
Car 0 0 -2.8686 398.5101 177.8315 503.4662 217.179 1.557 1.6568 3.9158 -6.5296 1.7707 29.7716 -3.0845 0.5156 0.0489 0.0
Car 0 0 -1.6194 636.794 176.202 663.1558 200.4155 1.5341 1.5783 3.8784 2.6154 1.7726 48.4905 -1.5655 0.4913 0.5019 0.1221
Car 0 0 0.4038 270.4434 176.2438 452.1252 244.9156 1.5273 1.5868 3.8124 -5.9953 1.6248 17.4876 0.0736 0.4828 0.0536 0.6161
Car 0 0 -2.1857 904.4467 168.2284 1236.4034 369.0208 1.5528 1.6187 3.8215 3.0319 1.5679 4.2344 -1.5643 0.398 0.0918 0.6192
Car 0 0 -3.0891 157.44 180.2578 393.1248 274.8336 1.5688 1.543 3.9796 -6.0437 1.721 13.1027 2.7619 0.3451 0.0218 0.5085
Car 0 0 -3.0294 448.1944 176.671 544.6878 207.8769 1.5084 1.6795 4.3097 -5.6151 1.6984 35.7004 3.0977 0.3323 0.0638 0.1024
Car 0 0 -2.7506 365.8658 179.4468 478.9874 223.0716 1.4627 1.6134 3.8659 -6.4955 1.6967 25.1487 -3.0033 0.2608 0.125 0.565
Car 0 0 -3.1117 87.4711 187.5534 356.7587 274.5814 1.4466 1.6549 3.9318 -6.9644 1.7322 13.0626 2.6817 0.2562 0.125 0.3382