Car 0 0 0.5147 151.8872 180.1697 418.4623 264.8173 1.4522 1.6375 4.1506 -6.0294 1.5961 13.4297 0.0927 0.8443 0.8189 0.2341
Car 0 0 -1.708 667.3706 182.6085 739.1884 237.2058 1.4168 1.621 3.8521 2.582 1.7222 21.1416 -1.5865 0.8162 0.8114 0.7049
Car 0 0 -2.8025 271.2112 177.5004 456.4718 250.5341 1.6203 1.6616 3.8527 -5.8246 1.7343 17.2553 -3.128 0.7329 0.0322 0.0
Car 0 0 -1.6543 654.1182 178.2482 696.7084 215.8119 1.5341 1.5964 3.5656 2.7959 1.7937 31.8664 -1.5668 0.6727 0.7517 0.2407
Car 0 0 1.6331 552.8736 176.889 582.855 201.0221 1.456 1.6494 3.7865 -2.6826 1.7258 45.9628 1.5748 0.5681 0.5137 0.4363
Car 0 0 0.2779 392.2035 178.9761 511.5228 220.3248 1.4641 1.6173 3.922 -5.7063 1.6772 26.0527 0.0623 0.4471 0.4158 0.2359
Car 0 0 -1.6204 640.1822 175.6003 666.8196 199.1139 1.4548 1.5642 3.6391 2.7426 1.6317 46.4793 -1.5615 0.3724 0.0106 0.2456
Car 0 0 2.7576 428.8962 176.8428 523.1262 210.0437 1.4162 1.6116 3.9522 -6.0677 1.6073 32.6766 2.574 0.3499 0.078 0.0
Car 0 0 -2.3109 6.4055 198.4352 253.7702 341.6106 1.3559 1.5462 3.9376 -6.5918 1.6966 8.3994 -2.9763 0.3488 0.0236 0.731
Car 0 0 -2.281 1.0 202.5063 178.297 373.1155 1.4176 1.6273 4.0756 -6.4055 1.7135 6.6502 -3.0477 0.348 0.1685 0.4318
Car 0 0 -0.771 1003.5847 184.4309 1241.0 374.0506 1.5025 1.6452 4.1511 5.5771 1.6049 5.9195 -0.0154 0.2962 0.4046 0.7912
Car 0 0 -1.6109 635.928 173.114 662.4312 198.4683 1.6302 1.6118 3.7426 2.5868 1.6591 48.6691 -1.5578 0.273 0.125 0.8168