Car 0 0 -1.8293 699.5026 177.8001 843.3533 277.5975 1.4902 1.6186 4.0302 2.6683 1.5966 13.0323 -1.6273 0.8984 0.9041 0.8527
Car 0 0 0.6582 0.0 171.0159 279.5203 297.1906 1.5875 1.6859 4.2132 -7.104 1.5726 10.1563 0.0479 0.6762 0.5707 0.5206
Car 0 0 0.3583 218.1345 170.5531 426.0532 251.923 1.5916 1.6601 4.2365 -6.134 1.5521 15.3963 -0.0208 0.6246 0.0661 0.2139
Car 0 0 -2.8035 374.9156 172.4223 510.1417 214.7053 1.4572 1.6447 4.1827 -5.9836 1.4455 25.9449 -3.0302 0.5771 0.3941 0.0
Car 0 0 -0.5628 751.4629 176.4382 955.7527 255.9667 1.5292 1.5535 4.1918 5.211 1.6177 15.6413 -0.2412 0.5761 0.0596 0.0116
Car 0 0 -2.8443 83.1098 172.9065 305.5549 264.1663 1.5893 1.5857 3.4193 -7.5737 1.5806 13.2527 2.9197 0.5236 0.0384 0.1202
Car 0 0 -2.8366 429.3861 170.0802 531.0542 208.2874 1.6176 1.6324 4.0435 -5.6316 1.5013 31.3774 -3.0142 0.4996 0.2373 0.0
Car 0 0 -2.6606 308.638 177.2775 473.008 234.6308 1.4344 1.6312 4.1037 -5.9946 1.5658 19.7635 -2.9551 0.495 0.125 0.0
Car 0 0 -0.0032 775.1224 179.4266 950.895 239.8052 1.4848 1.6228 4.0043 6.5238 1.6746 19.1627 0.3249 0.4459 0.0419 0.1128
Car 0 0 -0.2141 672.9558 172.9173 745.3204 201.3212 1.5755 1.6364 3.6409 5.5955 1.5876 41.1456 -0.0789 0.3348 0.0202 0.3483
Car 0 0 -1.579 629.974 171.6258 653.1612 191.5487 1.4344 1.6334 3.9389 2.349 1.3501 53.9386 -1.5355 0.3225 0.0037 0.1921
Car 0 0 -2.5241 351.86 179.0388 483.1523 223.1384 1.3653 1.6063 4.1393 -6.4205 1.5716 23.8417 -2.7871 0.3088 0.0365 0.0
Car 0 0 -1.5633 633.3089 173.2564 655.4552 192.4334 1.4359 1.6161 3.9166 2.6295 1.4685 56.1716 -1.5165 0.2857 0.0425 0.7394