Pedestrian 0 0 -2.6152 835.6504 148.6168 902.7637 271.7237 1.6807 0.5288 0.7182 3.6991 1.2486 10.078 -2.2634 0.822 0.4802 0.5661
Pedestrian 0 0 1.3271 514.5957 148.9908 548.6112 230.375 1.5811 0.5603 0.5744 -1.516 0.9547 14.1553 1.2205 0.6655 0.3638 0.7051
Pedestrian 0 0 1.7269 475.4306 141.7656 507.6442 212.5732 1.751 0.6132 0.7028 -2.9279 0.781 17.9995 1.5657 0.6391 0.4106 0.1309
Pedestrian 0 0 1.2844 549.3708 150.4555 586.8832 228.3323 1.6892 0.6282 0.7269 -0.8756 1.0169 15.8578 1.2292 0.5728 0.2218 0.0
Pedestrian 0 0 0.8387 1004.6208 147.6984 1112.1272 363.0795 1.6881 0.5575 0.7529 3.6022 1.4302 5.7358 1.3995 0.5232 0.4188 0.3864
Pedestrian 0 0 0.6519 1038.2713 147.3779 1161.157 363.9745 1.6606 0.6099 0.7076 3.9732 1.4206 5.7576 1.2559 0.4376 0.1632 0.2612
Pedestrian 0 0 1.6253 648.8598 143.6079 670.3812 202.49 1.7176 0.5577 0.7475 1.6123 0.6366 21.3824 1.7006 0.4028 0.0015 0.1144
Cyclist 0 0 1.9196 642.4344 143.2848 675.3525 204.3093 1.7298 0.5425 1.8679 1.5452 0.6565 20.7205 1.9941 0.3955 0.125 0.0
Pedestrian 0 0 3.1204 645.0645 145.7219 674.9751 206.1515 1.7729 0.581 0.7849 1.6232 0.7414 21.4909 -3.0874 0.3881 0.0297 0.0037
Pedestrian 0 0 2.22 424.572 143.8379 463.4064 209.9753 1.7583 0.5965 0.6814 -4.4395 0.7825 19.3954 1.995 0.3554 0.125 0.0
Pedestrian 0 0 1.9349 594.6134 146.2412 614.1064 192.7803 1.6884 0.5498 0.5512 -0.0534 0.4603 25.6502 1.9329 0.3199 0.0776 0.1993
Pedestrian 0 0 2.0416 455.7386 139.485 480.0341 197.8173 1.8022 0.57 0.6148 -4.385 0.5216 22.3966 1.8482 0.3022 0.0 0.0
Pedestrian 0 0 1.2429 555.6652 144.3107 580.5864 202.1582 1.6265 0.4899 0.5183 -1.0997 0.6057 20.3523 1.1889 0.3011 0.125 0.0
Pedestrian 0 0 2.0544 431.1721 140.5307 463.7002 199.0625 1.8191 0.6324 0.8463 -5.0979 0.5506 22.7728 1.8342 0.2886 0.0 0.0
Pedestrian 0 0 2.6589 400.6767 144.7089 430.5422 202.1748 1.7398 0.5824 0.6385 -5.8907 0.6464 21.839 2.3954 0.2563 0.125 0.0