Car 0 0 -1.7618 682.632 183.2908 767.0296 247.6438 1.4474 1.5538 3.5466 2.8048 1.7389 18.5912 -1.6121 0.8565 0.8778 0.8953
Car 0 0 -2.018 802.0456 189.7241 1194.941 378.0167 1.5183 1.5799 3.6634 2.8968 1.7046 6.3749 -1.5914 0.8565 0.8799 0.8011
Car 0 0 0.4667 243.839 178.5246 431.9058 242.4007 1.5022 1.625 4.0699 -6.744 1.6444 17.9322 0.107 0.799 0.5333 0.3275
Car 0 0 -2.5471 0.0 167.186 308.1772 312.3511 1.6545 1.7076 4.2773 -6.2926 1.5896 9.1912 3.1357 0.6983 0.6463 0.5646
Car 0 0 -1.686 651.0572 177.1015 705.9088 219.7992 1.4943 1.5975 3.8365 2.4717 1.6692 27.406 -1.596 0.6605 0.6463 0.205
Car 0 0 -2.8919 324.1574 169.5478 481.4944 231.2421 1.7534 1.7207 3.9743 -6.0965 1.6547 21.3834 3.1135 0.6294 0.6777 0.3685
Car 0 0 -2.9046 403.8327 176.7773 509.1961 218.1292 1.5893 1.6798 4.1264 -6.1323 1.7397 28.768 -3.1146 0.4476 0.2954 0.2152
Car 0 0 -1.6467 645.9846 176.2416 685.8594 211.4472 1.55 1.6104 3.6093 2.5422 1.7273 33.9059 -1.5718 0.3852 0.125 0.0
Car 0 0 0.8096 1.0 171.4476 220.3236 343.3985 1.5607 1.6769 4.2443 -6.8008 1.5863 7.4917 0.0725 0.3485 0.0186 0.3464
Car 0 0 -1.6736 638.2505 174.83 669.1836 204.5369 1.6759 1.6344 3.6735 2.5142 1.8082 42.8299 -1.6149 0.3412 0.125 0.0
Car 0 0 -2.6304 129.4968 181.7276 349.6388 266.8456 1.4619 1.5954 3.5913 -6.9809 1.6445 13.8388 -3.0976 0.2551 0.125 0.009
Car 0 0 -2.7908 476.4598 174.5191 550.0544 202.221 1.5003 1.6227 3.7936 -5.4806 1.59 40.6162 -2.925 0.2505 0.125 0.0