Car 0 0 -1.9749000072479248 770.542724609375 181.53199768066406 1029.8812255859375 331.4537048339844 1.4424999952316284 1.6161999702453613 4.0346999168396 3.3134000301361084 1.5809999704360962 9.252400398254395 -1.63100004196167 0.8981999754905701 0.859499990940094 0.8555999994277954
Car 0 0 -1.8102999925613403 717.9307861328125 178.20460510253906 843.4901123046875 265.66290283203125 1.5335999727249146 1.61489999294281 3.9514000415802 3.2727999687194824 1.6526999473571777 14.730799674987793 -1.5916999578475952 0.8901000022888184 0.8547999858856201 0.8950999975204468
Car 0 0 1.9433000087738037 236.67550659179688 193.49220275878906 404.900390625 284.34930419921875 1.479599952697754 1.6569000482559204 4.367599964141846 -5.792900085449219 1.9746999740600586 14.950200080871582 1.5736000537872314 0.883400022983551 0.8859000205993652 0.8508999943733215
Car 0 0 1.826200008392334 359.7966003417969 188.79620361328125 456.45709228515625 249.4777069091797 1.5154999494552612 1.6476999521255493 4.042399883270264 -5.8225998878479 2.026900053024292 21.12179946899414 1.5572999715805054 0.8299999833106995 0.7210000157356262 0.6736000180244446
Car 0 0 1.8451000452041626 444.2970886230469 186.09030151367188 507.5325927734375 225.1667022705078 1.4926999807357788 1.5937999486923218 3.952899932861328 -5.668700218200684 2.090100049972534 30.782899856567383 1.6629999876022339 0.7447999715805054 0.6653000116348267 0.5435000061988831
Car 0 0 2.478800058364868 1026.4056396484375 151.68800354003906 1276.1787109375 256.4367980957031 1.5720000267028809 1.6492999792099 4.295599937438965 9.105899810791016 1.2344000339508057 11.994999885559082 3.1280999183654785 0.6126000285148621 0.5562999844551086 0.11959999799728394
Car 0 0 1.3720999956130981 680.7379760742188 181.62229919433594 742.27099609375 228.58290100097656 1.4563000202178955 1.5413000583648682 3.522700071334839 3.376699924468994 1.770900011062622 24.723400115966797 1.5077999830245972 0.5990999937057495 0.5722000002861023 0.7465000152587891
Car 0 0 2.171099901199341 0.0 208.36509704589844 249.33489990234375 378.19158935546875 1.4230999946594238 1.6396000385284424 4.154600143432617 -6.072800159454346 1.8885999917984009 7.628900051116943 1.4988000392913818 0.5206000208854675 0.739300012588501 0.7497000098228455
Car 0 0 -1.7303999662399292 664.0549926757812 181.79820251464844 714.6329956054688 218.3813018798828 1.426800012588501 1.5724999904632568 3.560800075531006 3.2383999824523926 1.8178000450134277 30.53339958190918 -1.6246999502182007 0.44690001010894775 0.5501999855041504 0.7461000084877014
Car 0 0 -1.6893999576568604 652.5009765625 179.24749755859375 688.818603515625 209.01409912109375 1.5211999416351318 1.6007000207901 3.5852999687194824 3.2327001094818115 1.8869999647140503 39.52389907836914 -1.607800006866455 0.44530001282691956 0.5170999765396118 0.5432000160217285
Car 0 0 1.7592999935150146 504.6875 180.73480224609375 539.1693115234375 206.6118927001953 1.5094000101089478 1.5539000034332275 3.446899890899658 -5.4633002281188965 2.015899896621704 44.74079895019531 1.6377999782562256 0.34549999237060547 0.4065999984741211 0.6068999767303467
Car 0 0 1.9665000438690186 562.3248291015625 177.25230407714844 600.1881713867188 196.46620178222656 1.5051000118255615 1.6295000314712524 4.15500020980835 -2.3696999549865723 1.8903000354766846 59.989601135253906 1.9270000457763672 0.263700008392334 0.03150000050663948 0.0