Pedestrian 0 0 -1.136 731.372 167.4344 779.0031 269.0217 1.6917 0.6328 0.7295 2.4694 1.6041 12.4808 -0.9406 0.8104 0.5195 0.0
Pedestrian 0 0 2.7267 763.0918 155.781 839.7701 294.8579 1.8218 0.5764 0.9323 2.5453 1.6058 9.8342 2.98 0.6248 0.1218 0.1112
Cyclist 0 0 2.9775 798.5274 145.7928 949.1859 314.643 1.8752 0.562 2.0655 2.992 1.5836 8.491 -2.967 0.6208 0.3217 0.1182
Cyclist 0 0 2.5384 752.5225 153.4373 849.887 291.1497 1.8515 0.5857 1.9769 2.6924 1.6042 10.38 2.7922 0.597 0.125 0.2127
Car 0 0 1.861 405.7621 183.1406 457.146 212.8616 1.4085 1.5793 3.8816 -9.2298 1.9681 37.4054 1.6191 0.5604 0.542 0.3012
Car 0 0 2.0202 83.8501 198.9043 222.6176 271.6058 1.4075 1.5368 3.3414 -10.596 2.0891 16.9329 1.461 0.5414 0.125 0.2189
Car 0 0 -1.5654 599.7678 174.0386 627.9516 201.0125 1.5318 1.6197 3.9139 0.2018 1.6195 43.2168 -1.5607 0.5365 0.6526 0.0672
Cyclist 0 0 1.7861 770.0928 146.6981 861.8063 300.4554 1.9005 0.5942 1.9512 2.7273 1.5793 9.7133 2.0599 0.4909 0.1325 0.121
Car 0 0 2.1145 63.1132 197.7187 245.9443 277.5469 1.456 1.6133 3.9176 -10.054 2.066 16.2173 1.5595 0.4605 0.125 0.5873
Pedestrian 0 0 1.6352 785.4757 146.0715 848.6559 298.4691 1.9066 0.6294 0.9289 2.694 1.5798 9.5929 1.9089 0.4149 0.125 0.2146
Pedestrian 0 0 -2.889 817.1518 141.5853 935.9817 310.7698 1.9194 0.5644 1.0858 3.0684 1.565 8.575 -2.5454 0.4113 0.0594 0.0
Car 0 0 1.6629 508.7846 179.5842 531.5656 198.7293 1.6111 1.6902 3.7087 -7.9901 2.2334 64.3025 1.5393 0.2607 0.125 0.0