Car 0 0 -1.9153 748.5121 165.2073 991.8936 343.6414 1.6914 1.588 3.7267 2.7908 1.6157 8.7456 -1.6064 0.8995 0.8313 0.7504
Car 0 0 -1.6901 670.2868 180.1595 736.0204 233.3558 1.523 1.6443 3.9894 2.8306 1.7713 23.0359 -1.5678 0.7839 0.8052 0.56
Car 0 0 -2.702 374.1281 176.7888 499.5335 224.7164 1.4969 1.6277 3.9399 -5.8769 1.6411 24.301 -2.9393 0.6008 0.1735 0.447
Car 0 0 -2.902 265.72 181.5815 466.9028 245.4401 1.5031 1.6712 4.2615 -6.035 1.7171 17.909 3.0562 0.5324 0.3769 0.6527
Car 0 0 -0.0762 714.8847 174.7946 826.378 218.6895 1.6266 1.6748 4.0163 6.0786 1.7085 27.8657 0.1386 0.5306 0.2962 0.5497
Car 0 0 -2.648 55.7048 162.3876 343.0522 290.1124 1.758 1.6637 3.846 -6.5118 1.6355 11.4921 3.1196 0.4549 0.0736 0.2465
Car 0 0 0.0635 328.7983 178.2884 479.3268 238.8094 1.5282 1.6193 3.8038 -5.5742 1.6917 19.4476 -0.2156 0.4233 0.0339 0.4531
Car 0 0 0.2784 342.7766 175.4813 483.3546 227.7518 1.5007 1.594 3.7895 -6.003 1.5833 21.8051 0.0098 0.3956 0.0284 0.3355
Car 0 0 -1.6301 630.494 177.4028 654.4024 198.4685 1.5095 1.5619 3.8145 2.372 1.8708 54.4002 -1.5865 0.3866 0.3895 0.2706
Car 0 0 -2.9155 406.4305 173.9797 505.8542 213.1925 1.6035 1.6175 3.9538 -6.6409 1.6715 31.1196 -3.1258 0.3546 0.0233 0.0641
Car 0 0 0.9314 0.0 181.4617 290.8601 357.4588 1.5144 1.5885 3.8219 -5.8065 1.6416 7.6716 0.2835 0.3497 0.6402 0.5394
Car 0 0 -2.8708 436.1028 179.5203 517.0668 210.6558 1.4805 1.5986 3.6776 -6.7106 1.8324 36.231 -3.0539 0.3228 0.125 0.0
Car 0 0 -2.8275 466.7404 177.8678 549.5142 206.5649 1.5037 1.679 4.1358 -5.5852 1.796 39.5824 -2.9677 0.2557 0.125 0.3389
Car 0 0 -2.9881 446.5052 177.0951 538.3797 209.0934 1.569 1.6668 4.2022 -5.9334 1.7835 36.3554 3.1333 0.2535 0.125 0.0