Car 0 0 1.832 197.667 187.2328 452.8808 364.0414 1.4902 1.6391 3.8898 -2.9531 1.6951 8.2578 1.4886 0.8926 0.9017 0.6122
Car 0 0 -1.8158 697.4409 173.0376 837.2296 265.4786 1.5184 1.6454 4.1542 2.8085 1.5283 14.0077 -1.6179 0.8676 0.8881 0.6295
Car 0 0 -1.3539 371.9349 180.4103 500.2228 273.4654 1.5255 1.6288 3.872 -3.2651 1.6821 14.0633 -1.582 0.8496 0.8228 0.5998
Car 0 0 -1.4721 501.7357 174.4945 557.052 218.4132 1.495 1.6314 4.18 -2.9558 1.5686 26.8068 -1.5819 0.6757 0.8079 0.6573
Car 0 0 -1.68 665.1036 171.3491 723.0919 218.0516 1.4945 1.6013 3.727 2.7765 1.4524 24.9002 -1.5689 0.6694 0.5258 0.3659
Car 0 0 -1.7487 685.6728 176.9133 763.4444 237.3399 1.4929 1.5772 3.5806 3.0114 1.6203 19.8947 -1.5984 0.6434 0.7901 0.3929
Car 0 0 -1.7427 660.1022 167.7298 731.4799 221.9937 1.5581 1.6138 3.81 2.5597 1.4069 22.8057 -1.6309 0.5877 0.125 0.3927
Car 0 0 1.6535 539.1072 170.5954 573.5011 200.4117 1.5871 1.6226 3.8771 -3.0412 1.4793 40.8778 1.5792 0.4635 0.6147 0.0
Car 0 0 -1.5963 635.9404 168.504 661.4444 190.8856 1.501 1.6246 4.1427 2.6251 1.2015 50.3984 -1.5443 0.408 0.5789 0.0417
Car 0 0 -1.672 654.3315 161.7728 711.3119 217.3354 1.8149 1.6497 3.9296 2.4764 1.4464 25.6026 -1.5756 0.3974 0.2524 0.247
Car 0 0 1.6986 565.8958 167.5723 588.0472 183.9984 1.5189 1.6134 4.1972 -3.162 1.0273 70.1213 1.6536 0.3453 0.125 0.0