Car 0 0 -0.5188 867.6611 183.1465 1197.4393 300.2444 1.5684 1.6944 4.1007 6.1165 1.7403 10.8331 -0.0048 0.78 0.7477 0.4435
Car 0 0 -2.8775 93.0398 165.1559 389.6084 267.0928 1.6714 1.725 4.2944 -6.4449 1.5478 12.7692 2.9383 0.7588 0.5313 0.0342
Car 0 0 -1.6662 632.5387 178.5975 676.234 212.7874 1.4004 1.5594 3.6961 1.8877 1.6717 32.1783 -1.6076 0.6841 0.7399 0.321
Car 0 0 2.7409 774.0146 179.2188 991.0207 258.8362 1.5976 1.684 4.3116 5.8098 1.7433 15.8558 3.0921 0.6531 0.501 0.595
Car 0 0 -2.4321 0.0 184.893 287.2862 317.7982 1.493 1.6571 3.9575 -6.4881 1.6542 9.2575 -3.0434 0.6366 0.7261 0.4322
Car 0 0 -0.4427 737.0457 182.6228 918.6052 245.2282 1.4754 1.655 4.3289 5.493 1.7406 18.5719 -0.1552 0.6015 0.3353 0.7324
Car 0 0 -0.4885 729.3194 170.7649 897.1677 242.2946 1.7146 1.6786 3.9357 5.3082 1.6869 19.035 -0.2165 0.5 0.0226 0.3348
Car 0 0 -0.3973 831.232 183.591 1085.7402 271.2938 1.5115 1.6777 4.2169 6.3351 1.7244 13.6057 0.0385 0.4949 0.0807 0.2967
Cyclist 0 0 -1.4535 507.9398 171.2281 534.74 222.1315 1.729 0.5686 1.7237 -3.1643 1.6733 25.5357 -1.5767 0.4858 0.1749 0.0996
Car 0 0 -0.7693 969.2101 186.3984 1229.6544 351.065 1.5023 1.5671 3.75 6.0256 1.669 7.5833 -0.0978 0.4791 0.6196 0.741
Car 0 0 0.7453 398.9582 178.1087 508.8501 217.1808 1.4207 1.6277 4.3607 -6.2339 1.6419 28.5453 0.5302 0.4758 0.0392 0.2443
Car 0 0 -2.9814 349.2044 175.981 487.2104 228.2429 1.5502 1.6736 3.9607 -5.9978 1.6561 22.6661 3.0431 0.4586 0.1241 0.0
Car 0 0 -1.639 620.1195 175.5352 646.9768 199.318 1.5199 1.5902 3.8894 1.5081 1.7216 48.6755 -1.608 0.3963 0.0618 0.7591
Car 0 0 -2.4418 1.0 195.0278 210.2793 356.8359 1.4864 1.6065 4.192 -6.4873 1.7202 7.2307 3.1101 0.3722 0.3842 0.8262
Car 0 0 0.3676 237.2301 176.118 422.176 244.0357 1.5424 1.627 4.0988 -6.9497 1.6343 17.9643 -0.0016 0.2944 0.125 0.179
Pedestrian 0 0 -0.0809 510.4196 173.0357 538.7836 222.9502 1.6761 0.606 0.7391 -2.9963 1.6951 24.9736 -0.2003 0.2727 0.125 0.0