Car 0 0 -1.8605 735.6942 179.4239 915.7004 307.544 1.5428 1.5932 3.7134 2.9053 1.6528 10.7211 -1.5958 0.8902 0.8923 0.8972
Car 0 0 -1.7252 671.0566 176.7602 738.5265 227.4064 1.4389 1.5925 3.7018 2.8261 1.5688 22.5732 -1.6006 0.8419 0.7881 0.8749
Car 0 0 -2.1139 845.3175 199.2467 1279.0 373.1549 1.4849 1.593 3.8485 2.7927 1.7185 4.916 -1.5972 0.7888 0.7812 0.717
Car 0 0 0.4509 309.7614 173.718 467.5534 228.4798 1.526 1.6333 4.0495 -6.6555 1.5647 21.4766 0.1504 0.7559 0.5384 0.6585
Car 0 0 -2.7404 127.6077 168.3588 397.8409 265.004 1.6091 1.6665 4.1043 -6.2805 1.528 13.1661 3.0976 0.7457 0.6436 0.5188
Car 0 0 -1.6682 648.3257 170.8872 689.7456 208.6627 1.609 1.6119 3.7453 2.5749 1.5275 32.5696 -1.5893 0.6353 0.5692 0.4784
Car 0 0 -2.741 375.7568 163.9758 502.9168 219.8267 1.8644 1.6947 3.9306 -5.9065 1.5706 25.0286 -2.9727 0.6257 0.6341 0.2126
Car 0 0 0.5854 16.5718 154.203 342.9258 294.0788 1.7604 1.6688 4.2646 -6.0068 1.5337 10.0182 0.0453 0.572 0.0329 0.2033
Car 0 0 -2.8551 419.009 171.9517 525.553 210.7457 1.5792 1.6381 3.9751 -5.829 1.542 30.3542 -3.0448 0.3293 0.125 0.0
Car 0 0 1.0449 1.0 161.2834 222.4397 356.4842 1.6516 1.7053 4.3099 -5.7641 1.4801 6.3642 0.3089 0.3201 0.0856 0.5275
Car 0 0 -2.461 0.0 152.4464 283.3454 317.1728 2.0532 1.7815 3.7475 -7.2193 1.819 10.21 -3.0765 0.2974 0.0 0.1884
Car 0 0 -2.8432 487.048 167.8671 555.2952 193.5906 1.5562 1.6678 3.9848 -5.5871 1.2492 45.128 -2.9664 0.2744 0.125 0.0