Pedestrian 0 0 1.8613 638.1477 163.2454 671.8268 250.982 1.7853 0.5953 0.7823 1.0886 1.4076 15.1024 1.9333 0.7022 0.3406 0.227
Pedestrian 0 0 1.9012 267.4427 147.6433 387.2748 380.1366 1.7507 0.6401 0.8225 -1.9634 1.5325 5.0714 1.5318 0.6872 0.2925 0.2746
Car 0 0 1.6516 553.4866 172.8602 588.5614 200.7295 1.4925 1.6592 4.0424 -1.6923 1.0187 40.8185 1.6102 0.6348 0.7323 0.6001
Pedestrian 0 0 -1.5577 702.1266 163.0519 736.0912 236.459 1.6781 0.6446 0.7578 2.7384 1.2473 16.8994 -1.397 0.5629 0.2972 0.4878
Pedestrian 0 0 1.9973 140.274 155.1202 359.4074 366.7706 1.6954 0.6774 0.8159 -1.9493 1.5512 3.9203 1.5358 0.5626 3.0 0.7426
Pedestrian 0 0 -1.9959 673.9902 167.3572 706.9491 247.451 1.6806 0.5881 0.7575 1.8782 1.371 15.4282 -1.8748 0.5246 0.42 0.0
Pedestrian 0 0 0.4068 60.3685 187.4474 175.4646 383.0 1.6309 0.5524 0.722 -4.1969 1.6943 6.1676 -0.1907 0.5244 0.125 0.0
Pedestrian 0 0 2.6403 458.5648 166.5311 489.6032 225.4868 1.647 0.5597 0.7018 -3.6272 1.2315 20.3532 2.4639 0.4786 0.217 0.0
Pedestrian 0 0 1.5154 179.4695 172.1264 324.955 380.6106 1.6716 0.6942 0.7499 -2.1609 1.591 4.3145 1.051 0.4745 0.3041 0.1789
Pedestrian 0 0 1.5278 720.2541 158.172 749.5578 231.3026 1.8024 0.5999 0.7785 3.3512 1.2218 18.2931 1.709 0.4334 0.1401 0.3088
Pedestrian 0 0 -1.2971 611.9337 160.1399 643.4878 223.3831 1.8788 0.6464 0.9292 0.7849 1.2374 21.9449 -1.2613 0.4114 0.1729 0.0008
Pedestrian 0 0 1.3957 742.4594 151.6382 774.8878 231.0389 1.7916 0.6121 0.7645 3.6195 1.1216 16.739 1.6086 0.3875 0.0448 0.0
Pedestrian 0 0 2.085 658.4214 170.312 692.0118 237.1467 1.6286 0.5836 0.7102 1.8228 1.3572 18.0104 2.1859 0.3853 0.0311 0.0
Pedestrian 0 0 -1.7451 619.4609 165.0049 641.8924 224.4362 1.7557 0.6106 0.9328 0.8605 1.2664 21.9678 -1.7059 0.3115 0.125 0.0054
Pedestrian 0 0 2.0969 276.2942 168.777 320.6349 254.5052 1.6908 0.5954 0.7239 -6.1983 1.438 14.6175 1.6959 0.2953 0.125 0.2308