Car 0 0 -2.9426 340.0788 175.0814 467.5586 225.626 1.6173 1.6675 3.7634 -6.8901 1.6933 24.1399 3.0625 0.6787 0.4986 0.2994
Car 0 0 -2.6286 0.0 163.1555 362.4036 307.2788 1.6144 1.7165 4.3176 -5.6066 1.5033 8.9879 3.0969 0.6659 0.6417 0.3577
Car 0 0 -2.962 395.6462 180.4548 499.2818 219.69 1.456 1.6205 3.9848 -6.3802 1.7498 28.3851 3.1 0.5785 0.079 0.2556
Car 0 0 1.3493 701.8687 184.6683 818.596 265.7416 1.532 1.6624 4.086 3.1615 1.8247 16.2604 1.5413 0.5506 0.3739 0.445
Car 0 0 -1.5995 642.7392 177.3686 672.315 202.7847 1.462 1.5782 3.6113 2.8365 1.7526 43.9663 -1.5351 0.4682 0.005 0.5523
Car 0 0 -1.625 696.6922 183.2634 798.3194 255.5206 1.4585 1.5446 3.8042 3.0854 1.7312 16.7962 -1.4433 0.3865 0.0052 0.3947
Car 0 0 -1.6435 637.0837 175.3751 668.2273 203.6274 1.5626 1.5805 3.6563 2.4201 1.7068 42.1782 -1.5862 0.3836 0.1087 0.3896
Car 0 0 -2.931 404.2531 177.4287 512.5852 215.363 1.4993 1.686 4.2172 -6.2345 1.6949 29.8989 -3.1366 0.3651 0.1183 0.0
Car 0 0 -2.9363 418.7961 175.2021 525.5852 211.88 1.4772 1.6166 4.0585 -5.7567 1.587 30.154 -3.1249 0.3509 0.125 0.0
Car 0 0 1.2875 718.841 187.8556 846.5334 292.0011 1.5365 1.5555 3.734 2.9313 1.8448 13.2008 1.506 0.2925 0.125 0.1946
Car 0 0 0.2602 369.741 175.0412 501.2088 218.4982 1.4864 1.6593 4.1367 -6.1527 1.5708 25.483 0.0233 0.2919 0.0273 0.305