Car 0 0 -1.8365999460220337 750.9705810546875 185.89190673828125 875.514892578125 266.5234069824219 1.4632999897003174 1.5980000495910645 3.8970999717712402 4.173799991607666 1.7704999446868896 15.600500106811523 -1.5751999616622925 0.8442000150680542 0.8215000033378601 0.7325000166893005
Car 0 0 -1.99399995803833 815.8167724609375 157.2012939453125 1149.7081298828125 354.96661376953125 1.7237999439239502 1.680400013923645 4.355899810791016 3.7314000129699707 1.5835000276565552 8.272299766540527 -1.570199966430664 0.823199987411499 0.7732999920845032 0.5508999824523926
Car 0 0 -1.7384999990463257 728.3626098632812 180.20770263671875 810.1773071289062 239.0572967529297 1.4717999696731567 1.5924999713897705 3.627500057220459 4.361999988555908 1.694599986076355 20.448299407958984 -1.5283000469207764 0.7871000170707703 0.7343000173568726 0.6628000140190125
Car 0 0 1.7029000520706177 499.7214050292969 183.41140747070312 549.1680297851562 220.8643035888672 1.5062999725341797 1.5878000259399414 3.7753000259399414 -3.715100049972534 1.9818999767303467 31.506000518798828 1.5855000019073486 0.7193999886512756 0.7594000101089478 0.7793999910354614
Car 0 0 -1.7299000024795532 707.0986938476562 179.27890014648438 763.0170288085938 224.18910217285156 1.531599998474121 1.558500051498413 3.684999942779541 4.532400131225586 1.7818000316619873 26.808000564575195 -1.562399983406067 0.526199996471405 0.7458000183105469 0.6373000144958496
Car 0 0 -1.6754000186920166 686.8643798828125 177.30540466308594 727.3239135742188 210.48199462890625 1.5509999990463257 1.6002999544143677 3.944700002670288 4.785200119018555 1.7919000387191772 36.17190170288086 -1.5439000129699707 0.43220001459121704 0.3422999978065491 0.0
Car 0 0 1.7479000091552734 577.7904052734375 178.84019470214844 606.5925903320312 199.1533966064453 1.531999945640564 1.5776000022888184 4.107900142669678 -1.4140000343322754 2.0234999656677246 57.75519943237305 1.7233999967575073 0.42089998722076416 0.4803999960422516 0.5971999764442444
Car 0 0 2.2869999408721924 1.0 207.4720001220703 248.1907958984375 381.0476989746094 1.4368000030517578 1.6411999464035034 4.069200038909912 -4.478600025177002 1.7232999801635742 4.466400146484375 1.5002000331878662 0.39089998602867126 0.08169999718666077 0.7515000104904175
Car 0 0 2.317500114440918 1.0 207.12429809570312 175.74630737304688 375.3258056640625 1.433500051498413 1.669800043106079 3.8945000171661377 -4.789400100708008 1.7526999711990356 4.913700103759766 1.5448999404907227 0.38519999384880066 0.24860000610351562 0.6696000099182129
Car 0 0 1.6998000144958496 527.623291015625 182.2812042236328 568.7684936523438 213.977294921875 1.5759999752044678 1.657099962234497 4.275000095367432 -3.3201000690460205 2.1059999465942383 38.954498291015625 1.6146999597549438 0.34940001368522644 0.15549999475479126 0.0
Car 0 0 -1.7258000373840332 693.3663940429688 178.6197967529297 742.6351928710938 215.0281982421875 1.5216000080108643 1.6439000368118286 4.1834001541137695 4.818900108337402 1.8033000230789185 32.90729904174805 -1.580399990081787 0.2939000129699707 0.26429998874664307 0.45260000228881836