Pedestrian 0 0 -1.9208 709.8758 160.1472 768.9058 291.4722 1.6916 0.6043 0.8622 1.8022 1.4117 9.6728 -1.7366 0.809 0.627 0.3788
Pedestrian 0 0 -2.6824 779.4923 153.7812 903.1563 349.6782 1.7619 0.5588 0.9593 2.2247 1.5101 6.8844 -2.3698 0.6993 0.1894 0.5861
Pedestrian 0 0 -2.4228 567.0179 161.2213 623.1196 272.5044 1.728 0.5669 0.7463 -0.1469 1.4095 11.5605 -2.4355 0.6821 0.5218 0.4944
Pedestrian 0 0 -1.9358 628.6139 161.238 710.0587 327.9648 1.6795 0.597 0.8796 0.6608 1.4668 7.8134 -1.8514 0.6623 0.5979 0.5546
Pedestrian 0 0 -1.8022 339.4662 160.1639 404.3523 297.6953 1.7798 0.6446 0.9148 -3.2075 1.5045 9.8415 -2.1172 0.6306 0.0585 0.0
Pedestrian 0 0 -2.7959 803.3261 169.0784 893.7528 349.0342 1.6204 0.5332 0.8015 2.2622 1.5059 6.779 -2.4738 0.6293 0.047 0.5859
Pedestrian 0 0 -1.8377 486.9584 161.2174 551.7544 300.201 1.7285 0.5955 0.8779 -1.1273 1.4596 9.3865 -1.9573 0.6248 0.5546 0.6071
Car 0 0 1.731 459.0006 172.9657 539.8502 236.8654 1.5902 1.4853 3.2353 -2.7396 1.3695 19.6091 1.5922 0.5235 0.2528 0.5237
Pedestrian 0 0 -1.4153 554.977 159.3042 579.9142 217.1808 1.8056 0.6264 0.7713 -1.1147 1.1204 23.1095 -1.4635 0.4439 0.2848 0.0
Pedestrian 0 0 1.4773 869.4091 161.0436 961.5164 371.6508 1.653 0.5956 0.6751 2.3236 1.5036 5.4499 1.8803 0.4357 0.2922 0.4075
Pedestrian 0 0 0.1266 612.9139 160.2836 656.6156 264.3433 1.7302 0.6032 0.6422 0.5382 1.3773 12.4098 0.17 0.4157 0.1462 0.1623
Pedestrian 0 0 -1.5448 350.1402 153.9458 402.0427 263.2706 1.8198 0.6311 0.7957 -4.0227 1.3661 12.6584 -1.8525 0.4058 0.091 0.0
Pedestrian 0 0 0.7051 847.5441 163.6765 996.316 370.5528 1.6169 0.6371 0.771 2.2168 1.5121 5.1978 1.1083 0.3627 0.0001 0.5716
Pedestrian 0 0 -0.9 326.7212 151.1564 416.1338 290.6835 1.8948 0.6313 0.9933 -3.3347 1.4819 10.4128 -1.21 0.3064 0.125 0.0
Cyclist 0 0 -0.8759 330.2125 153.7457 422.777 272.1952 1.9069 0.5881 2.0983 -3.8802 1.4572 12.3578 -1.1801 0.2726 0.125 0.0
Pedestrian 0 0 2.1274 660.6442 160.9112 727.062 305.441 1.6952 0.5916 0.7564 1.1218 1.4601 8.949 2.2521 0.2716 0.034 0.2949