Car 0 0 -1.9797 763.5022 201.3658 1036.2498 376.0166 1.413 1.5397 3.5709 2.8433 1.773 8.0837 -1.6415 0.8995 0.8731 0.7571
Car 0 0 -1.8222 711.5125 190.8185 841.7816 287.2716 1.4851 1.5518 3.4964 2.8682 1.8419 13.3227 -1.6101 0.8833 0.8288 0.7171
Car 0 0 -2.8799 218.8764 179.514 435.701 259.8497 1.5677 1.6734 4.0781 -5.9186 1.7119 15.27 3.0335 0.7844 0.656 0.0879
Car 0 0 -1.7207 661.6801 188.1833 720.0556 233.5249 1.4172 1.4898 3.2634 2.7194 1.9855 25.219 -1.6133 0.7498 0.7909 0.5591
Car 0 0 -1.66 644.7195 183.0036 684.9134 219.7843 1.5801 1.5977 3.5205 2.4742 2.0808 33.6762 -1.5866 0.6639 0.6416 0.0867
Car 0 0 -2.7704 399.2681 176.5919 511.3949 226.6374 1.716 1.6504 3.8053 -5.6326 1.8699 26.2667 -2.9816 0.6395 0.5735 0.0
Car 0 0 0.4005 346.2718 184.7499 480.69 234.3524 1.4872 1.5895 3.7691 -6.4197 1.895 23.3781 0.1325 0.6172 0.497 0.2407
Car 0 0 0.5826 128.1937 168.1778 393.9508 280.7479 1.7007 1.615 3.835 -5.8616 1.6458 12.1592 0.1334 0.6055 0.1485 0.4442
Car 0 0 0.7088 5.4237 172.8587 343.9468 322.3701 1.6214 1.5986 4.0227 -5.6996 1.644 8.9916 0.1438 0.4794 0.3171 0.3606
Car 0 0 -2.4801 1.0 172.2478 291.5646 367.9051 1.5697 1.6006 4.1826 -5.815 1.6078 6.3288 3.06 0.3879 0.37 0.1871
Car 0 0 -2.3045 913.0989 174.3024 1241.0 383.0 1.6623 1.623 3.9725 3.0255 1.6546 3.3398 -1.5684 0.3383 5.0 0.5568
Car 0 0 -3.0814 443.4155 184.1243 531.6656 217.6617 1.4728 1.6054 3.7629 -5.6095 1.9981 33.167 3.0343 0.2679 0.125 0.0
Car 0 0 -2.5204 1.0 183.4195 216.4259 367.5656 1.5685 1.6756 4.1645 -6.2536 1.7183 6.6769 3.0101 0.2534 0.125 0.3866