Car 0 0 -0.2916 764.4831 179.5507 984.485 257.7132 1.5531 1.6953 4.0795 5.5148 1.7052 15.5095 0.05 0.821 0.7622 0.7721
Car 0 0 0.3524 332.7058 180.3171 484.0415 229.1281 1.4723 1.633 4.1329 -6.5236 1.7288 23.2066 0.0783 0.7273 0.6906 0.5384
Car 0 0 -1.6542 638.8198 178.7944 687.0876 218.116 1.4497 1.5855 4.0431 2.0412 1.712 29.1662 -1.5843 0.7091 0.7635 0.4837
Car 0 0 -2.588 0.0 174.3324 329.9529 312.3118 1.7039 1.7133 4.0487 -6.3591 1.7304 10.0387 3.1306 0.6872 0.5992 0.5671
Car 0 0 -2.4709 234.399 189.5371 412.2887 253.8966 1.3576 1.5761 3.6715 -6.7543 1.7752 16.9806 -2.8495 0.461 0.269 0.0358
Car 0 0 -2.676 175.611 184.8076 397.1557 260.2354 1.4762 1.6431 3.9875 -6.8591 1.7506 15.4905 -3.0928 0.444 0.2109 0.7197
Car 0 0 -2.9775 418.0418 178.9656 515.8522 213.5923 1.5156 1.667 4.0024 -6.4008 1.7906 32.5873 3.1117 0.3227 0.125 0.0
Car 0 0 1.5694 548.7514 176.5039 574.9798 198.5081 1.4927 1.5713 3.7179 -3.4629 1.7651 51.7379 1.5026 0.3056 0.2414 0.0
Car 0 0 0.7968 41.0 191.6368 275.7478 343.9816 1.4304 1.6001 4.0769 -6.2991 1.6701 7.9126 0.1244 0.3022 0.125 0.748
Car 0 0 1.5889 620.8952 173.512 644.9532 195.8224 1.6783 1.6397 3.8598 1.8062 1.7558 57.7782 1.6202 0.2911 0.125 0.0
Car 0 0 -1.5986 635.829 179.9381 664.8066 207.5663 1.4592 1.5813 3.9011 2.2358 1.8744 41.0561 -1.5442 0.2828 0.125 0.0
Car 0 0 1.8866 459.5404 178.7295 524.5462 208.1225 1.4052 1.5928 4.0451 -5.9956 1.7087 36.6082 1.7242 0.2601 0.0104 0.2247
Car 0 0 -2.8945 393.8482 179.3259 501.976 221.5963 1.548 1.6637 3.9136 -6.2242 1.7996 27.7271 -3.1153 0.2511 0.0034 0.0