Car 0 0 -1.8001999855041504 716.0609130859375 185.50599670410156 850.1890869140625 285.4537048339844 1.4603999853134155 1.549399971961975 3.5199999809265137 2.8162999153137207 1.6993000507354736 12.672200202941895 -1.5815000534057617 0.8555999994277954 0.8852999806404114 0.8373000025749207
Car 0 0 -2.7734999656677246 361.1953125 177.09140014648438 487.29400634765625 227.68380737304688 1.6401000022888184 1.655900001525879 3.9565000534057617 -6.375699996948242 1.7922999858856201 24.732500076293945 -3.0257999897003174 0.5673999786376953 0.11909999698400497 0.0
Car 0 0 -0.4952999949455261 773.2623901367188 173.87579345703125 969.3615112304688 246.3175048828125 1.6124000549316406 1.6328999996185303 3.8534998893737793 6.1915998458862305 1.6368999481201172 17.368000030517578 -0.15279999375343323 0.5550000071525574 0.46709999442100525 0.6035000085830688
Car 0 0 0.8131999969482422 117.71790313720703 172.54190063476562 400.9346008300781 290.8037109375 1.632699966430664 1.6720000505447388 4.1427998542785645 -5.657199859619141 1.631700038909912 11.451399803161621 0.35429999232292175 0.5313000082969666 0.26460000872612 0.1543000042438507
Car 0 0 -2.8220999240875244 276.4324035644531 180.00259399414062 462.1398010253906 239.83580017089844 1.4921000003814697 1.6639000177383423 4.315299987792969 -6.316699981689453 1.6827000379562378 19.07080078125 3.1412999629974365 0.5 0.23899999260902405 0.2800000011920929
Car 0 0 -2.861599922180176 341.7257995605469 171.3677978515625 478.5083923339844 230.36839294433594 1.7148000001907349 1.6862000226974487 3.745300054550171 -6.050300121307373 1.6713000535964966 22.040599822998047 -3.129499912261963 0.489300012588501 0.039400000125169754 0.41280001401901245
Car 0 0 0.6492000222206116 20.699399948120117 193.53109741210938 314.4461975097656 340.6520080566406 1.426300048828125 1.6303999423980713 4.335299968719482 -6.103499889373779 1.6785999536514282 8.008500099182129 -0.0020000000949949026 0.4675999879837036 0.24629999697208405 0.7419000267982483
Car 0 0 -2.8085999488830566 432.35101318359375 178.247802734375 537.7186279296875 214.12950134277344 1.4574999809265137 1.6606999635696411 4.128200054168701 -5.370800018310547 1.6819000244140625 30.716299057006836 -2.981800079345703 0.46149998903274536 0.11550000309944153 0.08290000259876251
Car 0 0 -2.7339999675750732 30.146099090576172 186.2209930419922 371.8841857910156 309.0447082519531 1.4502999782562256 1.604099988937378 4.0055999755859375 -5.626800060272217 1.6764999628067017 9.626399993896484 3.02020001411438 0.44339999556541443 0.012000000104308128 0.42089998722076416
Car 0 0 -0.2705000042915344 694.6624145507812 176.41769409179688 798.5888061523438 215.2866973876953 1.5425000190734863 1.6330000162124634 3.948499917984009 5.583799839019775 1.6937999725341797 29.88909912109375 -0.08579999953508377 0.436599999666214 0.1696999967098236 0.0
Car 0 0 -1.6134999990463257 636.3087158203125 175.4553985595703 668.7962036132812 204.647705078125 1.5528000593185425 1.6093000173568726 3.902899980545044 2.3452999591827393 1.7160999774932861 41.00080108642578 -1.556399941444397 0.4059000015258789 0.21220000088214874 0.0
Car 0 0 0.7555999755859375 157.8791961669922 175.8778076171875 392.3211975097656 273.54888916015625 1.5599000453948975 1.6375999450683594 3.650700092315674 -6.164899826049805 1.6331000328063965 13.092300415039062 0.3154999911785126 0.329800009727478 0.04470000043511391 0.5120999813079834
Car 0 0 -2.7537999153137207 308.9617004394531 176.95559692382812 468.0589904785156 233.83799743652344 1.573199987411499 1.6784000396728516 4.131999969482422 -6.313000202178955 1.6943999528884888 20.840200424194336 -3.0478999614715576 0.3280999958515167 0.002199999988079071 0.2418999969959259
Car 0 0 -2.8083999156951904 216.00979614257812 176.90499877929688 443.3192138671875 253.5948028564453 1.482200026512146 1.6394000053405762 4.087699890136719 -5.936100006103516 1.5836000442504883 15.329999923706055 3.105299949645996 0.27619999647140503 0.014700000174343586 0.5386999845504761