Car 0 0 -1.9621000289916992 786.94677734375 189.14430236816406 1031.6964111328125 338.2301025390625 1.4434000253677368 1.5712000131607056 3.706700086593628 3.430500030517578 1.6778000593185425 9.162300109863281 -1.6038999557495117 0.8998000025749207 0.8518999814987183 0.8496000170707703
Car 0 0 1.8050999641418457 293.58709716796875 189.9727020263672 457.9053955078125 308.6524963378906 1.4664000272750854 1.5604000091552734 3.612499952316284 -3.552999973297119 1.7913999557495117 11.43019962310791 1.5037000179290771 0.8884999752044678 0.9067999720573425 0.8614000082015991
Car 0 0 -1.8365999460220337 695.043701171875 172.22120666503906 828.0936279296875 270.7785949707031 1.642199993133545 1.6075999736785889 3.713200092315674 2.7149999141693115 1.6410000324249268 13.9798002243042 -1.6447999477386475 0.863099992275238 0.8234000205993652 0.7027000188827515
Car 0 0 -1.7009999752044678 651.789794921875 176.6291046142578 707.88671875 219.83799743652344 1.5092999935150146 1.6136000156402588 3.8640999794006348 2.5185000896453857 1.6511000394821167 27.07390022277832 -1.608199954032898 0.6503000259399414 0.8004999756813049 0.7084000110626221
Car 0 0 1.7075999975204468 450.1174011230469 168.34280395507812 528.1322021484375 236.41079711914062 1.77839994430542 1.683899998664856 4.110499858856201 -3.4674999713897705 1.6713000535964966 21.079999923706055 1.544600009918213 0.6456999778747559 0.7394000291824341 0.33809998631477356
Car 0 0 2.075700044631958 7.638199806213379 194.65879821777344 376.20159912109375 368.77398681640625 1.5464999675750732 1.6131000518798828 3.691200017929077 -3.1431000232696533 1.7582999467849731 4.704800128936768 1.4867000579833984 0.5916000008583069 0.7479000091552734 0.6481999754905701
Car 0 0 1.6505999565124512 524.9849853515625 174.88760375976562 556.3225708007812 202.04249572753906 1.5844999551773071 1.6134999990463257 3.8301000595092773 -4.235799789428711 1.7177000045776367 44.1442985534668 1.554900050163269 0.47920000553131104 0.5468999743461609 0.6812000274658203
Car 0 0 -1.6734999418258667 673.6242065429688 175.3592071533203 743.0592041015625 237.47720336914062 1.561400055885315 1.598099946975708 3.825500011444092 2.6082000732421875 1.6398999691009521 20.134899139404297 -1.544700026512146 0.40560001134872437 0.6625999808311462 0.0
Car 0 0 -2.2462000846862793 887.2750244140625 205.12139892578125 1198.0196533203125 378.0845031738281 1.3904000520706177 1.6991000175476074 4.053400039672852 3.313199996948242 1.6124000549316406 4.172800064086914 -1.5751999616622925 0.3562000095844269 8.0 0.6686999797821045
Car 0 0 -1.6577999591827393 641.649169921875 176.95530700683594 674.142822265625 206.9241943359375 1.5037000179290771 1.5699000358581543 3.5908000469207764 2.4769999980926514 1.7386000156402588 38.54869842529297 -1.5936000347137451 0.3310000002384186 0.019300000742077827 0.0
Car 0 0 -1.6543999910354614 630.1596069335938 174.96490478515625 662.6553955078125 201.91189575195312 1.5306999683380127 1.6134999990463257 4.0817999839782715 2.1108999252319336 1.6657999753952026 43.31060028076172 -1.6055999994277954 0.29670000076293945 0.029400000348687172 0.0