Pedestrian 0 0 0.2045 824.7832 140.847 936.7625 311.7234 1.8932 0.5701 1.1251 3.1158 1.4589 8.162 0.5692 0.8487 0.6177 0.2255
Pedestrian 0 0 0.172 786.0402 150.8599 878.5228 310.2104 1.8064 0.5911 0.9875 2.6243 1.474 8.3524 0.4764 0.6977 0.5275 0.5089
Pedestrian 0 0 0.6818 285.7735 168.3027 352.8051 279.5055 1.6965 0.6499 0.8113 -4.5985 1.5056 11.2867 0.2949 0.6797 0.5592 0.2212
Car 0 0 -3.0061 726.5832 168.5961 820.3274 201.6878 1.5829 1.7295 4.4632 8.3785 0.996 35.4786 -2.7742 0.6283 0.3941 0.012
Pedestrian 0 0 0.5065 260.0347 167.8372 322.5724 277.7073 1.6473 0.5455 0.6394 -4.9286 1.4594 11.0164 0.0859 0.561 0.3678 0.5919
Pedestrian 0 0 -1.6239 1000.1346 154.8599 1057.0872 274.6566 1.7285 0.6167 0.8065 6.4769 1.3638 10.9141 -1.0883 0.3981 0.125 0.0
Car 0 0 1.7483 445.2078 174.5908 483.6642 199.1234 1.4203 1.6546 4.3151 -8.7733 1.0676 44.3746 1.5531 0.3876 0.6244 0.6159
Pedestrian 0 0 -1.9324 979.1354 160.1282 1005.699 216.2881 1.688 0.5887 0.8436 11.761 1.0754 21.5622 -1.433 0.3568 0.125 0.0
Cyclist 0 0 0.5392 277.2197 168.2362 359.927 278.19 1.7061 0.548 1.8279 -4.7044 1.5167 11.5472 0.1524 0.3394 0.0103 0.0
Pedestrian 0 0 0.7186 248.4684 164.8763 334.7641 282.1265 1.6958 0.6124 0.7889 -4.8375 1.4698 10.8114 0.2978 0.2912 0.125 0.3692
Car 0 0 -0.7842 0.0 188.2805 309.2408 371.4242 1.4955 1.5831 3.748 -3.1817 1.5848 3.2941 -1.5522 0.2637 2.0 0.7898