Car 0 0 -1.7687 688.4074 186.9589 775.6032 250.7968 1.418 1.5694 3.5407 3.0114 1.8256 18.7263 -1.6092 0.8364 0.8257 0.7341
Car 0 0 -2.0941 849.2036 178.5624 1279.0 381.3577 1.5819 1.5842 3.8311 3.064 1.6647 5.2852 -1.5687 0.8015 0.8508 0.8631
Car 0 0 -2.5671 0.0 191.3978 287.3719 322.6754 1.5275 1.6599 3.9411 -6.8123 1.7826 9.3538 3.0866 0.7724 0.6918 0.6979
Car 0 0 -2.7729 130.095 185.3317 395.6107 279.4826 1.5191 1.6129 3.9041 -6.1104 1.7441 12.8219 3.0655 0.7094 0.5342 0.17
Car 0 0 0.889 291.5235 177.7933 455.901 254.9143 1.5181 1.5604 3.5675 -5.3057 1.6404 16.0106 0.569 0.5766 0.5198 0.4357
Car 0 0 -2.6764 741.4326 187.2891 854.6093 228.8672 1.4215 1.6073 3.8346 6.9224 1.9786 26.7781 -2.4234 0.5242 0.5705 0.317
Car 0 0 2.9473 342.3724 180.8507 484.6948 236.9509 1.499 1.5764 3.8114 -5.7888 1.761 21.4733 2.684 0.5025 0.134 0.0006
Car 0 0 -2.5412 415.1737 184.4136 514.8226 224.2698 1.3534 1.5522 3.6799 -5.4205 1.7922 26.7721 -2.7409 0.4879 0.0797 0.0
Car 0 0 0.5527 72.8126 185.9872 366.6832 289.0117 1.5034 1.6388 4.15 -6.3389 1.7154 11.7699 0.0587 0.4262 0.5136 0.6013
Car 0 0 -0.7816 714.314 181.8245 816.1967 229.3172 1.5003 1.5821 3.5226 5.2875 1.8171 24.7936 -0.5715 0.4034 0.125 0.0837
Car 0 0 -2.5072 455.2032 182.7962 531.3589 211.0016 1.4254 1.5385 3.9434 -6.3025 1.9624 38.7343 -2.6685 0.3444 0.0338 0.0
Car 0 0 -2.5591 480.0812 179.5545 546.0268 206.191 1.48 1.5971 3.7951 -5.7192 1.8783 42.3079 -2.6935 0.3088 0.0155 0.4155
Car 0 0 0.473 240.7002 185.0892 448.2189 259.1717 1.5134 1.6482 3.9564 -5.9525 1.7995 16.3138 0.1232 0.2777 0.125 0.7058