Car 0 0 2.0513 85.2564 195.2635 334.2305 322.6728 1.4394 1.5814 3.7967 -5.6913 1.8367 10.7789 1.5655 0.8981 0.8613 0.8422
Car 0 0 1.2801 724.5941 179.9243 846.9521 263.7105 1.4546 1.5913 3.8439 3.3957 1.6221 14.8775 1.5045 0.8602 0.8512 0.7483
Car 0 0 1.8882 348.4579 183.6327 459.0256 245.8896 1.4945 1.6442 4.0993 -5.6517 1.8251 20.1191 1.6144 0.8448 0.7874 0.8295
Car 0 0 -1.7615 689.4736 178.5777 774.4702 236.0377 1.4357 1.6126 3.9546 3.2857 1.6165 20.4362 -1.6021 0.7956 0.7902 0.8204
Car 0 0 -2.193 876.4053 180.8511 1279.0 370.7774 1.5025 1.5339 3.7508 3.2514 1.6024 4.8295 -1.6005 0.6827 0.7963 0.7969
Car 0 0 1.7719 468.5628 176.0819 515.0904 210.4194 1.6101 1.5992 3.6522 -5.8284 1.7727 35.7402 1.6102 0.6593 0.6348 0.4845
Car 0 0 -1.6926 665.0216 174.8138 715.641 214.5196 1.5024 1.5621 3.5155 3.1401 1.5897 29.1814 -1.5854 0.642 0.6586 0.7182
Car 0 0 1.7039 488.7159 178.3516 528.0556 205.0982 1.4663 1.7061 4.4272 -5.9501 1.8082 42.4136 1.5646 0.3625 0.0548 0.0
Car 0 0 0.6635 104.3064 182.322 266.921 237.474 1.4891 1.6164 4.0199 -12.4169 1.7834 21.1764 0.1332 0.352 0.125 0.0
Car 0 0 2.2935 1.0 214.1584 122.8432 376.129 1.4173 1.5685 3.8979 -5.7067 1.8027 5.0688 1.449 0.3163 0.125 0.6883
Car 0 0 2.3836 1.0 203.587 176.9194 374.7436 1.4789 1.6331 4.1248 -5.3592 1.7823 4.6752 1.5302 0.3025 0.0259 0.4477