Car 0 0 -0.3857 836.6138 188.5903 1098.81 283.7627 1.4912 1.6567 3.9393 6.076 1.7787 12.599 0.0636 0.7893 0.6943 0.5605
Car 0 0 -2.8522 167.7358 171.1028 416.7833 259.8739 1.663 1.7345 4.4416 -6.3966 1.6461 14.6042 3.0182 0.766 0.6046 0.0141
Car 0 0 -2.6709 59.3101 188.6503 340.1386 292.271 1.4649 1.6512 3.7949 -6.5284 1.7352 11.521 3.0968 0.7281 0.5329 0.67
Car 0 0 -1.681 633.229 180.8888 676.078 215.2384 1.4544 1.5895 3.926 1.9447 1.838 33.0181 -1.6222 0.6576 0.6442 0.1178
Car 0 0 -0.6125 907.0559 189.0126 1252.614 319.9111 1.5448 1.6236 3.5709 6.1239 1.7754 9.6221 -0.0458 0.6568 0.5874 0.7787
Car 0 0 -2.5707 0.0 191.2781 315.8466 327.4116 1.4272 1.6505 4.1879 -6.4235 1.709 8.9557 3.0903 0.622 0.7064 0.658
Car 0 0 -0.3977 727.4229 176.7703 888.7037 242.0186 1.6572 1.6469 3.988 5.2243 1.7665 19.4823 -0.1357 0.5742 0.438 0.2472
Car 0 0 2.8001 755.3546 184.0917 956.0706 254.042 1.5475 1.7029 4.0549 5.776 1.8167 17.2897 3.1225 0.5707 0.3971 0.8233
Car 0 0 -1.6145 620.7773 179.5394 646.9094 202.9392 1.5408 1.6178 3.9558 1.6178 2.0479 50.8303 -1.5827 0.5638 0.125 0.6791
Car 0 0 -3.0483 373.1012 182.5736 503.8274 226.9901 1.4276 1.6416 4.1666 -5.815 1.769 24.5588 3.0024 0.475 0.1205 0.0
Car 0 0 -0.343 805.7998 187.3831 1028.2235 266.256 1.4926 1.647 3.9093 6.2557 1.8257 15.2258 0.0468 0.4437 0.125 0.4544
Car 0 0 -1.6233 623.5122 180.4243 652.0294 204.2283 1.4782 1.5731 3.7546 1.7504 1.9866 47.3163 -1.5864 0.4341 0.0189 0.0051
Car 0 0 -0.7256 1002.817 173.0707 1241.0 363.2203 1.5594 1.6282 4.0631 5.7065 1.5923 6.4907 -0.0044 0.4117 0.5892 0.3944
Car 0 0 -2.3878 1.0 187.3658 157.5833 370.3843 1.5569 1.6208 3.8525 -6.9005 1.7237 6.7096 3.0959 0.3834 0.1857 0.6511
Car 0 0 0.4118 416.2637 183.751 521.4704 218.3025 1.3521 1.6136 4.3206 -6.0863 1.8375 30.8381 0.2169 0.3602 0.0264 0.1537
Cyclist 0 0 -1.425 520.3918 177.9055 543.798 222.0389 1.6425 0.5345 1.6749 -3.0924 1.8545 28.2156 -1.5342 0.3313 0.0605 0.0626