Pedestrian 0 0 1.3173 650.7206 142.7557 717.3297 295.612 1.7624 0.5881 0.7005 0.9016 1.3236 8.5732 1.4221 0.7648 0.4886 0.2802
Pedestrian 0 0 1.1044 714.4514 134.7268 783.5404 286.2092 1.714 0.5443 0.6303 1.6504 1.1996 8.4354 1.2976 0.7336 0.4498 0.0382
Pedestrian 0 0 1.7591 609.8178 142.8801 654.1964 244.6587 1.7089 0.6159 0.7052 0.4179 1.0741 12.2176 1.7933 0.7168 0.3172 0.5492
Pedestrian 0 0 1.0762 459.3842 141.8249 517.2534 245.8004 1.8331 0.6522 0.8866 -2.2051 1.1499 13.009 0.9083 0.6476 0.3204 0.2076
Pedestrian 0 0 0.9425 727.56 139.3494 794.4334 291.362 1.7211 0.5572 0.7188 1.8134 1.2507 8.5441 1.1516 0.6236 0.125 0.1141
Pedestrian 0 0 1.0908 525.6248 134.953 579.4212 235.7214 1.8797 0.6402 0.8327 -1.0715 1.0225 13.6881 1.0127 0.565 0.2998 0.1462
Pedestrian 0 0 1.3155 536.7157 135.6862 574.7663 233.6655 1.8238 0.6009 0.753 -0.9958 0.9808 13.6249 1.2425 0.5437 0.125 0.1424
Pedestrian 0 0 1.217 514.553 138.3315 566.186 239.0029 1.8436 0.6369 0.8157 -1.2798 1.063 13.4187 1.1219 0.5328 0.3095 0.4348
Pedestrian 0 0 1.4444 575.6746 142.5588 618.0138 245.3761 1.7039 0.5956 0.6764 -0.2036 1.0678 12.1256 1.4276 0.5311 0.1992 0.5085
Pedestrian 0 0 1.4433 445.4354 138.2243 482.8952 239.8182 1.7653 0.5907 0.6122 -2.5804 1.0255 12.7072 1.2429 0.4517 0.125 0.0
Pedestrian 0 0 1.2581 485.4862 143.5832 530.6158 243.5696 1.7462 0.6386 0.714 -1.8109 1.0895 12.8328 1.1179 0.436 0.1723 0.6486
Cyclist 0 0 1.1278 271.9174 148.8959 326.1956 230.4246 1.7574 0.5315 1.7128 -7.0345 1.061 16.1358 0.7167 0.4039 0.125 0.0
Pedestrian 0 0 0.9642 549.8942 150.395 594.078 235.6946 1.6629 0.5594 0.6995 -0.7015 1.0665 14.0252 0.9142 0.3776 0.0537 0.2371
Pedestrian 0 0 1.8998 516.7582 141.6397 547.3445 213.3903 1.7854 0.5968 0.6839 -1.8885 0.8208 18.0136 1.7954 0.3654 0.0088 0.1963
Pedestrian 0 0 1.6911 448.3305 143.7933 480.7881 217.3951 1.8487 0.6315 0.7469 -3.6432 0.921 18.0989 1.4925 0.3293 0.0289 0.5696
Pedestrian 0 0 0.6469 693.5364 138.0851 765.224 283.9516 1.7615 0.5954 0.7168 1.5394 1.2466 9.1546 0.8135 0.3116 0.125 0.286
Pedestrian 0 0 0.9721 271.0336 142.8839 328.0894 245.1675 1.7704 0.6285 0.8199 -5.5736 1.1009 12.7978 0.5613 0.2785 0.0272 0.0
Pedestrian 0 0 2.0158 437.378 140.0856 495.2364 246.5759 1.7567 0.5938 0.7729 -2.4184 1.0813 12.2203 1.8204 0.2744 0.125 0.1135
Pedestrian 0 0 0.0379 706.7564 148.4281 749.4366 238.131 1.625 0.5571 0.6941 2.2522 1.0367 13.2099 0.2067 0.2672 0.125 0.4298
Pedestrian 0 0 0.9749 270.8924 146.4192 322.2932 226.0877 1.6872 0.6137 0.7179 -6.9106 0.9494 15.6907 0.56 0.2606 0.125 0.0
Cyclist 0 0 1.9238 444.058 144.0186 483.9188 210.6686 1.728 0.5462 1.581 -3.8516 0.7585 19.1513 1.7253 0.2535 0.125 0.0