Car 0 0 -1.8092 703.9968 171.361 850.1577 287.1334 1.6223 1.6111 3.8016 2.5386 1.6082 12.0392 -1.6014 0.8787 0.8785 0.6696
Car 0 0 -1.7741 675.0788 179.5637 769.4146 245.917 1.4831 1.6205 3.9729 2.6948 1.675 18.5692 -1.63 0.8234 0.7122 0.8524
Car 0 0 -2.6551 107.034 187.4044 382.9589 284.0615 1.4775 1.6757 4.1223 -6.2151 1.7562 12.4373 -3.1185 0.7982 0.7088 0.623
Car 0 0 -1.6922 654.3103 173.6319 710.8701 221.4974 1.5649 1.5878 3.6234 2.4539 1.6033 25.5854 -1.5966 0.7498 0.7003 0.2202
Car 0 0 0.599 42.9329 191.1602 344.3 309.3188 1.4713 1.6256 3.6639 -6.0892 1.7468 10.2476 0.0629 0.5175 0.4686 0.7448
Car 0 0 -2.9493 446.904 176.5987 537.2524 208.9147 1.545 1.6545 4.0642 -5.8052 1.7408 35.5372 -3.1113 0.3745 0.0754 0.1525
Car 0 0 0.6161 25.0 183.4803 272.9423 357.6058 1.4512 1.5934 4.1962 -5.7736 1.6161 7.0501 -0.0701 0.3692 0.0306 0.3285
Car 0 0 -1.6306 641.9107 177.9251 672.3797 204.8625 1.4814 1.5941 3.8875 2.6755 1.7988 42.18 -1.5673 0.3618 0.3594 0.4654
Car 0 0 0.5543 251.8834 189.3339 415.9862 256.0384 1.5075 1.5997 3.9392 -7.0979 1.9549 18.6431 0.1905 0.3605 0.125 0.0
Car 0 0 -2.8707 387.6553 175.9564 513.2708 224.1535 1.6637 1.7085 3.8415 -5.6283 1.7737 25.6656 -3.0866 0.3577 0.0433 0.0
Car 0 0 -2.8803 430.5368 178.5851 530.478 212.4234 1.4835 1.6686 4.2191 -5.8267 1.7371 32.4604 -3.0579 0.2874 0.125 0.0692
Car 0 0 -1.5887 623.4608 174.7465 641.4561 191.2001 1.5247 1.5557 3.6927 2.0987 1.6914 68.483 -1.5581 0.2778 0.125 0.0