Car 0 0 -1.8646 710.0664 189.6806 854.7406 287.4288 1.4199 1.5302 3.3994 2.8105 1.7437 12.6909 -1.6466 0.8933 0.852 0.8688
Car 0 0 -1.7596 654.2939 182.8782 728.1664 235.8888 1.4625 1.589 3.9607 2.3686 1.7937 22.4222 -1.6544 0.7523 0.8058 0.8678
Car 0 0 -2.6144 120.5216 192.7727 373.6108 278.62 1.395 1.6241 4.003 -6.6888 1.7984 13.3989 -3.0774 0.697 0.125 0.8366
Car 0 0 -2.5656 0.0 196.9894 303.0582 337.1105 1.4142 1.6684 4.2921 -6.3904 1.7213 8.3214 3.0627 0.6578 0.5603 0.5434
Car 0 0 -2.6268 197.7411 188.704 413.4316 264.2481 1.4574 1.611 4.0787 -6.5885 1.8289 15.6626 -3.025 0.6404 0.5941 0.7938
Car 0 0 -2.8317 378.2998 182.3168 500.5812 226.4341 1.4775 1.6375 3.87 -6.1198 1.822 25.9059 -3.0637 0.5015 0.2953 0.5913
Car 0 0 -1.6463 645.6966 180.4512 683.6697 213.9797 1.467 1.557 3.6317 2.5079 1.8418 34.2198 -1.5731 0.4453 0.122 0.5658
Car 0 0 -2.7432 255.3822 186.1387 426.7859 249.6819 1.4395 1.582 3.5667 -6.6514 1.7957 17.9641 -3.0978 0.4367 0.0446 0.0
Car 0 0 0.5295 276.46 180.6398 447.2078 241.078 1.5156 1.6238 4.0131 -6.5984 1.7191 19.2732 0.1996 0.4129 0.0584 0.0
Car 0 0 3.1068 352.7192 183.4811 471.2291 228.6382 1.4872 1.6844 4.0456 -7.1224 1.8858 25.8925 2.8384 0.3931 0.125 0.4486
Car 0 0 -2.4349 81.7246 191.1685 349.6946 293.5867 1.4034 1.59 3.8434 -6.419 1.7379 11.8051 -2.933 0.3773 0.125 0.4326
Car 0 0 0.5024 321.172 187.6763 451.1612 239.396 1.4277 1.6086 3.6003 -6.8027 1.8986 22.0428 0.203 0.3039 0.0191 0.0
Car 0 0 -2.6189 471.5509 177.8616 548.1648 206.3326 1.5312 1.6712 3.9777 -5.6762 1.8311 40.5543 -2.7579 0.2786 0.0245 0.0