Car 0 0 -1.894 708.277 189.0377 860.1228 282.7372 1.4059 1.5932 3.9935 2.9905 1.7436 13.4268 -1.6749 0.8538 0.839 0.7074
Car 0 0 -1.6457 657.497 174.841 706.5236 218.0397 1.5812 1.6141 3.9074 2.7886 1.6794 28.883 -1.5495 0.6568 0.5258 0.0612
Car 0 0 -2.7896 404.2191 174.6605 521.5672 217.0372 1.5469 1.6529 4.0174 -5.5483 1.6117 27.3328 -2.9899 0.5462 0.3256 0.4454
Car 0 0 -2.4383 28.4488 158.6551 320.4274 295.4686 1.8079 1.7378 4.1901 -6.7747 1.6222 10.9873 -2.9909 0.5257 0.125 0.6224
Car 0 0 -2.7467 369.7291 176.7949 501.5158 224.4449 1.5111 1.6552 3.9863 -5.9543 1.6547 24.62 -2.984 0.461 0.1779 0.0
Car 0 0 -2.8862 443.6813 172.1887 540.7965 206.4206 1.6178 1.688 4.1635 -5.7479 1.5977 35.2176 -3.048 0.4157 0.1167 0.0
Car 0 0 -2.5118 13.5251 180.5668 283.4524 325.7134 1.462 1.5816 3.7402 -6.419 1.5743 8.4792 3.1234 0.3529 0.0592 0.8464
Car 0 0 -1.6104 636.6772 177.6038 661.2552 199.2724 1.4986 1.5816 3.6324 2.7624 1.8434 52.1596 -1.5575 0.3474 0.1103 0.0
Car 0 0 -2.8433 469.2478 171.681 547.6793 204.4341 1.7231 1.7181 4.1192 -5.5152 1.6679 39.0632 -2.9836 0.3131 0.125 0.0
Car 0 0 -1.6145 634.9408 176.6986 657.3971 197.1382 1.5415 1.5803 3.6924 2.8234 1.8691 57.3843 -1.5654 0.2729 0.125 0.0
Car 0 0 1.0969 1.0 183.9216 212.2001 376.8831 1.6286 1.6371 4.0289 -5.3583 1.7401 5.2549 0.3018 0.2627 0.0176 0.3349