Pedestrian 0 0 0.5605 598.6379 160.0966 664.511 305.7829 1.7004 0.5771 0.723 0.3113 1.4543 8.7672 0.596 0.7647 0.5174 0.456
Cyclist 0 0 1.1997 431.4219 162.431 496.2016 272.5558 1.7738 0.5838 1.8874 -2.4444 1.4614 12.428 1.0055 0.7388 0.4906 0.4553
Cyclist 0 0 1.9667 263.5965 158.982 356.9108 344.5535 1.7526 0.5938 1.7314 -2.9841 1.5391 7.3454 1.5808 0.6638 0.125 0.2401
Pedestrian 0 0 2.1673 252.6279 157.2029 376.0451 350.9282 1.7332 0.5994 0.8805 -2.8916 1.5246 7.2213 1.7864 0.6305 0.0307 0.0
Cyclist 0 0 2.1052 241.2192 164.9333 379.7685 360.4639 1.6906 0.5672 1.872 -2.7637 1.5469 6.8838 1.7234 0.6031 0.1555 0.6527
Pedestrian 0 0 -1.3717 231.5535 166.8985 291.8743 316.089 1.6483 0.5758 0.8425 -4.0178 1.4989 8.4145 -1.8171 0.5656 0.0232 0.4308
Car 0 0 1.7062 478.3098 167.4256 524.1102 205.9365 1.7172 1.7072 4.0831 -4.7075 1.0699 34.0967 1.569 0.4286 0.2927 0.0
Pedestrian 0 0 -1.5289 662.6326 168.2811 727.4094 301.2111 1.6516 0.6347 0.7496 1.1796 1.4815 9.4326 -1.4045 0.4146 0.2376 0.4178
Pedestrian 0 0 1.248 704.3145 155.9991 733.6383 233.416 1.946 0.63 0.7755 2.9909 1.3056 18.5216 1.4081 0.3286 0.125 0.0548
Pedestrian 0 0 1.1572 722.2527 160.8102 749.3563 229.0022 1.7878 0.6036 0.6786 3.5821 1.2509 19.4223 1.3396 0.2911 0.0174 0.0
Cyclist 0 0 1.8763 349.4489 172.9675 390.501 234.7269 1.6583 0.5441 1.7637 -6.6464 1.4319 20.5429 1.5634 0.2836 0.125 0.0