Car 0 0 -0.5580000281333923 896.7000122070312 192.36329650878906 1190.135986328125 295.1888122558594 1.4962999820709229 1.6330000162124634 3.6282999515533447 6.735799789428711 1.8270000219345093 11.586799621582031 -0.03139999881386757 0.859499990940094 0.7319999933242798 0.49639999866485596
Car 0 0 0.5665000081062317 147.48519897460938 176.59039306640625 415.7130126953125 270.76080322265625 1.5176000595092773 1.6627999544143677 3.9077999591827393 -5.789999961853027 1.583899974822998 12.59630012512207 0.1356000006198883 0.8302000164985657 0.7598000168800354 0.5273000001907349
Car 0 0 -0.5956000089645386 842.673828125 183.81289672851562 1063.9061279296875 271.63531494140625 1.5716999769210815 1.6313999891281128 3.705199956893921 6.613399982452393 1.792099952697754 14.183899879455566 -0.15929999947547913 0.7513999938964844 0.6693999767303467 0.3450999855995178
Car 0 0 -0.16769999265670776 723.80810546875 180.8623046875 856.0238037109375 230.69009399414062 1.5221999883651733 1.645799994468689 3.796099901199341 5.72760009765625 1.7922999858856201 23.26609992980957 0.07370000332593918 0.7486000061035156 0.6179999709129333 0.7846999764442444
Car 0 0 -2.522200107574463 0.0 188.1616973876953 316.276611328125 332.0293884277344 1.4557000398635864 1.6799999475479126 4.3109002113342285 -6.2480998039245605 1.6526999473571777 8.315799713134766 3.1166000366210938 0.6444000005722046 0.7730000019073486 0.7372999787330627
Car 0 0 -1.6540000438690186 638.2802124023438 178.11880493164062 676.61962890625 209.90919494628906 1.4668999910354614 1.583899974822998 3.918600082397461 2.259000062942505 1.7425999641418457 35.6593017578125 -1.5908000469207764 0.5849000215530396 0.661899983882904 0.24549999833106995
Car 0 0 -2.843400001525879 246.05490112304688 173.49130249023438 440.30499267578125 247.1696014404297 1.6412999629974365 1.6875 4.103899955749512 -6.1956000328063965 1.6569000482559204 16.963899612426758 3.089600086212158 0.5691999793052673 0.4765999913215637 0.25369998812675476
Car 0 0 0.48730000853538513 404.6090087890625 176.466796875 516.3184204101562 216.8282012939453 1.531499981880188 1.6131000518798828 3.852799892425537 -5.867700099945068 1.6668000221252441 28.101600646972656 0.2815000116825104 0.4860000014305115 0.24940000474452972 0.0
Car 0 0 -2.851099967956543 332.2828063964844 179.46629333496094 479.44439697265625 230.09339904785156 1.5224000215530396 1.6686999797821045 4.256499767303467 -6.332699775695801 1.7199000120162964 22.51810073852539 -3.125200033187866 0.4593999981880188 0.3481999933719635 0.0
Car 0 0 -2.9539999961853027 463.50030517578125 177.3791961669922 546.1215209960938 205.0800018310547 1.4789999723434448 1.680799961090088 4.314499855041504 -5.876399993896484 1.743299961090088 40.28770065307617 -3.09879994392395 0.3571999967098236 0.0003000000142492354 0.0
Car 0 0 -2.3290998935699463 1.0 184.71629333496094 146.6343994140625 375.4245910644531 1.5785000324249268 1.6313999891281128 3.998500108718872 -6.338900089263916 1.701200008392334 6.119200229644775 -3.1321001052856445 0.33230000734329224 0.07119999825954437 0.6615999937057495
Car 0 0 -2.8159000873565674 283.731201171875 175.0522003173828 456.9378967285156 237.268798828125 1.6074999570846558 1.7345000505447388 4.131899833679199 -6.547399997711182 1.672700047492981 19.776899337768555 -3.1356000900268555 0.29580000042915344 0.021199999377131462 0.0