Car 0 0 -1.738 694.8623 183.9697 792.1098 256.9907 1.4327 1.6118 3.8847 2.906 1.7229 16.7741 -1.5665 0.8312 0.8683 0.7418
Car 0 0 -0.2986 736.9464 177.7083 907.3038 233.8374 1.5116 1.6798 4.226 6.1084 1.6689 21.0575 -0.0162 0.6793 0.5213 0.4403
Car 0 0 -2.8362 377.1884 176.4495 501.1096 225.8548 1.6335 1.6461 3.7778 -5.8805 1.7564 24.9416 -3.0677 0.5892 0.1308 0.1597
Car 0 0 -2.738 343.9647 180.9579 476.1967 230.3316 1.4579 1.6143 3.8735 -6.2993 1.7351 22.9043 -3.0064 0.5843 0.125 0.271
Car 0 0 0.5843 218.8284 177.1225 444.8844 261.3467 1.5223 1.5744 3.8017 -5.5466 1.6219 14.5246 0.2195 0.5713 0.3252 0.5078
Car 0 0 -2.4798 17.9526 193.5826 266.0995 323.313 1.4459 1.6165 3.888 -7.0689 1.7709 9.5613 -3.1164 0.5676 0.4997 0.4924
Car 0 0 -2.9382 297.2854 180.7565 475.7862 238.8147 1.4126 1.6219 4.0817 -5.7695 1.6216 18.6589 3.0451 0.5442 0.0901 0.5518
Car 0 0 -2.9368 404.8072 175.9508 514.0045 218.7892 1.6989 1.7344 4.1459 -6.1959 1.8286 29.7676 3.1412 0.4741 0.1434 0.1975
Car 0 0 0.6001 136.814 180.4503 378.2309 284.4429 1.5259 1.555 3.5126 -5.8066 1.6686 11.8892 0.1458 0.4694 0.0203 0.7329
Car 0 0 -1.5317 635.2016 176.891 665.4992 202.6385 1.5062 1.6128 3.8438 2.4651 1.7677 44.8677 -1.4768 0.4069 0.4157 0.0
Car 0 0 -3.03 445.7896 177.4678 545.552 209.4108 1.5204 1.6819 4.2396 -5.5535 1.75 35.187 3.0967 0.3448 0.0008 0.0062
Car 0 0 -2.4759 1.0 160.8124 134.4339 369.4321 1.6868 1.5922 3.7965 -6.3693 1.6319 6.3156 3.0177 0.3406 0.125 0.5401
Car 0 0 -2.8721 166.015 182.4695 434.4759 269.7535 1.5018 1.6622 4.061 -5.7356 1.7159 13.6135 3.0124 0.3242 0.125 0.4841
Car 0 0 -2.3 1012.5533 171.2028 1241.0 364.9085 1.5592 1.591 3.7702 3.2126 1.6065 3.1886 -1.5109 0.2715 2.0 0.5036
Car 0 0 -2.9545 36.9754 191.2216 324.1907 286.7417 1.4153 1.618 3.7442 -6.9506 1.742 11.8069 2.7966 0.2536 0.125 0.4215