Pedestrian 0 0 -1.8401 206.825 164.7262 294.7323 347.7298 1.6586 0.6126 0.8363 -3.4573 1.5098 6.9658 -2.3008 0.8213 0.5662 0.5038
Pedestrian 0 0 -1.6124 741.4532 169.0472 819.8929 345.3728 1.6333 0.6214 0.851 1.73 1.5146 7.2144 -1.377 0.7956 0.54 0.1867
Pedestrian 0 0 -1.8733 677.7746 156.5231 757.8025 348.4018 1.7156 0.604 0.7627 1.0362 1.4915 6.9107 -1.7244 0.7428 0.5747 0.3526
Pedestrian 0 0 -1.1101 872.9609 154.3667 917.2302 261.2941 1.734 0.5863 0.6392 4.8847 1.2885 12.0529 -0.7251 0.4791 0.0033 0.3828
Pedestrian 0 0 2.8332 830.0088 165.3207 857.0964 217.5823 1.6489 0.5498 0.6245 7.6759 1.1338 22.8607 -3.1261 0.4615 0.0315 0.0246
Car 0 0 1.6883 528.8224 166.4982 583.4038 210.8611 1.7045 1.7148 4.1463 -1.8063 1.097 29.4083 1.6269 0.4377 0.3962 0.0
Pedestrian 0 0 -0.5806 867.3549 158.1199 931.734 258.4448 1.7512 0.6177 0.767 5.3323 1.3489 12.975 -0.1907 0.3632 0.0319 0.0
Cyclist 0 0 0.6752 307.8486 186.4738 368.45 263.0608 1.5641 0.5649 1.7317 -5.7533 1.6819 15.639 0.3227 0.3461 0.125 0.0
Pedestrian 0 0 1.9119 462.9631 171.6624 487.2979 217.9805 1.7802 0.6381 0.7875 -4.9036 1.3887 27.8628 1.7377 0.3063 0.125 0.0
Cyclist 0 0 1.8167 320.309 186.8774 362.6431 262.9736 1.5716 0.5714 1.7946 -5.8461 1.7256 16.164 1.4697 0.2872 0.125 0.0
Car 0 0 1.6315 598.41 170.1937 623.659 191.1484 1.6 1.6593 4.0277 0.8022 0.7109 56.703 1.6456 0.2682 0.0649 0.0