Car 0 0 -1.8726 709.3482 180.057 879.9101 287.6047 1.4508 1.6224 4.0958 2.7899 1.5863 12.0115 -1.6444 0.8976 0.8907 0.7628
Car 0 0 -2.4828 0.0 191.8481 321.8218 330.7912 1.4467 1.66 4.144 -6.1456 1.7078 8.8339 -3.0906 0.7281 0.7874 0.787
Car 0 0 -1.6973 667.5504 171.4595 725.2392 217.0059 1.5807 1.6272 3.855 3.1016 1.5304 26.8615 -1.5823 0.7043 0.8016 0.7544
Car 0 0 0.5655 156.3182 181.2967 398.2695 265.7203 1.4327 1.6109 3.7764 -6.2469 1.5994 13.4264 0.1301 0.6447 0.1544 0.3174
Car 0 0 -2.7607 389.0471 178.6542 507.5352 222.2206 1.4159 1.5672 3.6585 -5.5583 1.6174 24.7132 -2.9819 0.4621 0.1943 0.0974
Car 0 0 -3.0713 449.037 176.5606 535.5758 207.8206 1.5036 1.6132 3.8107 -5.8676 1.6834 36.0095 3.0503 0.3846 0.3962 0.683
Car 0 0 -2.9547 407.2116 178.1426 510.9732 215.0588 1.4387 1.6211 3.7366 -6.0178 1.6412 28.8806 3.1231 0.383 0.0055 0.0392
Car 0 0 -3.0395 465.2816 176.2064 543.4011 205.7602 1.5066 1.6327 3.8409 -5.4656 1.6826 37.2934 3.0982 0.3115 0.125 0.048
Car 0 0 -1.6748 664.9812 171.7448 707.9812 208.6034 1.5872 1.6151 4.0206 3.4209 1.5433 33.2775 -1.5724 0.2882 0.125 0.0
Car 0 0 -2.3866 1.0 194.4857 167.1263 377.7809 1.5955 1.629 4.1042 -5.8639 1.742 5.4346 3.0732 0.2799 0.125 0.1827
Car 0 0 -1.6256 656.823 173.3118 684.3456 198.5854 1.5643 1.6136 3.7286 3.8484 1.5925 46.4944 -1.543 0.2711 0.0203 0.0