Car 0 0 -1.8663 670.2696 195.2325 828.6285 301.9054 1.4263 1.5748 3.761 2.0689 1.8325 12.0346 -1.6961 0.8713 0.8437 0.849
Car 0 0 1.7505 260.1005 201.6824 400.7673 301.0952 1.4352 1.648 3.9698 -5.0797 2.042 13.5045 1.3907 0.8596 0.8404 0.7381
Car 0 0 -2.0531 747.6396 199.7214 1110.0513 383.0 1.4637 1.6045 4.1288 2.6588 1.781 7.3497 -1.706 0.8474 0.8459 0.8291
Car 0 0 -1.7656 606.6006 181.0539 710.4638 261.8006 1.5876 1.6042 3.5838 0.9141 1.791 16.2572 -1.7095 0.8212 0.8406 0.4691
Car 0 0 1.9607 0.0 208.7298 337.7543 378.3923 1.4746 1.5976 3.4866 -3.9078 1.8621 6.5998 1.4261 0.8164 0.7417 0.5267
Car 0 0 1.6872 380.2267 180.2394 454.3296 243.585 1.6438 1.6724 4.1928 -5.6015 1.878 21.2436 1.4294 0.6661 0.676 0.0383
Car 0 0 -1.679 568.9716 186.2239 619.0295 226.5466 1.4821 1.581 3.8561 -0.7807 2.0609 29.4873 -1.7054 0.5586 0.7008 0.7041
Car 0 0 -1.6796 586.4304 184.1301 653.7141 238.9914 1.4635 1.5972 3.9372 0.1881 1.8234 21.7167 -1.671 0.5418 0.1622 0.0
Car 0 0 1.6269 448.994 186.1643 479.5782 213.3455 1.5313 1.6485 3.9016 -9.0865 2.401 44.9958 1.4277 0.4125 0.5625 0.4005
Car 0 0 -1.7494 581.752 184.8516 667.9258 245.531 1.468 1.633 3.8671 0.2481 1.8359 20.3754 -1.7373 0.3222 0.125 0.08
Car 0 0 -2.5312 999.0492 191.4402 1241.0 375.0268 1.4947 1.5706 3.7881 2.9902 1.6225 2.0646 -1.5647 0.2511 1.0 0.6006