Car 0 0 -1.9121 729.7098 186.0339 972.4993 335.7747 1.3891 1.6273 4.1207 2.6757 1.5996 9.1791 -1.6285 0.9087 0.8707 0.8392
Car 0 0 0.5152 57.1276 176.5725 385.5048 290.1543 1.5694 1.6943 4.372 -6.0932 1.645 11.3123 0.0211 0.7969 0.7184 0.3981
Car 0 0 -0.633 743.2242 176.9521 842.6981 217.8574 1.5724 1.6564 3.8845 7.566 1.7726 30.0306 -0.3862 0.5671 0.2582 0.0727
Car 0 0 -2.9161 409.8905 171.7933 525.0796 213.0518 1.5131 1.6393 3.9544 -5.3627 1.471 27.1551 -3.111 0.5455 0.3882 0.2454
Car 0 0 0.7139 837.7364 184.4576 1056.339 263.1867 1.4411 1.5763 4.1339 6.7503 1.7107 15.0124 1.1365 0.4414 0.2357 0.2674
Car 0 0 -2.7016 348.8524 173.7625 490.4948 221.6715 1.4487 1.6164 4.0022 -6.054 1.4773 22.8916 -2.9601 0.4375 0.2014 0.0
Car 0 0 -2.6566 307.8016 176.0101 457.0136 235.2589 1.4383 1.5911 3.8274 -6.0547 1.5374 19.235 -2.9616 0.4111 0.2038 0.0285
Car 0 0 -0.4239 679.9264 176.3509 754.2867 205.6433 1.5296 1.608 3.5704 5.835 1.7467 39.5884 -0.2776 0.381 0.0818 0.0499
Car 0 0 -1.6088 634.8269 175.4432 657.8276 195.0701 1.4205 1.5577 3.93 2.7063 1.6293 54.6426 -1.5593 0.3698 0.4371 0.2911
Car 0 0 -2.442 213.7027 179.3086 431.772 261.5928 1.5974 1.709 4.4623 -6.275 1.7428 15.7536 -2.8211 0.3694 0.0372 0.0
Car 0 0 -2.6262 124.1905 162.6429 412.0489 262.4206 1.5385 1.6782 4.5435 -6.0359 1.3807 12.6463 -3.0715 0.369 0.0645 0.0
Car 0 0 -2.8255 168.7267 182.0372 401.4539 263.0271 1.4586 1.6272 4.0067 -6.4651 1.6629 14.2297 3.0312 0.3596 0.125 0.0
Car 0 0 -2.5433 1.0 163.5255 208.3064 323.3296 1.665 1.6615 3.7141 -7.56 1.6063 8.4767 3.0116 0.3581 0.0277 0.3914
Car 0 0 -2.4546 285.8646 182.0814 436.1287 238.1328 1.3779 1.597 3.715 -6.7031 1.6271 19.2671 -2.7894 0.2942 0.125 0.0507
Car 0 0 -0.2484 740.263 179.0782 822.2126 222.9258 1.6013 1.5477 3.607 6.6267 1.849 28.1445 -0.0172 0.2792 0.0001 0.4602
Car 0 0 0.2274 480.2812 170.6297 554.24 197.6186 1.5453 1.5873 3.5703 -5.4679 1.4146 42.017 0.098 0.2515 0.125 0.0