Pedestrian 0 0 1.2393 675.0458 140.5822 750.3374 298.0228 1.7729 0.6234 0.806 1.2055 1.3178 8.3246 1.3831 0.8089 0.4661 0.4365
Pedestrian 0 0 0.8572 743.4663 147.1337 815.8183 299.03 1.7233 0.5562 0.7065 2.0215 1.3427 8.3972 1.0934 0.7332 0.3871 0.4931
Pedestrian 0 0 1.2069 833.9607 148.7017 903.9784 298.175 1.6977 0.592 0.673 3.0637 1.3279 8.3894 1.557 0.7285 0.4048 0.3852
Pedestrian 0 0 1.3077 485.1062 143.2264 554.9449 296.1744 1.8189 0.6325 0.8946 -1.1249 1.3666 8.894 1.1819 0.7129 0.4323 0.6537
Pedestrian 0 0 1.013 557.9344 141.5864 626.9276 278.8786 1.8237 0.5856 0.8756 -0.2371 1.2968 9.8295 0.9889 0.6433 0.3721 0.6032
Pedestrian 0 0 0.7118 892.675 145.7883 980.0931 299.279 1.7548 0.5585 0.8158 3.8836 1.3585 8.4173 1.1441 0.6391 0.4053 0.3162
Pedestrian 0 0 0.8944 623.8499 136.4658 689.0396 268.047 1.8425 0.6145 0.8161 0.6913 1.2204 10.3283 0.9612 0.6047 0.371 0.5091
Pedestrian 0 0 1.5491 940.5707 148.9756 1058.999 368.0734 1.6213 0.5979 0.4847 2.2878 1.452 4.2011 2.0478 0.5902 0.125 0.3259
Pedestrian 0 0 1.0155 916.9452 110.6653 1224.0031 355.6562 1.7193 0.6882 0.7208 1.6194 1.4441 2.9482 1.5178 0.573 1.0 0.0
Pedestrian 0 0 1.1109 473.9528 144.5064 519.0731 232.879 1.8068 0.6326 0.8309 -2.3272 1.063 14.7725 0.9547 0.5192 0.2788 0.1523
Pedestrian 0 0 0.9303 523.0637 144.4384 596.685 284.369 1.7733 0.5994 0.7401 -0.6478 1.3192 9.3455 0.8611 0.5009 0.2437 0.6161
Pedestrian 0 0 0.9501 903.3948 133.303 1084.5262 371.5259 1.6736 0.618 0.6637 1.8753 1.4513 3.3943 1.4548 0.5006 9.0 0.0293
Pedestrian 0 0 1.0276 1015.9322 126.5364 1162.7599 383.0 1.8148 0.5427 0.5742 2.7585 1.4758 4.1907 1.6097 0.4373 4.0 0.4677
Pedestrian 0 0 0.9355 601.5948 161.1081 662.6637 275.0596 1.6479 0.5571 0.6948 0.3511 1.3614 10.5443 0.9688 0.4252 0.0003 0.1472
Pedestrian 0 0 0.988 248.9734 139.6226 310.5141 256.3332 1.8862 0.6312 0.8358 -5.5121 1.2115 11.876 0.5534 0.414 0.125 0.3034
Pedestrian 0 0 1.0971 537.2268 141.8756 590.8813 279.4075 1.6429 0.5597 0.6426 -0.5762 1.1769 8.9808 1.033 0.4024 0.0098 0.2872
Pedestrian 0 0 0.7364 226.0854 131.7094 324.2869 305.9655 1.8528 0.6174 0.8718 -3.7588 1.3333 7.9605 0.2952 0.3882 0.0242 0.0
Pedestrian 0 0 0.908 512.6486 151.2533 583.224 279.1005 1.6252 0.5884 0.7378 -0.8188 1.2565 9.4751 0.8218 0.3636 0.125 0.5328
Pedestrian 0 0 1.643 580.3175 135.0492 628.6215 261.9337 1.8399 0.6006 0.6495 -0.0639 1.1712 10.8274 1.6371 0.319 0.125 0.0
Cyclist 0 0 2.1155 468.04 140.4649 516.377 222.9572 1.7546 0.5575 1.709 -2.5575 0.8871 15.79 1.9549 0.2847 0.125 0.0
Pedestrian 0 0 0.8807 1021.8802 132.0962 1136.3766 355.1448 1.698 0.5433 0.5926 3.3158 1.3808 4.9384 1.472 0.2824 0.0314 0.0
Pedestrian 0 0 1.9103 590.2585 140.6778 625.9485 222.8695 1.7655 0.5899 0.6759 0.0322 0.8971 15.784 1.9124 0.2782 0.0122 0.0
Pedestrian 0 0 0.5078 1004.0356 121.3797 1201.5468 364.2929 1.7351 0.6392 0.7577 2.4897 1.4319 3.8263 1.0846 0.277 2.0 0.1865