Cyclist 0 0 1.5355 395.915 165.5545 461.3469 298.8693 1.7356 0.5886 1.813 -2.4571 1.5104 10.1532 1.2981 0.7607 0.5981 0.6023
Pedestrian 0 0 -1.3418 670.7835 164.6124 726.2978 310.9732 1.6913 0.5677 0.8423 1.1429 1.5013 8.7964 -1.2126 0.5881 0.2966 0.5072
Pedestrian 0 0 1.3089 604.3122 157.6148 664.4613 311.3574 1.6814 0.5928 0.764 0.334 1.4205 8.3362 1.349 0.5879 0.5646 0.4518
Pedestrian 0 0 -1.7575 212.2912 176.273 287.2333 326.1203 1.6273 0.5845 0.6844 -4.0988 1.5698 8.3004 -2.2162 0.5583 0.125 0.3785
Cyclist 0 0 1.6956 434.6768 167.1026 472.5748 248.5454 1.7216 0.5538 1.6767 -3.2902 1.4172 15.8561 1.4909 0.5196 0.3043 0.1585
Car 0 0 1.7012 477.1971 169.0078 523.657 207.3313 1.7505 1.6677 3.9887 -4.8227 1.1601 34.6743 1.563 0.49 0.4978 0.0
Pedestrian 0 0 0.9156 707.1986 157.2114 740.6493 233.1232 1.9171 0.6379 0.8129 3.1393 1.3104 18.6973 1.0819 0.4385 0.0347 0.0
Pedestrian 0 0 1.023 729.5767 162.2031 757.3089 228.7846 1.7653 0.5944 0.6314 3.8005 1.2598 19.4432 1.2161 0.4284 0.0523 0.0
Pedestrian 0 0 -2.2873 130.745 164.645 300.7665 368.829 1.6957 0.5921 0.8443 -2.611 1.576 4.9521 -2.7725 0.3231 0.0083 0.0
Cyclist 0 0 2.1711 116.6118 155.094 312.5329 366.5616 1.6622 0.5622 1.6632 -2.3767 1.5285 4.2693 1.6631 0.289 0.0198 0.1626
Pedestrian 0 0 2.1722 117.5429 162.3894 259.7798 376.3834 1.7008 0.6189 0.7166 -3.107 1.5488 5.3461 1.6457 0.2666 0.125 0.0