Pedestrian 0 0 1.5108 600.7138 138.2362 639.3971 233.4281 1.695 0.6303 0.6428 0.2305 0.9292 13.0228 1.5285 0.7212 0.4628 0.0064
Pedestrian 0 0 1.4904 563.9945 143.1672 604.3388 235.0877 1.7656 0.6391 0.7506 -0.4667 1.0413 14.0886 1.4573 0.6979 0.2874 0.3541
Pedestrian 0 0 1.6619 574.6002 141.0624 608.9266 237.0805 1.7756 0.5905 0.7203 -0.3033 1.0321 13.5085 1.6395 0.6171 0.125 0.5181
Pedestrian 0 0 1.4044 485.8778 139.8545 522.6869 220.7444 1.8465 0.6472 0.8141 -2.4269 0.9082 16.687 1.26 0.5995 0.3935 0.3076
Pedestrian 0 0 0.7198 893.1226 139.5722 995.8899 348.3061 1.708 0.5396 0.6685 2.8955 1.3814 6.1581 1.1593 0.5833 0.294 0.6284
Pedestrian 0 0 1.2454 520.527 140.6409 559.965 222.1065 1.7608 0.6149 0.7321 -1.4947 0.8974 15.7329 1.1507 0.5763 0.5071 0.3563
Pedestrian 0 0 0.8586 805.5576 141.7309 917.3493 364.1573 1.78 0.5669 0.8496 2.0857 1.4639 5.9423 1.1962 0.5399 0.3646 0.2708
Pedestrian 0 0 1.7382 469.4784 140.0381 497.6035 214.0879 1.7763 0.553 0.5409 -3.0482 0.7924 17.4572 1.5653 0.5081 0.125 0.0
Pedestrian 0 0 1.4012 461.6338 142.2086 498.9917 219.7003 1.7643 0.622 0.6875 -2.9438 0.8855 16.4328 1.224 0.507 0.1935 0.2155
Pedestrian 0 0 0.7461 256.7285 144.4161 325.6578 234.4909 1.8832 0.6492 0.9501 -6.9458 1.1195 15.5639 0.3263 0.4924 0.125 0.0
Pedestrian 0 0 1.1789 435.746 142.0289 475.7491 227.5308 1.8258 0.6235 0.729 -3.3347 0.9877 15.6026 0.9684 0.4706 0.0 0.2525
Pedestrian 0 0 1.7406 439.4144 145.0006 471.9192 216.1021 1.8028 0.6354 0.7304 -3.908 0.9 18.3158 1.5304 0.4291 0.077 0.0
Pedestrian 0 0 0.4238 782.3284 142.2534 899.4098 364.6246 1.7881 0.5799 0.7732 1.8752 1.4789 5.7222 0.7405 0.415 0.125 0.5451
Pedestrian 0 0 0.5786 684.3386 148.1798 707.2762 204.3415 1.6783 0.4637 0.6218 2.6863 0.7124 21.2135 0.7046 0.4036 0.0949 0.0
Pedestrian 0 0 1.2745 512.2989 140.7914 543.09 204.6903 1.7975 0.622 0.7475 -2.2546 0.6791 20.337 1.1641 0.3779 0.125 0.0
Pedestrian 0 0 2.653 864.5493 146.5472 985.7216 349.5715 1.6733 0.5529 0.6476 2.6092 1.3821 5.9855 3.0641 0.3758 0.0144 0.2225
Pedestrian 0 0 1.4321 549.4552 145.0389 578.675 218.1348 1.6683 0.6 0.6351 -1.0082 0.8554 16.6289 1.3716 0.3611 0.125 0.0762
Pedestrian 0 0 1.313 549.5516 139.0499 587.9864 215.9192 1.8087 0.6323 0.7995 -0.9382 0.8336 17.4005 1.2591 0.3521 0.0054 0.0
Pedestrian 0 0 1.2809 516.1698 142.7158 548.656 219.2867 1.6578 0.5942 0.6624 -1.6768 0.8325 15.8421 1.1754 0.35 0.0052 0.1514
Pedestrian 0 0 0.5282 860.4643 135.3994 957.1628 343.2745 1.8224 0.5184 0.9579 2.7724 1.4401 6.6004 0.9258 0.346 0.125 0.2156
Pedestrian 0 0 2.6034 886.4034 138.9086 971.3379 341.9468 1.7422 0.5337 0.8795 2.8976 1.3899 6.4695 3.0245 0.3162 0.0026 0.2694
Pedestrian 0 0 1.634 517.2605 141.8961 539.6711 197.3736 1.7508 0.5766 0.6365 -2.5332 0.5305 23.0456 1.5246 0.3036 0.125 0.0
Pedestrian 0 0 0.4996 266.6552 144.3567 318.0272 218.3272 1.7714 0.6392 0.8266 -7.727 0.9031 17.3631 0.0809 0.2987 0.0094 0.0
Pedestrian 0 0 -0.4043 677.3002 145.2963 713.5032 202.7974 1.6694 0.5824 0.8336 2.6626 0.6393 20.9307 -0.2778 0.2982 0.125 0.0
Pedestrian 0 0 1.3614 498.5933 138.2475 533.6238 208.6489 1.8073 0.6314 0.7635 -2.4129 0.7221 18.8432 1.2341 0.2822 0.125 0.0