Pedestrian 0 0 1.692 430.1346 161.732 478.2455 277.8783 1.7796 0.6735 0.7787 -2.3814 1.4729 11.4521 1.487 0.8301 0.5363 0.5334
Pedestrian 0 0 -0.9626 566.6972 165.4631 621.4455 275.7748 1.7029 0.6187 0.8719 -0.1505 1.4537 11.6358 -0.9756 0.7576 0.6233 0.4741
Cyclist 0 0 1.6367 489.3185 166.5287 536.8933 260.4768 1.7663 0.5762 1.6682 -1.7666 1.4791 14.1571 1.5125 0.6799 0.6506 0.7162
Cyclist 0 0 0.9817 351.0809 186.1646 414.4133 274.577 1.6266 0.6017 1.668 -4.3262 1.7238 14.0888 0.6838 0.6252 0.125 0.0
Pedestrian 0 0 -1.6483 888.7025 147.5075 959.493 304.2251 1.7865 0.6053 0.8581 3.8793 1.3957 8.7847 -1.2324 0.6181 0.4109 0.131
Cyclist 0 0 0.9243 721.2716 143.0172 858.9093 332.4734 1.8447 0.5876 1.8841 1.9509 1.4557 7.7563 1.1707 0.5268 0.1298 0.0
Pedestrian 0 0 -1.5526 551.9584 169.1902 575.9623 221.9426 1.6536 0.633 0.7419 -1.2116 1.2644 22.7586 -1.6058 0.4608 0.0968 0.1081
Pedestrian 0 0 0.8681 318.6014 182.5197 374.5361 275.849 1.6617 0.6449 0.8393 -4.7929 1.6888 13.4238 0.5252 0.4476 0.125 0.0
Pedestrian 0 0 1.0596 360.4303 186.3459 405.548 276.9365 1.6725 0.6215 0.8028 -4.2452 1.7746 13.8305 0.7618 0.4232 0.125 0.0
Cyclist 0 0 2.4176 166.1771 153.2588 310.7764 328.7218 1.7872 0.5446 1.9399 -4.1632 1.5041 8.2459 1.9501 0.3985 0.125 0.0
Pedestrian 0 0 1.5926 527.4633 165.2815 549.8292 218.5651 1.7644 0.637 0.7606 -2.1547 1.2243 24.2891 1.5041 0.3754 0.0271 0.0
Pedestrian 0 0 1.1863 756.0364 146.0999 828.1941 272.3469 1.9135 0.67 0.8607 2.9819 1.3632 11.4979 1.4401 0.362 0.125 0.0
Pedestrian 0 0 0.9817 351.0809 186.1646 414.4133 274.577 1.6486 0.6656 0.7967 -4.3683 1.7438 14.2279 0.6838 0.3074 0.125 0.0
Pedestrian 0 0 1.6843 475.3624 167.7004 499.1394 222.7082 1.7614 0.6065 0.7845 -3.7862 1.3204 23.6409 1.5255 0.3011 0.0152 0.0
Pedestrian 0 0 1.1486 741.2876 136.9675 850.9164 325.0345 1.9504 0.6717 0.9707 2.1163 1.4827 8.0548 1.4055 0.2942 0.125 0.0
Cyclist 0 0 0.9548 738.5033 138.0782 843.2459 297.1614 1.959 0.6519 2.1456 2.5168 1.4284 9.7061 1.2085 0.2807 0.0 0.0
Cyclist 0 0 1.3748 524.8898 168.1515 553.0741 218.3029 1.6911 0.5461 1.5014 -2.1511 1.2127 24.572 1.2875 0.2687 0.125 0.0
Pedestrian 0 0 3.0765 183.7427 153.2521 297.9057 359.0442 1.7312 0.6157 0.8379 -3.2532 1.4867 6.4101 2.6069 0.2555 0.125 0.0