Car 0 0 -1.8083 744.9362 187.7157 932.2234 327.221 1.4496 1.5786 3.6012 2.7885 1.6837 9.7321 -1.5292 0.8644 0.8789 0.8413
Car 0 0 -2.8217 349.3883 178.9811 480.6208 230.4806 1.5848 1.6165 3.9045 -6.3757 1.7998 23.6159 -3.0854 0.599 0.125 0.4781
Car 0 0 -1.6223 635.9994 178.0678 668.8772 207.2836 1.5232 1.6051 3.9915 2.2907 1.8254 40.2737 -1.5655 0.5688 0.5723 0.0781
Car 0 0 -2.7152 241.6587 184.2656 435.8786 252.9098 1.4606 1.6358 4.0836 -6.2597 1.7251 16.6474 -3.0749 0.5297 0.5198 0.617
Car 0 0 -0.4267 800.3617 173.9854 1043.6192 264.5169 1.5827 1.6792 4.0894 5.8902 1.6267 13.9694 -0.0276 0.5231 0.6582 0.3117
Car 0 0 -2.9945 309.2205 176.8989 464.8248 233.9761 1.5778 1.654 3.9023 -6.4897 1.7048 21.0576 2.9897 0.4946 0.3475 0.0259
Car 0 0 -0.366 699.8062 174.8801 816.1369 220.859 1.6545 1.6648 4.0292 5.5371 1.7392 27.3504 -0.1663 0.4841 0.2515 0.3538
Car 0 0 -2.7689 422.1647 177.7916 527.9952 216.3941 1.5621 1.7225 4.1232 -5.6622 1.7753 30.3988 -2.9531 0.4268 0.2068 0.0
Car 0 0 0.8207 23.3538 175.4553 332.2136 321.8954 1.6681 1.6085 3.8192 -5.9021 1.7272 9.6598 0.2722 0.4226 0.6053 0.6635
Car 0 0 2.5392 724.4978 181.9644 850.5099 230.1028 1.4417 1.5805 4.0671 5.8198 1.7637 23.675 2.7802 0.418 0.0221 0.0
Car 0 0 0.6487 75.9934 175.2332 362.339 282.8416 1.5226 1.6445 4.2252 -6.2377 1.5831 11.5948 0.1551 0.3525 0.1293 0.5049
Car 0 0 0.7222 0.2486 184.8492 262.1907 368.0976 1.4405 1.5836 4.2463 -5.5205 1.6081 7.026 0.0562 0.3205 0.125 0.5871
Car 0 0 1.5324 745.8465 182.351 861.9807 238.665 1.4017 1.5225 3.7658 5.3605 1.701 20.4901 1.7882 0.3011 0.125 0.27