Car 0 0 -1.9123 782.8842 178.6692 967.993 297.1199 1.5107 1.5466 3.4615 3.8398 1.6105 11.2103 -1.5823 0.9019 0.8938 0.6342
Car 0 0 -1.7975 739.758 179.2812 847.8807 255.0378 1.5103 1.6003 3.7999 4.0372 1.6731 16.57 -1.5585 0.8498 0.835 0.8127
Car 0 0 1.7672 425.3481 184.0298 507.5592 238.9064 1.4702 1.62 3.9071 -4.2664 1.8256 21.7789 1.5737 0.838 0.7604 0.8668
Car 0 0 -1.7257 713.8109 178.6473 781.9088 231.7978 1.5063 1.5384 3.5409 4.189 1.6968 22.5751 -1.5423 0.7949 0.7499 0.7698
Car 0 0 -2.145 898.4921 202.0378 1279.0 378.7868 1.3999 1.5631 3.8881 3.7682 1.6848 5.7736 -1.5668 0.7605 0.8276 0.8341
Car 0 0 1.7412 474.0456 183.5078 532.6586 225.845 1.5056 1.6316 4.0253 -4.2223 1.9588 28.7837 1.5955 0.6907 0.7623 0.3736
Car 0 0 -1.7049 695.2364 176.8917 750.5404 220.2122 1.5727 1.6262 3.8003 4.3359 1.7524 28.5088 -1.5539 0.6517 0.6893 0.5704
Car 0 0 1.6941 504.1042 180.4118 550.2481 216.0298 1.5763 1.6747 3.9685 -3.9572 1.9588 34.6466 1.5804 0.4814 0.2929 0.3302
Car 0 0 -2.6069 941.5255 176.2144 1025.1709 207.226 1.5373 1.5614 3.5456 19.1835 1.7201 37.2816 -2.1316 0.439 0.125 0.0
Car 0 0 1.7651 552.5268 177.6663 586.4066 201.3712 1.503 1.5867 3.9808 -2.7153 1.8416 48.5382 1.7092 0.4274 0.4122 0.6616
Car 0 0 -1.6923 686.5322 174.7289 734.7997 212.8817 1.598 1.6285 3.8641 4.4382 1.7021 32.6088 -1.5571 0.4245 0.1584 0.0