Car 0 0 -1.8107 716.401 187.7552 857.8749 284.5763 1.4191 1.5976 3.7534 2.9297 1.7055 12.9177 -1.5877 0.8809 0.8399 0.7248
Car 0 0 -2.6398 765.9624 187.2247 919.0504 241.5745 1.3949 1.6196 3.9667 6.4973 1.8208 20.4889 -2.3327 0.6773 0.4646 0.3898
Car 0 0 -2.8362 242.6881 176.7771 436.6976 244.1183 1.5424 1.6793 4.1622 -6.5351 1.6416 17.6295 3.092 0.6477 0.5146 0.6755
Car 0 0 0.5441 136.865 169.7197 396.5612 269.2459 1.5811 1.5903 3.7812 -6.0095 1.5373 12.6111 0.0994 0.6421 0.3145 0.0
Car 0 0 0.6306 53.8342 185.3408 349.354 297.8224 1.4959 1.6656 4.1446 -6.2012 1.7027 10.9609 0.1158 0.6181 0.2667 0.479
Car 0 0 2.5357 696.1226 176.5034 808.109 217.5374 1.4726 1.642 4.1701 5.4419 1.6189 27.7077 2.7296 0.5523 0.3018 0.0
Car 0 0 -2.8564 442.5236 178.2158 518.406 208.2176 1.4668 1.5467 3.6099 -6.7162 1.7527 37.3052 -3.0345 0.4392 0.3184 0.2922
Car 0 0 -2.9043 464.902 174.7152 535.737 202.7731 1.5796 1.6242 3.9177 -6.3928 1.6878 41.8549 -3.0559 0.4152 0.1846 0.5925
Car 0 0 3.002 388.3493 177.8776 486.6025 218.0451 1.4519 1.591 4.0212 -6.5909 1.6393 27.344 2.7655 0.3626 0.0043 0.3466
Car 0 0 -2.6701 361.2992 179.7393 477.3905 232.3701 1.4463 1.5738 3.6319 -5.6505 1.6502 21.3717 -2.9286 0.3541 0.0257 0.0
Car 0 0 -2.5937 39.355 183.2521 289.6928 339.0776 1.4798 1.5169 3.4893 -6.0611 1.6298 7.7168 3.0237 0.3393 0.125 0.4834
Car 0 0 -0.1423 749.6158 181.535 870.2903 229.6073 1.4925 1.6438 3.689 6.5675 1.7928 23.9969 0.1249 0.304 0.125 0.0
Car 0 0 -2.6933 0.0 178.546 255.7846 347.606 1.6201 1.6098 3.8211 -6.2591 1.7227 7.8527 2.9169 0.2791 0.125 0.5924
Car 0 0 0.3736 732.8534 180.2538 845.3553 232.441 1.4764 1.5692 4.0257 5.4718 1.7404 22.8528 0.6086 0.2753 0.125 0.0023