Car 0 0 -1.8451000452041626 720.1510009765625 169.5843963623047 909.488525390625 313.4212951660156 1.6406999826431274 1.6195000410079956 3.8164000511169434 2.6031999588012695 1.6101000308990479 10.251500129699707 -1.5964000225067139 0.8944000005722046 0.8769999742507935 0.7889999747276306
Car 0 0 -1.777500033378601 686.3464965820312 182.7686004638672 790.3204956054688 257.0274963378906 1.4278000593185425 1.5867999792099 3.827399969100952 2.726599931716919 1.6871999502182007 16.412599563598633 -1.6129000186920166 0.8317000269889832 0.8154000043869019 0.855400025844574
Car 0 0 -2.654900074005127 7.861000061035156 187.86000061035156 350.5356140136719 312.3057861328125 1.5601999759674072 1.6654000282287598 3.9372000694274902 -6.00600004196167 1.7935999631881714 10.193900108337402 3.0957999229431152 0.7940999865531921 0.779699981212616 0.45239999890327454
Car 0 0 -1.702299952507019 656.9224853515625 174.66070556640625 719.4044189453125 226.60519409179688 1.5928000211715698 1.6024999618530273 3.710200071334839 2.487299919128418 1.6569000482559204 24.154199600219727 -1.5996999740600586 0.7114999890327454 0.7663000226020813 0.35850000381469727
Car 0 0 0.6590999960899353 55.59379959106445 191.43699645996094 302.3323974609375 343.8590087890625 1.4859999418258667 1.6126999855041504 4.2241997718811035 -6.14769983291626 1.7167999744415283 8.065899848937988 0.007799999788403511 0.4966000020503998 0.16920000314712524 0.6801000237464905
Car 0 0 -2.9165000915527344 389.1435852050781 176.22390747070312 507.1783142089844 225.05419921875 1.6136000156402588 1.6440000534057617 3.679800033569336 -5.592599868774414 1.7307000160217285 24.976200103759766 -3.1368000507354736 0.4869000017642975 0.10239999741315842 0.218299999833107
Car 0 0 -3.023400068283081 447.3992004394531 177.7761993408203 537.7335815429688 208.7292938232422 1.445099949836731 1.6295000314712524 4.092299938201904 -5.69789981842041 1.6891000270843506 34.89630126953125 3.097899913787842 0.47269999980926514 0.01140000019222498 0.44440001249313354
Car 0 0 -1.6653000116348267 643.0885009765625 178.67239379882812 678.5791015625 207.49920654296875 1.4636000394821167 1.5878000259399414 3.658600091934204 2.6749000549316406 1.7965999841690063 39.19419860839844 -1.597100019454956 0.4717999994754791 0.2720000147819519 0.756600022315979
Car 0 0 -2.847399950027466 425.993408203125 178.35049438476562 533.9035034179688 213.4232940673828 1.4771000146865845 1.6612999439239502 4.301799774169922 -5.683000087738037 1.7071000337600708 31.49959945678711 -3.025899887084961 0.399399995803833 0.10580000281333923 0.0
Car 0 0 1.5151000022888184 641.0593872070312 179.15769958496094 671.1710205078125 205.77679443359375 1.4681999683380127 1.5748000144958496 3.7430999279022217 2.6886000633239746 1.860700011253357 42.69380187988281 1.5779000520706177 0.36090001463890076 0.007199999876320362 0.0203000009059906
Car 0 0 0.5509999990463257 2.025599956512451 185.17050170898438 275.0906066894531 342.0679931640625 1.497499942779541 1.594599962234497 4.1057000160217285 -6.172699928283691 1.6705000400543213 7.981900215148926 -0.10729999840259552 0.3506999909877777 0.03480000048875809 0.6028000116348267
Car 0 0 -2.7309999465942383 114.94419860839844 192.02960205078125 375.0650939941406 280.0621032714844 1.4156999588012695 1.6435999870300293 4.084799766540527 -6.689000129699707 1.8075000047683716 13.407099723815918 3.089400053024292 0.32760000228881836 0.08609999716281891 0.718500018119812