Car 0 0 2.033 53.811 204.4976 310.4127 339.9752 1.5084 1.5938 3.7969 -6.0429 2.0378 10.6659 1.5175 0.8813 0.8063 0.777
Car 0 0 1.8698 272.4897 194.3903 408.3963 271.8482 1.4507 1.6374 4.1898 -6.0939 2.01 16.6949 1.5198 0.8799 0.8419 0.7852
Car 0 0 1.8524 389.7352 188.7706 475.1618 238.879 1.4511 1.6191 3.9757 -5.8938 2.0285 24.2259 1.6137 0.8243 0.7574 0.8057
Car 0 0 -1.7557 698.7917 174.5314 790.1016 241.5055 1.5442 1.6048 3.6827 3.3038 1.5961 18.6099 -1.58 0.8098 0.8557 0.6689
Car 0 0 -1.7128 678.1654 174.2599 744.22 227.5903 1.5982 1.6328 3.7893 3.1769 1.6509 23.5921 -1.579 0.7459 0.6928 0.831
Car 0 0 1.8016 442.8112 185.4857 498.292 225.3853 1.5264 1.5685 3.736 -5.9695 2.1106 31.0275 1.6116 0.62 0.6632 0.0
Car 0 0 2.5073 1016.8901 134.5297 1264.2616 233.1693 1.6506 1.7212 4.3824 9.8618 0.9667 13.3706 -3.1404 0.5875 0.5003 0.1312
Car 0 0 2.6305 892.0214 150.2962 1064.5256 218.3082 1.7351 1.6499 3.8127 9.801 1.1538 19.3804 3.0987 0.5766 0.0889 0.1934
Car 0 0 -1.6954 659.952 177.4922 704.048 211.299 1.4645 1.5601 3.5555 3.2491 1.6963 33.6236 -1.599 0.5236 0.3893 0.0
Car 0 0 1.7532 483.6802 184.4525 526.3114 211.9635 1.4313 1.6183 4.0953 -5.9187 2.1069 40.7203 1.6089 0.4629 0.4004 0.0
Car 0 0 2.7578 836.1646 155.2688 983.7491 212.633 1.6688 1.6573 3.831 8.9903 1.1589 21.8515 -3.1351 0.4489 0.0497 0.0
Car 0 0 2.2872 1.0 217.1833 159.5511 382.4636 1.3981 1.6081 3.9146 -5.7842 1.8367 5.4622 1.4732 0.3252 0.0493 0.6185
Car 0 0 2.2 972.4377 138.6613 1128.2318 217.3578 1.7692 1.5232 3.4655 10.6455 0.9728 17.603 2.7439 0.3135 0.0005 0.2047
Car 0 0 -1.6179 644.202 177.7206 672.1382 201.5859 1.5107 1.608 3.5173 3.143 1.8431 47.7562 -1.5522 0.3067 0.0274 0.0
Car 0 0 1.813 518.3717 181.1933 548.8734 201.2499 1.5043 1.5577 3.8783 -6.0161 2.1784 57.0625 1.7079 0.2797 0.125 0.0