Car 0 0 -1.8639 708.868 187.4968 871.5742 296.3235 1.4592 1.5882 3.8223 2.7213 1.7228 11.9744 -1.6404 0.897 0.859 0.8265
Car 0 0 0.6653 0.0 186.1385 317.0534 306.5754 1.4645 1.6742 4.229 -6.6394 1.6763 10.1282 0.0851 0.8125 0.8437 0.8185
Car 0 0 -1.7197 659.5483 177.5481 731.8102 236.4504 1.5427 1.601 3.5876 2.3405 1.6915 20.9906 -1.6087 0.806 0.8761 0.2907
Car 0 0 -2.8412 173.1643 170.9431 421.185 267.1384 1.7889 1.7313 4.1528 -6.326 1.7573 14.6608 3.0346 0.8008 0.7049 0.5914
Car 0 0 -2.9238 322.4273 182.7615 473.3382 235.5848 1.4737 1.631 4.0301 -6.2943 1.7851 21.5661 3.0754 0.7235 0.2697 0.1657
Car 0 0 -1.7116 648.2287 179.2802 702.8294 222.7754 1.5276 1.549 3.721 2.3829 1.781 27.6181 -1.6255 0.6047 0.6572 0.4199
Car 0 0 -1.6165 641.9944 176.1566 679.8267 212.5598 1.664 1.6488 3.7993 2.3907 1.8376 35.0713 -1.5485 0.4977 0.6811 0.1372
Car 0 0 0.2008 281.991 168.3536 453.6819 243.7689 1.7276 1.6334 3.8658 -5.9518 1.6347 17.6659 -0.1241 0.4322 0.0901 0.0
Car 0 0 -2.8691 416.2879 183.0796 511.5774 216.5992 1.4276 1.5761 3.691 -6.4799 1.891 32.1229 -3.0681 0.389 0.3192 0.0
Car 0 0 -2.7341 447.1523 178.56 529.5104 212.9538 1.5851 1.6096 3.5506 -5.9142 1.8576 34.8514 -2.9022 0.3486 0.217 0.0
Car 0 0 -2.9991 472.7528 178.3809 552.9994 206.3151 1.5556 1.6958 4.273 -5.5435 1.8601 41.2444 -3.1327 0.2639 0.125 0.3223