Car 0 0 -1.8201 738.8728 181.718 864.0661 269.1644 1.4484 1.5809 3.7995 3.5924 1.6521 14.3652 -1.575 0.8779 0.8559 0.8382
Car 0 0 -1.7419 709.7564 177.5935 789.5341 236.7346 1.5006 1.6194 3.9717 3.8266 1.6541 20.5932 -1.5581 0.8053 0.8205 0.7525
Car 0 0 1.7771 480.8577 178.7467 539.3254 222.2691 1.5789 1.5611 3.7306 -3.9487 1.8275 28.6717 1.6402 0.7103 0.7783 0.3153
Car 0 0 1.6911 508.328 177.8126 554.2246 213.7747 1.5357 1.645 4.0816 -3.6431 1.7845 33.5647 1.583 0.4788 0.6492 0.2999
Car 0 0 -1.561 682.9403 170.9566 711.6704 198.3783 1.5785 1.6087 3.8735 5.2329 1.47 43.4628 -1.4412 0.4613 0.7036 0.0
Car 0 0 2.7707 957.8482 169.3718 1129.324 223.4544 1.5143 1.6252 3.8898 12.5532 1.4228 21.1108 -2.976 0.4295 0.111 0.015
Car 0 0 0.2533 989.8256 170.0934 1211.1052 239.7654 1.4698 1.6484 4.1723 10.7521 1.4312 16.1508 0.8406 0.3661 0.0317 0.2899
Car 0 0 1.7313 543.5784 179.4477 578.4482 205.2783 1.5111 1.6479 4.0758 -3.0378 1.9344 45.0417 1.664 0.2986 0.0785 0.0
Car 0 0 -3.0326 1068.2246 171.1789 1250.6274 238.0455 1.4867 1.5706 3.5477 13.1347 1.4685 17.2754 -2.3826 0.2826 0.125 0.1132
Car 0 0 2.2448 952.3238 174.8487 1058.9502 217.3722 1.4359 1.5083 3.4023 13.8992 1.5017 25.51 2.7437 0.2594 0.125 0.0
Car 0 0 1.7339 530.3312 179.5398 573.3866 206.775 1.4868 1.7099 4.3995 -3.3761 1.8989 42.429 1.6545 0.2554 0.125 0.0