Pedestrian 0 0 2.106 338.763 168.4399 401.5141 297.7288 1.7034 0.6105 0.7926 -3.2218 1.5284 9.8844 1.7909 0.7989 0.5659 0.4648
Pedestrian 0 0 -2.8492 609.0316 152.4478 702.6952 365.7012 1.7376 0.5526 0.794 0.4082 1.5044 6.1936 -2.7833 0.7111 0.5635 0.5307
Pedestrian 0 0 -2.3815 561.8864 162.9653 629.3427 287.271 1.7087 0.5747 0.8138 -0.1481 1.45 10.3048 -2.3959 0.6613 0.5106 0.5413
Pedestrian 0 0 -1.7292 438.0077 163.1645 513.2768 322.9816 1.6827 0.6253 0.8999 -1.4822 1.4931 8.1239 -1.9096 0.6406 0.6127 0.6112
Pedestrian 0 0 2.0175 391.7903 162.4186 436.3406 262.704 1.7908 0.6184 0.8278 -3.495 1.4493 13.2836 1.7602 0.599 0.476 0.0
Cyclist 0 0 -1.181 286.8275 162.1483 340.4091 263.4129 1.7642 0.5719 1.7211 -5.3752 1.4269 13.3418 -1.564 0.5774 0.125 0.0
Pedestrian 0 0 -2.9188 511.2188 166.7509 573.9516 290.3886 1.6993 0.5841 0.8492 -0.8926 1.5005 10.3605 -3.0048 0.5719 0.3666 0.5716
Cyclist 0 0 -0.9325 261.8823 155.3265 339.7398 260.6624 1.8962 0.5758 2.0233 -5.6347 1.4248 13.4565 -1.329 0.5272 0.039 0.0
Pedestrian 0 0 -1.5244 490.683 160.8242 531.9883 263.1378 1.8082 0.6108 0.8536 -1.7046 1.4353 13.1941 -1.6529 0.4553 0.0269 0.6005
Pedestrian 0 0 -1.8711 416.1838 151.8828 495.7521 326.6356 1.81 0.6153 1.0051 -1.6882 1.4992 8.0114 -2.0788 0.4498 0.2815 0.4257
Pedestrian 0 0 -1.1844 274.1756 152.6459 330.05 262.5745 1.878 0.6176 0.8327 -5.4237 1.3916 12.9435 -1.5812 0.412 0.0526 0.0
Pedestrian 0 0 -2.6111 580.8454 163.2388 640.8236 293.9876 1.6932 0.5614 0.9377 0.0827 1.4655 9.8572 -2.6028 0.397 0.125 0.139
Pedestrian 0 0 -1.1803 424.5908 160.0746 476.6158 279.3367 1.7092 0.5743 0.691 -2.309 1.4138 10.7743 -1.3914 0.3956 0.0104 0.0218
Pedestrian 0 0 -2.8227 467.5842 158.6302 540.0132 310.3014 1.7656 0.6125 0.8085 -1.2744 1.4958 8.9314 -2.9644 0.3877 0.125 0.2929
Pedestrian 0 0 0.02 368.8912 164.5151 414.0448 259.7212 1.7454 0.5703 0.6801 -4.0448 1.4381 13.6865 -0.2673 0.3658 0.0733 0.0
Pedestrian 0 0 2.4883 592.835 156.4591 660.4846 327.6906 1.6651 0.5557 0.7643 0.2097 1.4231 7.3654 2.5167 0.3414 0.0686 0.4008
Pedestrian 0 0 0.2684 475.9665 155.0953 530.8797 267.603 1.7904 0.6062 0.7475 -1.653 1.3699 11.7773 0.1289 0.3236 0.0307 0.006
Cyclist 0 0 -1.1652 297.2371 166.5174 346.8543 258.7752 1.7247 0.576 1.7748 -5.5172 1.4465 14.1208 -1.5377 0.3234 0.0819 0.0
Cyclist 0 0 1.516 278.471 158.4347 326.1417 260.436 1.8985 0.5772 1.8935 -5.9564 1.4639 14.2467 1.12 0.3155 0.0013 0.0
Pedestrian 0 0 -0.7354 378.6563 166.6661 418.1674 241.2764 1.8122 0.6694 0.8412 -5.092 1.4459 17.924 -1.0122 0.284 0.125 0.0