Pedestrian 0 0 -2.0843 631.6183 157.6906 694.6088 284.5939 1.7191 0.577 0.8059 0.8189 1.3904 10.1197 -2.0035 0.798 0.5859 0.4358
Pedestrian 0 0 -2.3938 499.4916 162.841 554.0897 270.7514 1.7291 0.5731 0.8485 -1.2848 1.4243 11.8731 -2.5016 0.7693 0.5347 0.6189
Pedestrian 0 0 1.9556 420.6882 163.3491 480.1276 296.1643 1.7399 0.6132 0.8745 -2.117 1.4958 9.864 1.7442 0.7653 0.5183 0.5265
Pedestrian 0 0 1.4981 292.0007 150.9835 366.5991 311.5846 1.8744 0.6864 0.8979 -3.4603 1.5091 9.0585 1.1332 0.6611 0.125 0.0
Pedestrian 0 0 -2.8025 675.3784 154.8098 782.6307 337.804 1.7633 0.544 0.9596 1.2331 1.5097 7.3547 -2.6364 0.661 0.277 0.5989
Pedestrian 0 0 2.8967 579.821 166.1586 641.2304 290.1239 1.6801 0.5351 0.7149 0.092 1.4788 10.1429 2.9057 0.6255 0.4793 0.3999
Pedestrian 0 0 3.1344 736.031 161.2977 824.3552 365.3681 1.6436 0.5733 0.8631 1.4629 1.4855 6.133 -2.9146 0.5859 0.4355 0.5152
Pedestrian 0 0 -1.8148 535.3446 164.5054 601.2956 320.8282 1.7054 0.5687 0.7834 -0.4465 1.5121 8.2373 -1.869 0.508 0.4008 0.449
Car 0 0 1.7051 446.282 173.8664 527.383 238.5367 1.5513 1.6372 3.8758 -3.035 1.3671 19.3751 1.5497 0.5059 0.5865 0.618
Pedestrian 0 0 -1.9977 544.9178 161.698 615.0512 309.1287 1.6848 0.5808 0.8702 -0.327 1.4498 8.84 -2.0347 0.4419 0.0007 0.2299
Pedestrian 0 0 1.8761 610.2768 156.1457 666.6154 287.9745 1.7856 0.6218 0.8532 0.4912 1.4356 10.313 1.9237 0.3629 0.0177 0.279
Pedestrian 0 0 0.4712 561.2751 158.7507 597.5878 247.1894 1.8301 0.5984 0.6152 -0.5208 1.3598 15.218 0.437 0.332 0.0 0.0
Pedestrian 0 0 0.8785 690.4912 149.2719 769.942 301.8605 1.7742 0.5981 0.7769 1.5943 1.4106 9.0973 1.052 0.3222 0.125 0.0
Pedestrian 0 0 -2.1269 691.9526 167.9638 772.6576 350.5332 1.5922 0.5678 0.8595 1.1719 1.4904 6.7884 -1.956 0.2804 0.0059 0.0826
Pedestrian 0 0 -1.8663 332.2617 171.9898 376.6208 261.0823 1.7141 0.639 0.8573 -4.9895 1.5277 14.4467 -2.1988 0.2658 0.125 0.0