Pedestrian 0 0 2.5428 764.8492 149.2412 843.1832 299.5334 1.8122 0.5712 0.7964 2.4836 1.4247 9.011 2.8117 0.8686 0.6837 0.3299
Pedestrian 0 0 2.6561 1013.0551 130.9126 1164.2961 343.9142 1.9103 0.5881 1.0916 4.5263 1.46 6.7782 -3.0383 0.6541 0.385 0.0659
Pedestrian 0 0 2.0447 175.4073 161.6002 221.8531 261.9233 1.8024 0.5839 0.6669 -7.4663 1.4367 13.2418 1.5313 0.6149 0.125 0.0
Pedestrian 0 0 1.695 221.7944 160.2332 278.7231 289.8008 1.727 0.6862 0.8318 -4.9693 1.44 10.0836 1.2371 0.5629 0.1505 0.3078
Car 0 0 1.892 358.6721 150.0714 494.7826 242.3634 1.6548 1.6281 3.9109 -3.5007 1.0374 14.949 1.662 0.557 0.2356 0.091
Pedestrian 0 0 2.5157 160.4892 163.824 226.2541 276.094 1.7133 0.5683 0.6979 -6.5139 1.4527 11.4271 1.9976 0.4983 0.1787 0.3108
Pedestrian 0 0 2.2348 742.0094 177.1504 776.5241 248.0088 1.6366 0.6095 0.7408 3.7413 1.5365 17.132 2.4498 0.4417 0.0954 0.0
Pedestrian 0 0 2.4382 1042.0103 137.9639 1127.2797 294.04 1.8517 0.5622 0.6964 5.9787 1.3422 8.9849 3.0253 0.4183 0.125 0.0
Pedestrian 0 0 -1.2247 593.4137 158.2712 619.9948 217.0367 1.8278 0.6158 0.8862 0.136 1.0894 23.0751 -1.2188 0.4166 0.1445 0.2379
Pedestrian 0 0 1.8344 167.332 159.8799 213.5806 265.3706 1.6944 0.5945 0.642 -6.8631 1.3362 11.9329 1.3124 0.3886 0.125 0.2414
Pedestrian 0 0 2.7029 1144.0568 129.6752 1224.1771 259.568 1.827 0.5478 0.7016 8.3618 1.1051 10.3926 -2.9028 0.3877 0.0047 0.0
Pedestrian 0 0 -1.836 41.0894 163.4381 154.4608 379.1736 1.7268 0.6107 0.7116 -3.4464 1.5993 4.8474 -2.454 0.3376 0.1486 0.1154
Pedestrian 0 0 1.6906 743.4892 180.1664 767.8522 249.5868 1.5778 0.5398 0.6427 3.5804 1.5594 16.8828 1.8996 0.3264 0.0 0.0
Pedestrian 0 0 1.8743 510.0718 161.0079 535.113 219.828 1.7718 0.5849 0.8834 -2.4754 1.1473 22.2889 1.7637 0.3234 0.0301 0.498
Car 0 0 1.707 445.2419 157.675 508.4196 218.2291 1.8683 1.6839 4.0764 -4.2074 1.1052 24.6003 1.5376 0.3098 0.0279 0.0
Cyclist 0 0 -1.3829 597.438 163.3319 623.9608 219.1854 1.7254 0.5691 1.9023 0.262 1.1521 22.8257 -1.3714 0.2924 0.125 0.0
Car 0 0 1.7556 423.369 156.4214 515.7336 223.077 1.7396 1.7557 4.5009 -3.7522 1.0327 21.1106 1.5797 0.2727 0.125 0.0791
Pedestrian 0 0 -2.3281 25.4013 157.6531 190.0412 372.6672 1.611 0.5975 0.7972 -3.147 1.4936 4.353 -2.9541 0.2638 0.125 0.0