Car 0 0 -1.7255 665.095 174.3505 753.1906 243.1995 1.5817 1.6352 4.0505 2.3803 1.6224 18.5924 -1.5981 0.8029 0.718 0.2111
Car 0 0 -2.6035 192.8345 184.2458 408.8593 268.5185 1.5242 1.5778 3.5116 -6.19 1.7746 14.5143 -3.0066 0.6243 0.5629 0.2103
Car 0 0 -1.6709 651.3158 180.803 698.4027 221.6789 1.513 1.5411 3.4687 2.5091 1.8591 29.1979 -1.5851 0.6085 0.6539 0.1565
Car 0 0 -2.7776 327.4855 171.122 482.0824 238.766 1.8487 1.7117 3.7349 -5.823 1.7979 20.7261 -3.0514 0.5826 0.2671 0.3303
Car 0 0 -2.8264 384.264 178.4279 503.4963 223.1921 1.5746 1.644 4.1433 -6.1101 1.7805 26.5411 -3.0527 0.5495 0.4049 0.2764
Car 0 0 -2.7886 458.9573 177.4334 534.1246 207.3941 1.5666 1.6132 3.8722 -6.1516 1.8142 38.9956 -2.945 0.5183 0.0475 0.0
Car 0 0 -2.9199 264.01 184.7422 456.4972 250.5436 1.4622 1.6317 4.0545 -5.9861 1.7721 17.4754 3.0333 0.4369 0.3149 0.5146
Car 0 0 -2.9569 306.5789 179.5376 465.3799 238.8614 1.5817 1.6387 3.9957 -6.2847 1.7784 20.3649 3.0269 0.4039 0.125 0.6428
Car 0 0 -3.0538 471.5332 174.5245 544.7656 203.4239 1.6209 1.6488 3.847 -5.8708 1.7286 41.5527 3.089 0.3954 0.125 0.0
Car 0 0 -2.9779 418.0032 176.2828 517.4848 215.8275 1.6784 1.6764 4.0043 -6.2593 1.8281 31.7481 3.1107 0.3811 0.0863 0.0
Car 0 0 -1.6979 658.8012 178.7852 724.1576 233.2491 1.5724 1.6247 3.8344 2.4499 1.7797 22.9557 -1.5916 0.3624 0.125 0.2612
Car 0 0 -1.6515 632.9876 179.39 665.7764 206.5947 1.4707 1.5488 3.5731 2.1882 1.8696 41.6616 -1.5991 0.3105 0.1778 0.0
Pedestrian 0 0 2.8288 20.1857 160.3095 69.9505 263.3786 1.8065 0.5785 0.5876 -10.113 1.5916 12.8476 2.1619 0.2891 0.125 0.0