Pedestrian 0 0 2.7332 759.8996 167.3348 831.4926 297.4246 1.6457 0.5537 0.8322 2.4796 1.466 9.3749 2.9918 0.7975 0.6304 0.0
Pedestrian 0 0 2.5987 989.5138 160.5332 1098.8741 320.8447 1.6946 0.5832 0.9125 4.8061 1.4794 7.9014 -3.1381 0.6388 0.053 0.4648
Car 0 0 1.7721 360.293 168.7835 479.0974 254.9074 1.7327 1.6919 4.0567 -4.0436 1.4487 16.4923 1.5316 0.5824 0.7426 0.0661
Pedestrian 0 0 -1.6899 698.0835 196.3118 724.4366 257.782 1.5924 0.6145 0.7471 2.9858 2.0253 19.7416 -1.5398 0.5057 0.0428 0.0
Car 0 0 1.7498 430.4852 175.6097 496.3586 235.0261 1.6519 1.6065 3.7507 -4.1907 1.4872 22.1518 1.5628 0.4769 0.1743 0.1083
Pedestrian 0 0 -1.3141 577.913 178.6576 603.7944 235.5143 1.6029 0.6058 0.8128 -0.3304 1.5272 21.1883 -1.3297 0.4562 0.125 0.0
Pedestrian 0 0 1.9798 244.683 172.1062 337.294 360.6887 1.6198 0.6087 0.7378 -2.9052 1.5358 6.6868 1.5699 0.4395 0.1654 0.0875
Pedestrian 0 0 2.0626 324.6734 179.6713 368.201 268.6966 1.62 0.5875 0.5973 -4.8542 1.593 13.6039 1.7198 0.4345 0.0603 0.0032
Pedestrian 0 0 1.777 261.6556 170.5339 330.5304 349.085 1.6237 0.629 0.7584 -2.9533 1.5213 6.895 1.3723 0.3661 0.125 0.2122
Pedestrian 0 0 -1.8632 233.3181 172.1839 317.433 356.2256 1.6747 0.5923 0.7986 -3.1958 1.5974 7.0044 -2.2912 0.3631 0.0265 0.3201
Pedestrian 0 0 2.1342 300.1787 183.2539 343.3564 265.4159 1.6264 0.5787 0.6812 -5.7706 1.664 14.7886 1.7622 0.3534 0.0401 0.1214
Cyclist 0 0 1.8551 498.7071 178.1457 523.3878 232.0681 1.6713 0.5547 1.6352 -2.94 1.5668 23.0919 1.7285 0.3376 0.125 0.0
Pedestrian 0 0 2.0488 670.4232 194.3951 704.8073 255.8072 1.5475 0.571 0.6208 2.2255 1.889 18.8972 2.166 0.2736 0.125 0.0
Cyclist 0 0 1.8312 307.693 183.1911 345.4715 263.8804 1.6469 0.55 1.7137 -6.0134 1.7044 15.6358 1.4641 0.2708 0.125 0.0