Car 0 0 1.8686 274.8247 185.2418 445.8426 294.4927 1.5843 1.6237 3.8669 -4.2836 1.8365 12.8923 1.5478 0.8775 0.8175 0.6491
Car 0 0 2.0463 14.3549 188.1696 356.5685 375.5212 1.5661 1.5785 3.8062 -4.3442 1.7671 7.7928 1.5378 0.8644 0.8501 0.6237
Car 0 0 1.8067 388.7462 190.4789 490.6034 256.8704 1.4374 1.6048 3.8734 -4.3425 1.9481 18.7673 1.5793 0.8426 0.8154 0.6034
Car 0 0 1.764 442.6196 185.0177 522.2201 238.8008 1.4974 1.6549 3.9582 -3.9935 1.9108 22.9615 1.5918 0.7895 0.8496 0.9084
Car 0 0 -1.7024 711.3336 172.1255 775.9526 224.9789 1.5791 1.6118 3.6363 4.1581 1.5504 23.2686 -1.5256 0.6929 0.8285 0.0377
Car 0 0 1.6722 569.4914 180.2161 600.1108 203.7094 1.4969 1.6281 3.9272 -1.6988 2.0197 49.0381 1.6376 0.4401 0.3494 0.5529
Car 0 0 0.609 105.7889 177.0095 254.7322 234.5985 1.6893 1.6704 4.167 -13.6302 1.8303 22.8554 0.0713 0.4316 0.0108 0.0
Car 0 0 0.3007 113.0856 180.2542 242.1386 221.0057 1.4734 1.584 3.8043 -16.391 1.7704 27.4823 -0.2371 0.3784 0.0311 0.0
Car 0 0 -1.6753 701.0076 176.818 740.9346 209.8066 1.4905 1.5627 3.4902 5.2555 1.6971 34.7475 -1.5252 0.3744 0.1103 0.0
Car 0 0 -1.6415 696.956 176.792 731.044 206.5813 1.4931 1.5828 3.8818 5.4962 1.7116 38.6924 -1.5004 0.3379 0.125 0.0
Car 0 0 1.6679 618.365 178.031 637.3169 192.5501 1.4498 1.5823 4.0407 1.7851 1.9544 73.2219 1.6923 0.2569 0.125 0.0543