Pedestrian 0 0 -2.0652 414.8864 162.6836 486.7456 307.5179 1.6777 0.5851 0.9682 -1.8974 1.4489 8.8142 -2.2772 0.7829 0.5814 0.3372
Pedestrian 0 0 -1.6714 308.365 170.9197 359.9769 287.5375 1.6472 0.636 0.8266 -4.0102 1.5004 10.6689 -2.0309 0.7598 0.4525 0.0
Pedestrian 0 0 1.5174 148.6894 169.2587 221.3484 326.0556 1.6324 0.6515 0.798 -4.7028 1.5071 8.0642 0.9894 0.6796 0.4806 0.0941
Pedestrian 0 0 -1.9866 214.2164 171.982 322.3544 365.1573 1.6763 0.622 0.8228 -3.1725 1.5997 6.7047 -2.4285 0.6468 0.3494 0.6634
Cyclist 0 0 -1.584 481.6538 165.5043 507.5509 226.4882 1.7595 0.5737 1.807 -3.2682 1.2875 21.8085 -1.7328 0.4854 0.0183 0.2442
Pedestrian 0 0 0.3329 308.5177 156.6557 421.6497 378.4781 1.7599 0.5478 0.8101 -1.997 1.5596 5.9575 0.0094 0.4443 0.0127 0.0971
Pedestrian 0 0 1.4958 655.6806 167.7855 677.166 221.4908 1.8528 0.6126 0.8143 2.2517 1.3714 25.3112 1.5845 0.4124 0.125 0.0
Pedestrian 0 0 2.8685 329.9602 150.0062 460.714 375.4689 1.7126 0.58 0.9059 -1.5318 1.5236 5.1399 2.5788 0.4033 0.125 0.3605
Pedestrian 0 0 2.0509 648.0465 164.6636 677.8753 227.0322 1.8069 0.6241 0.885 1.8123 1.3289 21.4332 2.1353 0.3708 0.0044 0.0
Pedestrian 0 0 0.4379 273.2132 173.1742 331.736 293.2281 1.6566 0.5722 0.6805 -4.3151 1.539 10.2887 0.0407 0.2868 0.125 0.0
Pedestrian 0 0 0.4964 373.9156 151.4998 455.3884 305.9992 1.8039 0.6186 0.8506 -2.3125 1.4551 8.7133 0.237 0.2704 0.125 0.223
Pedestrian 0 0 1.7524 356.1315 146.3902 441.2406 377.7196 1.7189 0.6315 0.9521 -1.5264 1.478 5.2241 1.4681 0.2609 0.125 0.4374