Car 0 0 2.0094 58.3756 182.1695 175.0425 239.5117 1.508 1.6026 3.6155 -14.379 1.7959 21.1865 1.4131 0.7075 0.6058 0.2531
Car 0 0 1.4516 453.2481 182.2044 500.5141 220.161 1.4655 1.6294 4.0406 -5.734 1.8881 30.7382 1.2672 0.6736 0.6902 0.2895
Car 0 0 0.6673 340.4849 182.8972 422.2406 212.1449 1.4285 1.6227 3.9457 -11.7248 1.9564 36.8849 0.3596 0.549 0.3979 0.7459
Car 0 0 -2.6789 1016.5366 191.1233 1241.0 376.1264 1.5197 1.5492 3.8043 3.2073 1.6667 1.9183 -1.6471 0.3529 1.0 0.0
Car 0 0 2.9338 639.3783 175.1209 700.0913 196.4507 1.4776 1.6161 4.1881 4.2958 1.6512 52.0577 3.0162 0.3254 0.0015 0.3813
Cyclist 0 0 1.0495 682.5786 170.4211 704.5914 216.7944 1.7669 0.5673 1.8311 3.2489 1.6865 28.3237 1.1637 0.3147 0.125 0.0
Cyclist 0 0 -0.9282 677.7089 172.4659 708.8942 218.4335 1.729 0.5746 1.8294 3.1996 1.718 28.0831 -0.8147 0.3131 0.0229 0.0
Pedestrian 0 0 -0.3526 684.9342 167.9486 707.5605 217.6446 1.8369 0.6453 0.8338 3.2302 1.6657 27.366 -0.2351 0.296 0.0032 0.0263
Car 0 0 -3.0242 321.3296 182.7888 406.2584 212.4948 1.4825 1.6779 4.2306 -12.8889 2.0018 37.8526 2.9308 0.2947 0.125 0.1931
Car 0 0 2.3117 1.0 196.7996 152.6166 372.9434 1.5622 1.6458 3.9556 -6.2348 1.815 6.0164 1.5085 0.2823 0.125 0.484
Car 0 0 2.3502 1.0 197.5652 107.3328 359.8961 1.4329 1.5938 3.9689 -6.2705 1.7119 6.1023 1.5512 0.2726 0.125 0.4415