Car 0 0 -2.7352 176.5861 188.3008 412.6384 266.3786 1.4593 1.6308 4.0015 -6.5709 1.8146 15.2068 3.1401 0.7732 0.7594 0.829
Car 0 0 -0.2226 773.3881 196.7211 921.9625 252.4803 1.4893 1.6472 3.8558 6.8513 2.2207 21.1587 0.0905 0.686 0.5447 0.3488
Car 0 0 2.6541 814.8858 197.059 1102.6685 292.9432 1.4571 1.7532 4.3999 5.9868 1.9047 12.7105 3.0942 0.6857 0.4662 0.75
Car 0 0 -2.7369 263.7908 188.2279 465.839 256.4752 1.4889 1.6481 4.1897 -5.813 1.8695 17.2113 -3.0626 0.6584 0.5275 0.5529
Car 0 0 -2.9373 376.6576 182.6859 513.0622 237.1467 1.6254 1.6595 3.8879 -5.224 1.9437 22.7779 3.1204 0.5975 0.4414 0.4465
Car 0 0 -0.2956 695.666 191.2427 786.7207 229.076 1.5317 1.5897 3.553 5.703 2.3597 31.5151 -0.1166 0.5578 0.4312 0.2325
Car 0 0 -1.6242 638.9365 191.7463 668.4638 216.603 1.4502 1.632 3.9384 2.7213 2.6792 46.1654 -1.5653 0.5112 0.4457 0.5952
Car 0 0 -0.416 755.4016 190.5174 881.6544 244.5186 1.6157 1.6467 3.8258 6.7995 2.2243 23.8272 -0.138 0.3906 0.3255 0.219
Car 0 0 0.2268 341.0711 186.124 500.8058 241.2454 1.4893 1.6522 3.8304 -5.5624 1.8939 21.0762 -0.0312 0.3848 0.3114 0.101
Car 0 0 0.7462 898.7819 196.1686 1161.013 307.5985 1.4505 1.5968 4.1201 6.52 1.8734 11.6525 1.2563 0.3839 0.125 0.223
Car 0 0 -2.2337 907.916 205.0859 1219.656 376.2111 1.4671 1.5919 3.9219 2.6756 1.6826 3.7467 -1.6135 0.3652 17.0 0.8148
Car 0 0 0.2435 454.946 187.528 547.3308 220.1257 1.5111 1.63 4.0132 -5.3098 2.2175 34.8573 0.0924 0.3544 0.1569 0.0