Pedestrian 0 0 1.6001 358.0528 157.5318 424.6264 317.8144 1.8061 0.6874 0.8698 -2.5666 1.5354 8.5979 1.31 0.8814 0.6859 0.7613
Cyclist 0 0 1.815 446.5627 169.1871 508.2156 291.2072 1.6694 0.5498 1.648 -1.858 1.5003 10.6212 1.6419 0.7667 0.6469 0.685
Pedestrian 0 0 -1.3962 596.483 168.3161 648.0843 290.1995 1.6462 0.6006 0.7452 0.2548 1.4668 10.1326 -1.371 0.7153 0.6581 0.4355
Pedestrian 0 0 1.1692 827.8388 138.3361 910.0699 309.8111 1.9119 0.6352 0.8617 3.01 1.4274 8.2885 1.5175 0.6365 0.125 0.0501
Pedestrian 0 0 1.1148 817.7028 130.636 921.0538 330.1431 1.9351 0.6346 0.9016 2.7374 1.4393 7.5515 1.4626 0.5795 0.0697 0.6942
Pedestrian 0 0 -1.4413 547.3723 165.7688 571.885 226.725 1.7694 0.6181 0.819 -1.2761 1.3188 21.4097 -1.5009 0.5017 0.1992 0.0746
Pedestrian 0 0 1.133 582.8366 167.7149 606.9356 224.4248 1.7409 0.6343 0.69 -0.2253 1.3284 22.4673 1.123 0.4822 0.125 0.2768
Pedestrian 0 0 1.2389 572.7513 165.8646 600.8022 225.1029 1.7447 0.6067 0.831 -0.4675 1.2879 21.6442 1.2173 0.4547 0.2003 0.1753
Pedestrian 0 0 0.992 944.2476 143.9027 1052.0736 332.8475 1.836 0.5938 0.8226 4.0364 1.4681 7.4672 1.4876 0.4414 0.0904 0.0516
Pedestrian 0 0 -1.491 518.7132 167.625 542.1786 223.5122 1.8202 0.6364 0.8991 -2.3968 1.3532 23.8714 -1.591 0.4309 0.0806 0.7054
Pedestrian 0 0 2.6124 242.4461 196.5434 283.8401 293.9056 1.4738 0.5369 0.5434 -5.3627 1.7122 11.2926 2.1691 0.3702 0.0025 0.0
Pedestrian 0 0 0.9023 308.4024 189.0697 368.6801 296.0056 1.6395 0.643 0.7105 -4.2958 1.7659 11.6404 0.5487 0.3546 0.125 0.0
Pedestrian 0 0 1.7123 488.6394 166.6407 510.0138 217.7062 1.8192 0.6326 0.7787 -3.7226 1.2901 26.0987 1.5706 0.3267 0.0335 0.0
Cyclist 0 0 -1.6177 514.9944 169.3024 539.527 223.0518 1.7143 0.5589 1.8541 -2.4647 1.3157 23.5888 -1.7218 0.3232 0.0114 0.0
Pedestrian 0 0 -1.2661 783.3224 159.0941 806.9326 214.8314 1.7832 0.6753 0.7997 6.3434 1.0578 23.693 -1.0045 0.3082 0.0164 0.0
Pedestrian 0 0 1.2357 589.9719 164.5325 623.1942 225.0698 1.8592 0.6668 0.8666 0.1318 1.3324 22.6466 1.2415 0.3055 0.0 0.0605
Cyclist 0 0 1.1518 801.9972 131.2439 931.1939 353.6351 1.8758 0.5925 1.7941 2.2742 1.4446 6.3818 1.4941 0.2918 0.125 0.0
Pedestrian 0 0 0.7532 6.1861 145.6152 108.8218 351.8326 1.8529 0.6026 0.8518 -5.1664 1.5423 6.7241 0.0981 0.2699 0.125 0.0
Pedestrian 0 0 1.5213 591.9376 167.0802 616.093 224.3343 1.6866 0.5872 0.671 0.0342 1.2562 21.3555 1.5229 0.252 0.125 0.0244