Pedestrian 0 0 1.28 702.7962 143.2515 794.0852 337.5344 1.758 0.631 0.7328 1.3199 1.4199 6.8089 1.4715 0.8098 0.5918 0.4093
Pedestrian 0 0 1.0381 797.5194 136.8181 885.246 328.2927 1.7816 0.5824 0.7351 2.2606 1.3695 6.9799 1.3513 0.7771 0.7361 0.2934
Pedestrian 0 0 0.9632 464.7466 142.2109 528.1244 262.4986 1.8341 0.6216 0.885 -1.7831 1.2402 11.224 0.8056 0.7298 0.4222 0.3206
Pedestrian 0 0 1.0177 609.407 142.9884 663.6567 260.0626 1.709 0.5363 0.6626 0.4193 1.1643 10.7756 1.0566 0.6822 0.4731 0.4572
Pedestrian 0 0 0.9917 639.863 143.5539 697.24 261.5814 1.6754 0.5347 0.6442 0.8803 1.1502 10.4721 1.0756 0.673 0.3615 0.3691
Pedestrian 0 0 0.9 769.793 147.9641 822.2638 254.1102 1.7068 0.5569 0.6631 3.1189 1.1841 11.7449 1.1596 0.6624 0.4488 0.2055
Pedestrian 0 0 1.0169 568.2425 139.1268 616.0074 249.0138 1.709 0.5944 0.5912 -0.2628 1.0566 11.431 0.9939 0.6132 0.3292 0.0151
Pedestrian 0 0 1.0519 482.1842 140.9927 543.2024 256.5314 1.7666 0.6354 0.7486 -1.5453 1.1531 11.3547 0.9166 0.5838 0.0045 0.3904
Pedestrian 0 0 1.1352 522.6624 136.4096 582.4002 250.7744 1.8957 0.6484 0.8012 -0.9674 1.1541 12.23 1.0563 0.4944 0.3321 0.311
Pedestrian 0 0 0.9327 259.7202 137.6571 331.9501 259.0466 1.9081 0.6373 0.8952 -5.1321 1.216 11.6263 0.517 0.4938 0.125 0.5747
Pedestrian 0 0 1.5853 440.2656 134.9365 502.8626 262.1024 1.8518 0.6327 0.7991 -2.0893 1.1765 10.8366 1.3948 0.4672 0.0 0.1177
Pedestrian 0 0 1.0214 495.0283 144.3391 546.6498 250.9281 1.6901 0.6191 0.7599 -1.453 1.1145 11.6706 0.8975 0.4268 0.1431 0.5815
Pedestrian 0 0 1.427 526.412 141.21 570.1292 229.7578 1.8341 0.6202 0.7915 -1.2615 1.0152 15.096 1.3436 0.4088 0.0333 0.0
Pedestrian 0 0 1.6376 454.402 140.2509 488.8372 229.5266 1.7951 0.5889 0.6673 -2.8236 0.9747 14.7508 1.4484 0.4061 0.0477 0.0
Pedestrian 0 0 1.4762 536.1114 142.0982 567.4517 220.7187 1.7082 0.5688 0.6291 -1.2472 0.8646 15.8362 1.3976 0.4048 0.125 0.0
Pedestrian 0 0 1.9484 550.2072 139.0892 593.1116 224.2832 1.8837 0.6299 0.825 -0.7981 0.9589 16.1646 1.8991 0.4002 0.0547 0.005
Cyclist 0 0 0.9647 260.9262 146.3432 330.5466 242.2252 1.8262 0.5794 1.9429 -6.3467 1.1655 14.3858 0.5492 0.3483 0.125 0.0
Pedestrian 0 0 0.9604 270.087 145.4433 322.922 234.4116 1.7497 0.6152 0.73 -6.4161 1.0444 14.5547 0.5452 0.3252 0.0 0.0
Pedestrian 0 0 1.2657 506.463 147.6284 542.7348 223.1848 1.7542 0.612 0.7298 -1.9795 0.9864 16.8896 1.1491 0.3037 0.0201 0.3005
Pedestrian 0 0 1.8498 680.4532 151.0208 704.1138 202.3326 1.7517 0.6049 0.7296 2.9559 0.738 24.3209 1.9707 0.2889 0.125 0.0
Cyclist 0 0 0.9293 267.5503 145.9372 317.0622 225.148 1.7465 0.5679 1.7785 -7.2116 0.9795 16.2063 0.5106 0.2787 0.125 0.0