Car 0 0 -1.755 697.5528 184.769 794.154 255.8504 1.4276 1.5858 3.6247 3.0307 1.7467 17.0376 -1.579 0.8621 0.8424 0.8051
Car 0 0 0.6079 1.0376 182.562 324.4822 309.6829 1.5121 1.6744 4.2092 -6.3805 1.6675 9.8169 0.0316 0.6518 0.7398 0.6053
Car 0 0 -2.7435 746.2448 185.9696 873.8646 230.7058 1.4285 1.6305 3.9618 6.8166 1.8972 24.7932 -2.4752 0.6124 0.3119 0.3661
Car 0 0 0.7009 224.5954 173.9086 427.8117 264.4179 1.628 1.5933 3.7143 -5.6423 1.6674 14.341 0.3261 0.566 0.3755 0.6151
Car 0 0 -2.7145 60.8019 183.6583 353.2035 290.2535 1.5135 1.6012 3.8675 -6.3316 1.6763 11.2829 3.0573 0.5594 0.4298 0.3756
Car 0 0 -3.066 358.0118 176.4909 480.2114 228.0768 1.4704 1.5542 3.7091 -5.8173 1.5841 21.9801 2.9584 0.5317 0.125 0.5113
Car 0 0 -2.9807 317.0502 175.6595 470.3915 235.5292 1.5509 1.599 3.7834 -6.0944 1.647 20.47 3.0131 0.4958 0.2383 0.1179
Car 0 0 -2.484 406.9255 180.2967 506.5902 223.4618 1.37 1.5481 3.5759 -5.2696 1.6177 24.5346 -2.6956 0.4697 0.0968 0.0
Car 0 0 -2.523 1.0 183.0892 221.3742 353.9323 1.5775 1.6293 3.7999 -6.7641 1.7277 7.5223 3.0278 0.462 0.287 0.6932
Car 0 0 -2.7718 478.8746 174.5776 547.1588 201.5637 1.6111 1.6704 3.9666 -5.9462 1.7129 44.0763 -2.9059 0.4484 0.071 0.076
Car 0 0 -2.112 779.4312 183.7386 876.1466 229.0827 1.3794 1.5592 3.4746 7.1788 1.7635 24.2699 -1.8244 0.4233 0.125 0.253
Car 0 0 -0.6768 724.0337 181.2766 830.3957 229.9144 1.543 1.6133 3.4758 5.7056 1.8369 24.781 -0.4505 0.3688 0.125 0.3285
Car 0 0 -2.5935 462.795 178.5221 531.6408 206.7789 1.485 1.5492 3.5475 -6.2612 1.8141 39.9596 -2.7489 0.3613 0.1015 0.4145
Car 0 0 -2.2773 925.2292 178.5854 1241.0 383.0 1.6031 1.6169 3.8698 3.2093 1.6448 3.6618 -1.5577 0.3423 8.0 0.7059
Car 0 0 0.7543 267.2029 174.274 447.1462 248.9193 1.4837 1.5776 3.818 -5.6362 1.5196 15.9273 0.4142 0.3197 0.0405 0.0541
Car 0 0 -2.633 444.3786 178.825 524.8397 207.2964 1.4532 1.6019 3.9725 -6.7119 1.7712 38.4955 -2.8056 0.2706 0.125 0.008