Car 0 0 -0.3443 786.3006 179.9857 1048.326 268.2733 1.5246 1.703 4.2133 5.5683 1.6647 13.5875 0.0446 0.8349 0.734 0.7479
Car 0 0 -1.667 640.4432 181.2218 691.842 222.0344 1.4244 1.589 3.7838 2.0588 1.7678 27.8215 -1.5931 0.8016 0.8002 0.6532
Car 0 0 0.3041 306.661 179.2011 470.7798 233.191 1.4881 1.643 4.0666 -6.5834 1.6956 21.2382 0.0035 0.7156 0.613 0.4591
Car 0 0 -2.4688 0.0 171.8636 297.5281 343.9296 1.6398 1.7228 4.1702 -6.1839 1.6491 7.9871 -3.1277 0.5293 0.6106 0.4225
Car 0 0 -2.686 134.5953 187.2231 382.0867 268.1867 1.4129 1.647 4.2493 -6.7821 1.7153 14.0683 -3.1352 0.4958 0.6448 0.4186
Car 0 0 -2.8291 391.6544 178.5211 501.9209 221.012 1.5101 1.6007 3.6921 -5.9848 1.7171 26.5784 -3.0506 0.4217 0.0 0.0
Car 0 0 1.5236 547.6966 176.4135 575.4421 199.3202 1.4898 1.6659 3.7627 -3.366 1.7512 49.7375 1.456 0.4109 0.3265 0.0
Car 0 0 -2.7422 365.1226 177.0559 496.1184 225.5744 1.5505 1.6665 3.9682 -6.0148 1.6961 24.3187 -2.9847 0.3676 0.0355 0.0
Car 0 0 -1.6261 625.1125 177.1439 649.9368 198.4152 1.4812 1.5799 3.7748 1.931 1.7983 52.4028 -1.5892 0.3466 0.125 0.0
Car 0 0 -2.6485 435.2238 180.5232 526.623 211.6236 1.4037 1.6194 3.9571 -6.3159 1.7899 35.1082 -2.8264 0.3342 0.0837 0.3981
Car 0 0 -2.5585 18.4374 183.6397 327.6717 292.0921 1.4228 1.6036 3.9363 -6.5123 1.607 10.7511 -3.1031 0.3155 0.113 0.6175
Car 0 0 -1.6557 636.2834 180.4052 671.6702 211.5859 1.4751 1.5325 3.7292 2.1388 1.8657 36.444 -1.5971 0.273 0.125 0.0
Car 0 0 -2.4026 216.0406 192.3781 390.3876 261.0302 1.3421 1.5579 3.5482 -6.8989 1.8182 16.1938 -2.8054 0.2642 0.125 0.0