Pedestrian 0 0 1.9812 1032.0094 154.9203 1112.0695 339.005 1.6465 0.5602 0.5506 4.4289 1.4146 6.8559 2.5547 0.6127 0.125 0.0846
Pedestrian 0 0 -2.8474 1012.8606 156.5028 1126.2587 340.9583 1.6832 0.5298 0.7038 4.3507 1.4589 6.797 -2.278 0.5643 0.2786 0.1747
Pedestrian 0 0 -1.1554 509.7315 170.2018 536.3974 229.1106 1.7154 0.6139 0.8022 -2.3583 1.375 21.3904 -1.2652 0.5575 0.0347 0.0
Pedestrian 0 0 -3.0379 391.6957 159.6655 437.36 240.6835 1.7928 0.5929 0.8665 -4.266 1.3199 16.2747 2.9889 0.5569 0.0641 0.0
Pedestrian 0 0 2.1305 325.1156 162.4813 397.3698 288.2791 1.7071 0.6044 0.7091 -3.447 1.4444 10.2452 1.806 0.5461 0.015 0.5061
Pedestrian 0 0 -2.6803 397.8667 163.028 431.5752 242.1337 1.717 0.5566 0.7883 -4.1948 1.3163 16.0145 -2.9365 0.539 0.0393 0.0
Pedestrian 0 0 1.2259 624.7208 162.938 646.8026 212.1489 1.8009 0.6156 0.8906 1.2647 1.1167 26.9642 1.2728 0.4553 0.2748 0.0
Pedestrian 0 0 0.3543 234.618 144.5153 314.2112 262.7682 1.9157 0.6423 1.0137 -5.5692 1.3256 12.1681 -0.0749 0.4344 0.125 0.0
Car 0 0 -1.844 726.5852 171.1657 907.6918 297.9071 1.5686 1.6809 4.2391 3.0143 1.4303 11.1212 -1.5793 0.3855 0.2505 0.0
Cyclist 0 0 2.8719 510.7537 171.0975 536.6474 229.4432 1.6546 0.5362 1.4599 -2.3066 1.3675 21.0684 2.7629 0.3688 0.037 0.0
Pedestrian 0 0 1.932 316.9573 159.2914 404.6356 311.3358 1.7525 0.6425 0.8828 -3.0333 1.4958 8.9868 1.6065 0.3685 0.0325 0.0
Pedestrian 0 0 -0.6722 213.4227 144.0491 292.5227 263.9936 1.8095 0.6187 0.8729 -5.4974 1.2419 11.3065 -1.1248 0.3457 0.125 0.0
Pedestrian 0 0 2.3639 312.6608 151.8978 404.1016 365.5954 1.7852 0.555 0.6514 -2.148 1.5357 6.3134 2.036 0.3065 0.125 0.0