Car 0 0 -1.8829 770.7688 183.2078 972.7914 323.1582 1.5167 1.5747 3.6479 3.2656 1.6748 9.8671 -1.5632 0.9109 0.8938 0.8422
Car 0 0 -1.8033 719.2195 177.4885 842.9093 266.3331 1.559 1.5993 3.7303 3.2529 1.6598 14.6797 -1.5852 0.8787 0.8706 0.721
Car 0 0 -2.8199 123.3272 182.8505 389.5385 270.5061 1.5053 1.7097 4.3967 -6.5754 1.705 13.6396 3.0141 0.8469 0.842 0.6111
Car 0 0 -2.8889 284.512 181.7918 447.388 243.8236 1.5444 1.6159 3.5313 -6.4737 1.7895 19.2796 3.0703 0.8029 0.7325 0.4887
Car 0 0 -1.7134 678.255 181.5329 734.0206 222.295 1.4396 1.603 3.8652 3.6048 1.796 28.0529 -1.5856 0.7657 0.727 0.7574
Car 0 0 -2.8905 349.1793 180.6224 494.9896 231.662 1.4625 1.625 3.9012 -5.6698 1.7075 21.8772 3.1391 0.602 0.575 0.2763
Car 0 0 -2.0374 692.937 177.7979 767.8968 224.6616 1.5865 1.5807 3.5113 4.2931 1.7679 26.3145 -1.8757 0.4887 0.125 0.175
Car 0 0 0.7406 1.0 179.2832 286.3431 359.0646 1.5746 1.6614 4.4407 -6.1196 1.6758 6.8497 0.0114 0.4312 0.281 0.5575
Car 0 0 -3.0999 406.5952 180.5568 520.6268 221.2233 1.4655 1.5975 3.8815 -5.4815 1.7593 27.0839 2.9836 0.3801 0.145 0.1175
Car 0 0 -3.0177 437.367 177.0629 537.6519 214.0902 1.493 1.6283 3.9142 -4.9885 1.6567 29.6252 3.0986 0.3422 0.0268 0.0
Car 0 0 -2.6161 480.727 179.2815 553.2098 211.7294 1.3941 1.5232 3.2515 -4.3544 1.698 33.3682 -2.7459 0.3132 0.125 0.0