Pedestrian 0 0 1.673 380.2241 194.155 432.1774 321.9804 1.4746 0.5323 0.5928 -2.4258 1.6411 8.7832 1.4035 0.5781 0.125 0.0
Pedestrian 0 0 -1.0314 202.6528 199.2853 330.66 383.0 1.5269 0.5916 0.8412 -2.709 1.6805 5.7708 -1.4703 0.4985 0.1457 0.0
Pedestrian 0 0 -1.3003 279.348 202.31 402.796 373.857 1.48 0.6504 0.7608 -2.0485 1.6497 5.5476 -1.654 0.4778 0.0636 0.0
Pedestrian 0 0 1.5236 360.5165 194.3148 435.0743 351.0873 1.5684 0.6239 0.7224 -2.2637 1.7229 7.8738 1.2436 0.4618 0.0718 0.0
Pedestrian 0 0 -0.025 24.3286 160.2879 126.8972 365.8174 1.7238 0.5498 0.5928 -4.5778 1.5349 6.1775 -0.6627 0.3871 0.0302 0.6936
Pedestrian 0 0 2.5447 38.5525 159.5411 151.1928 367.5063 1.6832 0.6178 0.8337 -4.5195 1.522 6.2843 1.9212 0.3561 0.0747 0.5485
Pedestrian 0 0 -1.7543 301.6396 199.127 390.3759 368.7602 1.4152 0.5492 0.6719 -2.0213 1.5596 5.555 -2.1033 0.346 0.0299 0.0
Pedestrian 0 0 0.9915 328.734 192.979 416.5042 359.212 1.524 0.5748 0.7158 -2.3274 1.6629 7.2216 0.6797 0.3221 0.125 0.0
Pedestrian 0 0 -1.721 710.8562 177.1976 743.5104 245.968 1.6104 0.5913 0.69 3.0441 1.511 17.6521 -1.5503 0.3208 0.125 0.0
Car 0 0 -2.345 981.318 145.0779 1235.0 369.9751 1.6629 1.6681 3.7589 3.2407 1.5376 2.9709 -1.5162 0.307 4.0 0.0
Pedestrian 0 0 -1.7493 702.1422 179.3791 737.6244 244.5172 1.6077 0.6297 0.7198 3.0121 1.5452 18.5273 -1.5882 0.2887 0.125 0.0
Car 0 0 -1.8473 717.204 186.7427 814.4612 258.3214 1.4108 1.5051 3.4873 3.6799 1.5571 16.5556 -1.6286 0.2598 0.125 0.0