Car 0 0 1.8074 275.6593 190.949 461.3504 322.6309 1.461 1.5852 3.7064 -3.3199 1.7755 10.495 1.501 0.8949 0.8575 0.8289
Car 0 0 -2.0231 821.6229 192.9651 1120.6706 365.445 1.4242 1.5552 3.6732 3.5848 1.683 8.0433 -1.6039 0.8927 0.8751 0.8568
Car 0 0 -1.8184 722.35 174.2392 859.3908 279.7656 1.6033 1.5621 3.475 2.9809 1.6294 12.7695 -1.5891 0.8846 0.865 0.7235
Car 0 0 -1.7135 668.1425 178.4587 728.2454 223.9083 1.4943 1.6006 3.949 3.0468 1.7003 25.9236 -1.5965 0.6884 0.6583 0.8292
Car 0 0 1.6939 458.2914 171.0142 541.4934 241.9548 1.7426 1.6992 4.2009 -2.987 1.7078 20.0011 1.5457 0.6779 0.7952 0.3096
Car 0 0 -1.7039 696.9031 177.4564 783.161 245.427 1.502 1.5912 3.8146 3.1629 1.639 18.1998 -1.5318 0.5085 0.2465 0.0983
Car 0 0 -1.6818 654.7501 176.5928 692.6172 207.8649 1.517 1.5541 3.5751 3.1966 1.7273 37.2344 -1.5961 0.4938 0.125 0.0
Car 0 0 1.6707 536.0856 177.6422 570.314 205.068 1.5408 1.6175 4.0786 -3.4009 1.8415 43.3276 1.5924 0.3995 0.5181 0.6781
Car 0 0 2.1985 1.678 203.0305 336.8785 383.0 1.502 1.6554 4.0571 -2.9751 1.7394 3.7291 1.5251 0.3237 10.0 0.5834
Car 0 0 -1.7427 689.8752 180.1248 766.8548 240.3951 1.4421 1.5618 3.4638 2.985 1.6447 19.0986 -1.5876 0.2636 0.125 0.1694
Car 0 0 -2.43 1031.5121 204.8838 1241.0 373.6243 1.5029 1.6239 3.89 3.4737 1.711 3.0461 -1.5791 0.2552 1.0 0.722
Car 0 0 -1.6928 642.8816 176.2389 674.6264 203.0606 1.5473 1.5998 3.5412 2.8809 1.7684 43.9501 -1.6273 0.251 0.125 0.0