Car 0 0 -1.8436 727.693 182.5584 882.0718 292.692 1.5228 1.5908 3.7423 3.0229 1.7009 12.1329 -1.5995 0.8902 0.8602 0.8565
Car 0 0 -2.0299 794.9814 189.5122 1162.4117 380.7901 1.4901 1.5786 3.7784 3.1041 1.6885 7.161 -1.6209 0.8881 0.8891 0.7685
Car 0 0 1.6218 488.8996 177.9424 540.5656 225.8148 1.5098 1.592 3.7643 -3.3311 1.6948 25.0512 1.4896 0.7117 0.6827 0.6667
Car 0 0 -1.7436 677.591 149.349 789.4102 252.4981 2.0003 1.69 4.3144 2.5336 1.5278 16.155 -1.5881 0.4896 0.1135 0.0104
Car 0 0 -1.6743 661.268 180.9614 710.5016 215.3719 1.4003 1.647 4.0111 3.2793 1.7993 32.3569 -1.5733 0.4592 0.0549 0.2609
Car 0 0 1.6454 527.9316 180.1221 561.9082 207.1919 1.4518 1.5905 3.5592 -3.7201 1.8847 41.1291 1.5552 0.4415 0.2783 0.0124
Car 0 0 1.6112 660.5066 184.5759 699.8409 215.9106 1.3986 1.6042 4.1282 3.4695 2.0302 36.1001 1.707 0.3953 0.0012 0.0
Car 0 0 -1.7202 639.4708 177.1049 674.1613 202.3732 1.5208 1.61 3.589 2.8644 1.8103 45.5967 -1.6574 0.3785 0.0379 0.0
Car 0 0 1.7855 543.359 175.2388 577.5002 200.711 1.6975 1.6077 4.049 -3.4388 1.8792 50.298 1.7173 0.3295 0.0414 0.0
Car 0 0 -1.7723 679.6157 171.7052 771.3192 250.9796 1.7521 1.6469 3.9907 2.739 1.7554 18.2272 -1.6231 0.31 0.125 0.0
Car 0 0 -1.551 676.1128 182.8732 725.9462 234.849 1.5666 1.6183 3.9153 3.0058 1.9306 24.1638 -1.4272 0.2611 0.125 0.0