Pedestrian 0 0 -0.4321 1004.1709 157.1389 1073.3263 301.7766 1.6809 0.5995 0.777 5.3107 1.4046 8.7928 0.1113 0.6989 0.6182 0.3475
Pedestrian 0 0 -1.0857 207.9471 174.5407 317.8432 363.0265 1.6236 0.6185 0.8467 -3.1628 1.5719 6.6808 -1.5279 0.6778 0.3656 0.514
Pedestrian 0 0 -1.488 811.7242 164.3962 911.9708 374.7333 1.6067 0.5783 0.7031 1.8872 1.4829 5.4129 -1.1525 0.5411 0.1058 0.194
Pedestrian 0 0 -1.5942 751.3256 169.086 831.403 374.9486 1.6555 0.5888 0.6815 1.5463 1.5512 6.0644 -1.3445 0.5366 0.4955 0.4226
Car 0 0 1.6584 547.3977 170.1047 604.9243 217.4706 1.601 1.6768 3.9893 -0.8696 1.188 26.1538 1.6252 0.4926 0.4256 0.0
Pedestrian 0 0 2.6444 897.2495 167.0417 932.6661 230.4366 1.6772 0.5545 0.6689 8.4466 1.2896 19.4429 3.0543 0.4526 0.1742 0.0793
Pedestrian 0 0 -1.0254 813.559 162.816 956.0495 373.1345 1.6575 0.6111 0.8391 2.1509 1.5376 5.6963 -0.6643 0.4066 0.125 0.4729
Cyclist 0 0 1.9131 393.8026 171.606 441.3504 257.2969 1.7223 0.5764 1.7841 -3.9554 1.5179 15.427 1.6621 0.3854 0.0094 0.0
Pedestrian 0 0 -1.6054 228.1284 180.3843 292.7332 360.8637 1.5612 0.6172 0.7366 -3.123 1.5542 6.5198 -2.0522 0.3854 0.125 0.4196
Car 0 0 -1.621 616.8354 173.332 647.5824 200.3296 1.5884 1.6492 3.8904 1.9276 1.0938 44.8737 -1.5781 0.3784 0.0389 0.0
Cyclist 0 0 0.6801 378.5314 165.4737 455.8986 260.8692 1.7303 0.5968 1.873 -3.552 1.4426 13.8242 0.4286 0.2912 0.032 0.0
Pedestrian 0 0 -1.5483 779.4989 152.2945 863.0237 370.0686 1.7151 0.5459 0.6259 1.7092 1.4744 5.7163 -1.2577 0.2814 0.125 0.3178