Car 0 0 -0.6149 890.817 186.3701 1236.9177 316.8922 1.5379 1.6483 3.977 6.0505 1.7415 9.7708 -0.0605 0.7636 0.5952 0.5222
Car 0 0 -2.8648 68.168 166.1341 375.531 274.0297 1.6987 1.7398 4.2799 -6.5393 1.5935 12.2598 2.9283 0.7472 0.5725 0.167
Car 0 0 -1.6598 632.909 178.7632 676.3604 214.1859 1.4264 1.5511 3.6607 1.8583 1.6979 31.4396 -1.6007 0.7094 0.7462 0.3757
Car 0 0 2.7324 781.7846 181.9746 1013.9962 264.7576 1.5326 1.7231 4.0475 5.6932 1.7156 14.6252 3.1036 0.7052 0.615 0.8589
Car 0 0 -2.8949 346.3691 178.4987 492.3122 224.2298 1.4118 1.664 4.3243 -6.293 1.6107 23.7452 3.1292 0.6263 0.08 0.0
Car 0 0 -0.4722 744.649 184.4593 935.8376 251.617 1.4489 1.6504 4.3065 5.4127 1.747 17.3445 -0.1698 0.5691 0.1265 0.7806
Car 0 0 -0.4856 739.0783 170.0998 904.4807 244.0156 1.7599 1.6798 3.8846 5.4811 1.7136 18.8935 -0.2033 0.5408 0.0281 0.2771
Cyclist 0 0 -1.4776 501.8238 172.0504 531.8244 224.1165 1.7143 0.5568 1.5779 -3.1898 1.6724 24.3574 -1.6079 0.4533 0.2942 0.1517
Car 0 0 -1.65 618.5256 175.5404 646.7212 200.4773 1.5471 1.5928 3.9011 1.3936 1.7327 47.1 -1.6204 0.4397 0.2326 0.4854
Car 0 0 -2.4384 1.044 185.6633 271.787 334.3772 1.4846 1.6408 3.9806 -6.3909 1.6523 8.2602 -3.0969 0.416 0.4676 0.3959
Car 0 0 -0.8399 1040.5754 188.1166 1241.0 369.2968 1.5253 1.5787 3.7433 6.3014 1.6992 6.9371 -0.1025 0.3801 0.3011 0.6031
Car 0 0 -0.4597 861.1747 189.1097 1127.1281 282.2574 1.4883 1.646 3.9265 6.5608 1.7864 12.7331 0.016 0.3547 0.4446 0.2614
Car 0 0 0.5364 387.6922 177.9397 502.9086 215.9107 1.5064 1.5932 4.3163 -6.8183 1.7264 29.6855 0.3107 0.2902 0.0524 0.6111
Car 0 0 0.6968 205.2542 160.724 414.3296 251.8132 1.7428 1.6479 3.9595 -6.3553 1.5168 15.1228 0.299 0.2795 0.125 0.2605
Car 0 0 -2.3168 1.0 180.6084 162.1027 367.6424 1.5807 1.6733 4.132 -6.4411 1.6611 6.3832 -3.1067 0.2729 0.125 0.74