Car 0 0 -1.9456 741.2756 190.5725 986.1121 349.1594 1.4533 1.5671 3.7864 2.7339 1.7011 8.8692 -1.6466 0.9122 0.8663 0.7482
Car 0 0 -2.6837 52.7333 166.6018 380.3303 291.4878 1.7973 1.7215 3.9722 -6.1219 1.7014 11.3713 3.1056 0.8183 0.6496 0.4017
Car 0 0 -1.7488 666.5714 177.422 753.5782 247.7663 1.5694 1.5868 3.602 2.3447 1.6915 18.0698 -1.6197 0.7952 0.8458 0.3068
Car 0 0 -1.6985 654.9638 180.0334 719.4048 230.6568 1.513 1.5785 3.9533 2.4272 1.7693 23.9853 -1.5976 0.7284 0.7821 0.3242
Car 0 0 -2.8607 279.2122 183.0291 460.3014 245.1139 1.4751 1.6725 4.215 -6.1667 1.7523 18.5959 3.1023 0.6788 0.5019 0.1777
Car 0 0 -1.6702 645.1051 176.9594 687.5926 215.8329 1.5932 1.5806 3.5387 2.3979 1.7875 31.8039 -1.5949 0.6065 0.7006 0.0843
Car 0 0 0.3204 209.4682 165.4101 416.6668 264.5095 1.8189 1.6145 3.8755 -5.909 1.6908 14.4298 -0.0683 0.5171 0.0332 0.518
Car 0 0 -2.8511 428.6906 176.0594 523.2492 217.5485 1.6467 1.655 3.6841 -5.4412 1.7764 29.4172 -3.034 0.4562 0.1235 0.0
Car 0 0 0.766 1.0 180.7095 263.1754 363.3905 1.6032 1.6857 4.6338 -6.4429 1.7059 7.0212 0.0235 0.4468 0.0755 0.6982
Car 0 0 -2.8721 395.0094 185.0861 498.2818 222.3232 1.4162 1.5502 3.583 -6.6219 1.9336 29.3234 -3.0942 0.4159 0.0668 0.0
Car 0 0 -3.0036 460.1037 177.5206 547.5651 208.1602 1.5406 1.686 4.2706 -5.5033 1.7742 37.45 3.1337 0.4097 0.0721 0.1817
Car 0 0 -1.68 634.263 179.3902 663.2838 205.2356 1.5679 1.6297 3.9042 2.4219 2.0142 47.0105 -1.6285 0.2988 0.125 0.0