Car 0 0 -1.3852 423.8774 174.9684 515.7331 239.5697 1.4849 1.6081 3.8336 -3.4333 1.3598 18.4871 -1.5688 0.8494 0.8187 0.7056
Cyclist 0 0 -0.439 340.393 168.7849 378.3384 227.3838 1.7098 0.5777 1.8679 -7.55 1.3763 21.6946 -0.7739 0.4697 0.0718 0.0431
Cyclist 0 0 -0.4071 294.3447 169.9756 360.0144 231.5563 1.7393 0.5755 1.7085 -8.1364 1.4441 20.6193 -0.7829 0.4596 0.1087 0.0
Cyclist 0 0 -0.1676 883.3212 142.521 949.8531 203.0857 1.8567 0.598 1.8826 9.9098 0.6917 22.6239 0.2453 0.4587 0.125 0.0
Car 0 0 -0.6017 1050.6348 146.7219 1167.2179 184.728 1.5691 1.6623 4.0012 21.7444 0.1337 30.5801 0.0164 0.4412 0.067 0.0
Cyclist 0 0 -1.9987 893.0182 145.7852 936.933 202.1066 1.8191 0.5708 1.6491 10.3816 0.7018 23.7516 -1.5867 0.4144 0.106 0.0
Pedestrian 0 0 0.2655 531.6382 162.7666 556.4527 214.2522 1.7758 0.5992 0.8518 -2.1727 1.1619 24.8996 0.1785 0.398 0.0095 0.1615
Car 0 0 -0.5267 961.9822 159.6898 1049.7176 187.148 1.5062 1.6505 3.9781 22.8236 0.3449 40.3303 -0.0117 0.3644 0.0257 0.0
Cyclist 0 0 -2.8575 328.9414 170.2302 376.4241 225.307 1.664 0.5623 1.6982 -8.0141 1.3536 22.3885 3.082 0.3532 0.0112 0.0307
Cyclist 0 0 -0.6807 683.4768 158.9734 716.8263 197.4862 1.8539 0.6307 1.8986 4.6783 0.8034 34.905 -0.5474 0.3465 0.0572 0.3047
Cyclist 0 0 -0.2468 815.0384 152.3858 863.4045 201.3434 1.8913 0.6083 1.8466 9.3086 0.7989 28.1927 0.0721 0.2642 0.125 0.0