Pedestrian 0 0 1.5765 257.023 165.6912 379.3277 368.7444 1.6947 0.6515 0.8278 -2.4378 1.5754 6.1484 1.199 0.6178 0.4431 0.0
Cyclist 0 0 1.7941 442.3854 161.6917 481.9146 246.1122 1.7751 0.6082 1.9903 -3.104 1.3544 15.8769 1.6011 0.6153 0.125 0.0
Cyclist 0 0 1.0177 701.5204 144.3766 780.4084 265.8184 1.9349 0.5839 1.9542 2.3024 1.3422 12.2447 1.2036 0.5972 0.2849 0.0
Pedestrian 0 0 1.3254 525.7318 157.3571 560.1183 234.3649 1.8584 0.6839 0.896 -1.5013 1.2692 17.9826 1.2421 0.589 0.3847 0.5138
Cyclist 0 0 1.6576 262.432 172.0058 397.8688 363.84 1.6441 0.5857 1.5494 -2.2908 1.5676 6.0274 1.2944 0.5563 0.125 0.2874
Pedestrian 0 0 -1.4119 568.6026 157.3949 605.3781 243.6602 1.7854 0.6413 0.8824 -0.3463 1.2697 15.3552 -1.4344 0.516 0.3259 0.4486
Pedestrian 0 0 -1.5004 827.758 149.1792 873.9898 265.3468 1.8094 0.6237 0.7541 4.0126 1.3038 11.6809 -1.1696 0.4623 0.2207 0.201
Pedestrian 0 0 1.5923 728.9638 150.189 756.4933 214.3101 1.9571 0.6486 0.7823 4.3529 0.999 22.342 1.7847 0.4406 0.125 0.0
Pedestrian 0 0 2.174 436.8355 161.9269 481.4266 245.0416 1.7554 0.5896 0.6883 -3.1547 1.3427 15.7846 1.9767 0.3732 0.048 0.1187
Pedestrian 0 0 1.8796 505.849 162.8197 539.7151 234.9819 1.7403 0.5987 0.7494 -1.9813 1.288 17.8114 1.7689 0.3296 0.0346 0.1648
Pedestrian 0 0 -1.1974 608.7178 158.6524 629.3092 209.1859 1.7355 0.5853 0.6955 0.5845 0.9569 24.9169 -1.174 0.3032 0.0498 0.0