Car 0 0 -1.9214 772.8673 189.0272 1049.283 369.599 1.465 1.5805 3.6004 2.8332 1.6753 7.8208 -1.5739 0.8643 0.8569 0.8287
Car 0 0 -2.9803 290.9092 169.802 461.6262 232.3732 1.7574 1.7257 4.2862 -6.7849 1.6746 21.1895 2.993 0.6005 0.2836 0.3178
Car 0 0 -2.7156 107.9743 177.4227 345.2603 261.1914 1.4628 1.5588 3.6146 -7.1712 1.5504 13.6095 3.0827 0.5961 0.0288 0.2004
Car 0 0 -2.6363 175.3962 179.9196 426.6526 256.5186 1.4408 1.718 4.5661 -6.3103 1.6039 14.8085 -3.0391 0.5647 0.4012 0.5545
Car 0 0 -1.6187 637.9842 174.8354 671.8466 203.6658 1.5032 1.6144 3.9536 2.4082 1.6177 39.9672 -1.5585 0.5644 0.5431 0.3519
Car 0 0 -2.8625 257.0715 175.5221 438.5075 242.5153 1.5668 1.609 3.9331 -6.5361 1.6308 17.9304 3.0711 0.5127 0.3083 0.5265
Car 0 0 -0.5593 809.2332 171.5101 1117.8175 279.3795 1.5281 1.6663 4.318 5.5018 1.5213 11.549 -0.1148 0.4982 0.4275 0.109
Car 0 0 3.0972 733.8283 179.1015 868.698 229.3244 1.5046 1.591 3.8013 6.0433 1.7125 22.9955 -2.929 0.4942 0.1291 0.668
Car 0 0 -0.3471 704.6684 172.5086 827.4792 221.7911 1.669 1.6887 4.1319 5.5288 1.6696 25.8605 -0.1365 0.4825 0.3134 0.6109
Car 0 0 0.6474 0.0 172.2653 306.5091 304.983 1.4752 1.6461 4.1755 -6.1214 1.4883 9.1788 0.0593 0.4748 0.1635 0.2611
Car 0 0 -3.0893 414.7148 173.4156 518.8812 212.8033 1.5156 1.6523 3.8452 -5.6884 1.535 28.7423 2.9985 0.3537 0.0 0.0
Car 0 0 -1.6081 626.6234 174.8583 649.1303 194.735 1.5399 1.5744 3.703 2.2114 1.7045 57.9746 -1.57 0.3513 0.125 0.0
Car 0 0 0.9636 57.0 171.574 274.6885 344.3147 1.574 1.6465 3.6722 -5.9962 1.5923 7.7497 0.3051 0.3469 0.125 0.6353
Car 0 0 1.0344 0.0 165.0737 291.9244 353.6612 1.6389 1.6961 4.1548 -5.6974 1.5975 7.521 0.3861 0.3169 0.0464 0.5134
Cyclist 0 0 -1.4564 543.5442 170.1961 562.8558 205.9106 1.7631 0.561 1.7108 -2.9023 1.6263 36.494 -1.5358 0.3101 0.125 0.0924
Car 0 0 -0.4706 772.0892 179.3076 903.7004 241.9562 1.4847 1.5381 3.4649 5.8535 1.6632 18.7527 -0.1681 0.2713 0.0269 0.3399
Car 0 0 0.5082 445.1645 174.5152 535.7918 205.252 1.4517 1.5978 4.1599 -6.0274 1.5353 35.8769 0.3418 0.2518 0.125 0.4956