Car 0 0 -1.7652 653.1811 176.0496 743.7254 240.3011 1.4481 1.591 3.8194 2.0922 1.5368 18.3596 -1.6517 0.8538 0.8814 0.8392
Car 0 0 -2.6037 187.8615 182.1914 412.5683 256.231 1.4486 1.6782 4.3101 -6.5807 1.6605 15.4275 -3.0069 0.674 0.6464 0.7645
Car 0 0 -1.6737 632.2541 170.7531 675.7306 206.9676 1.598 1.6377 3.9928 1.9629 1.509 33.8403 -1.6157 0.6404 0.7532 0.702
Car 0 0 -2.5675 68.2806 186.24 370.9572 286.8866 1.4181 1.6679 4.3764 -6.5398 1.6755 11.8964 -3.0702 0.5411 0.0917 0.2538
Cyclist 0 0 2.065 90.9563 181.3565 277.335 374.8685 1.6416 0.5712 1.5855 -2.8457 1.7216 4.6857 1.5192 0.3889 0.1484 0.2911
Car 0 0 -2.5463 390.4061 177.3285 491.4941 215.362 1.4551 1.5854 3.6263 -6.9417 1.6462 29.4545 -2.7778 0.3736 0.037 0.4704
Car 0 0 -2.903 405.158 176.7236 497.3565 210.2955 1.4287 1.6182 3.9754 -7.0062 1.5981 31.8792 -3.1194 0.3487 0.1703 0.0
Car 0 0 -2.9688 457.1916 172.9253 529.766 198.3796 1.4844 1.5789 3.8863 -7.0239 1.4978 43.2974 -3.1296 0.3189 0.15 0.0
Car 0 0 -1.2028 1074.3156 150.0882 1241.0 367.437 1.5979 1.6359 3.7881 5.3002 1.4358 5.792 -0.4617 0.2821 0.0814 0.3139
Car 0 0 -2.7285 141.3997 184.4746 381.364 269.5997 1.4201 1.6138 3.8571 -6.4046 1.6495 13.2793 3.1053 0.2656 0.125 0.3979
Car 0 0 -2.5457 361.1554 177.1563 471.0342 218.175 1.4203 1.5783 3.7496 -7.183 1.5868 26.6358 -2.8091 0.2634 0.0293 0.0
Car 0 0 -2.274 307.5366 181.0948 433.5904 238.6511 1.4111 1.5432 3.6442 -6.639 1.6587 19.7242 -2.5987 0.251 0.125 0.3273