Car 0 0 -1.8438 733.6996 182.1538 902.1317 303.2882 1.4833 1.5751 3.5748 2.9455 1.6571 11.1227 -1.5849 0.8952 0.8222 0.7808
Car 0 0 -2.7703 202.2346 172.4339 418.6105 250.0925 1.5159 1.6039 3.7323 -6.1305 1.5056 14.971 3.1243 0.7022 0.4524 0.2736
Car 0 0 0.6197 39.0619 163.9199 352.5959 287.3748 1.5654 1.6302 4.0748 -5.9403 1.4571 10.2885 0.096 0.6619 0.257 0.0024
Car 0 0 -2.5533 787.529 184.1186 952.277 245.0647 1.4422 1.632 3.9326 6.7933 1.7608 19.0761 -2.2112 0.6284 0.2489 0.2913
Car 0 0 0.6456 0.0 180.7072 291.595 321.3526 1.4715 1.6203 4.1562 -6.3413 1.601 8.7771 0.02 0.5878 0.2403 0.6354
Car 0 0 2.8358 696.361 170.8085 825.6848 216.329 1.5634 1.6878 4.1763 5.3314 1.4905 25.772 3.0398 0.4855 0.377 0.0
Car 0 0 -2.7551 286.0426 173.2442 477.432 237.911 1.5877 1.6687 4.3817 -5.857 1.5948 18.6258 -3.0597 0.4748 0.0605 0.0
Car 0 0 -2.9456 420.4859 176.7648 508.0399 207.8998 1.4609 1.5987 3.8807 -7.1046 1.6651 35.2509 3.1387 0.4672 0.2748 0.3268
Car 0 0 1.6521 632.6438 157.2657 686.2152 206.4751 1.7195 1.6989 4.1977 1.8702 1.1579 27.2612 1.7206 0.4652 0.125 0.0
Car 0 0 -2.83 452.1034 172.2911 533.3739 202.4911 1.5933 1.6679 3.9124 -6.3709 1.5512 38.9663 -2.992 0.4137 0.1965 0.3336
Car 0 0 -2.2052 1.0 183.3565 174.7149 376.9182 1.5791 1.6632 3.9828 -6.3052 1.7043 6.4611 -2.9784 0.3676 0.1543 0.5053
Car 0 0 -2.5923 435.7258 174.2608 517.0152 205.5108 1.4907 1.5869 3.633 -6.7087 1.5688 36.1383 -2.7758 0.3505 0.0548 0.0484
Car 0 0 -2.9528 369.9162 175.6144 479.2352 219.2797 1.4337 1.6121 4.1557 -6.4467 1.5227 24.9161 3.0772 0.3353 0.0277 0.4865
Car 0 0 0.3473 702.8249 174.0591 858.7174 222.3546 1.4398 1.6471 4.5999 5.5338 1.4912 23.5528 0.5781 0.3261 0.125 0.0