Pedestrian 0 0 -1.3546 667.831 168.4084 745.6198 337.5548 1.6661 0.6387 0.8441 1.0782 1.5325 7.6913 -1.2153 0.686 0.605 0.3706
Pedestrian 0 0 3.0422 912.915 132.6722 999.1768 272.4437 1.9308 0.5681 1.0551 5.0156 1.2664 10.2867 -2.7873 0.6346 0.2844 0.4939
Pedestrian 0 0 1.57 487.6519 170.1275 517.5555 236.189 1.7589 0.6288 0.8212 -2.7319 1.453 19.6291 1.4317 0.6032 0.5244 0.0065
Pedestrian 0 0 -1.8317 553.1502 171.8896 582.325 236.3181 1.7084 0.6215 0.7815 -0.9507 1.452 19.6104 -1.8801 0.594 0.3917 0.1272
Pedestrian 0 0 1.3876 67.4376 160.6478 208.0582 367.2063 1.6403 0.5926 0.6161 -2.8424 1.51 4.3692 0.8108 0.5286 0.0115 0.0308
Pedestrian 0 0 1.6868 71.4252 129.5988 313.0857 365.9913 1.6971 0.6788 0.7432 -2.0638 1.4713 3.1729 1.1101 0.5135 1.0 0.0559
Pedestrian 0 0 1.4582 56.6662 142.1006 263.1904 377.9924 1.8317 0.6412 0.677 -2.354 1.6078 3.6008 0.8792 0.5022 6.0 0.4751
Pedestrian 0 0 0.5546 466.153 170.5174 498.1742 237.7156 1.7258 0.6136 0.721 -3.1791 1.4445 18.9082 0.3881 0.4511 0.2288 0.0
Cyclist 0 0 1.9687 211.8787 181.0854 421.1636 377.8548 1.6646 0.5503 1.6939 -1.9293 1.6516 5.0481 1.6037 0.4234 0.3014 0.1443
Pedestrian 0 0 1.2026 585.314 170.8848 614.0484 235.3313 1.7131 0.5843 0.7812 -0.082 1.4332 19.676 1.1985 0.417 0.0342 0.1404
Car 0 0 1.5984 522.6364 179.2996 548.805 201.145 1.4523 1.5905 3.9035 -4.5872 1.3112 50.6219 1.5081 0.4089 0.6844 0.0
Pedestrian 0 0 0.9596 593.3711 175.0031 619.4322 233.939 1.6991 0.5978 0.6619 0.1169 1.5192 20.988 0.9652 0.3972 0.1416 0.005
Pedestrian 0 0 0.9961 603.0874 171.203 634.9203 229.0558 1.6959 0.6406 0.8328 0.5011 1.393 21.4209 1.0195 0.343 0.125 0.0
Pedestrian 0 0 2.9946 842.8669 169.4245 874.4562 222.9913 1.6301 0.607 0.7598 7.8955 1.2482 22.1448 -2.9461 0.2675 0.125 0.0
Pedestrian 0 0 2.2704 240.3695 182.2248 365.7918 376.7826 1.5362 0.5929 0.6918 -2.2458 1.5547 5.3495 1.873 0.2596 0.125 0.0