Car 0 0 -1.6972 630.1728 178.9301 689.2052 224.9628 1.4786 1.6097 4.0087 1.649 1.712 25.6805 -1.6331 0.8094 0.8083 0.6358
Car 0 0 -0.5406 821.2114 189.1498 1150.3444 303.2414 1.4651 1.665 4.0464 5.3384 1.7223 10.6022 -0.0741 0.6967 0.7735 0.83
Car 0 0 2.4318 921.9908 181.2177 1266.3655 353.0926 1.536 1.6009 4.0548 5.5939 1.6628 7.7988 3.054 0.6963 0.7704 0.8354
Cyclist 0 0 1.3048 437.803 175.5334 476.3501 259.2081 1.666 0.5521 1.7074 -3.2668 1.7348 15.1866 1.0929 0.6806 0.5525 0.2425
Car 0 0 0.7418 0.0 150.6261 280.432 319.1888 1.7527 1.6999 4.3393 -6.4848 1.5274 8.5132 0.0908 0.6127 0.145 0.3089
Car 0 0 -0.7246 804.7324 168.4376 1043.6428 281.2976 1.7681 1.6607 3.7426 5.4989 1.7198 12.8662 -0.3207 0.5829 0.1415 0.6584
Car 0 0 -2.9263 241.2194 181.742 445.0091 246.6078 1.4028 1.6376 4.2871 -6.2487 1.6182 16.8803 3.0023 0.5529 0.2625 0.0
Car 0 0 -1.6572 613.4084 175.479 646.5569 204.2795 1.5332 1.5969 3.5074 1.0372 1.6869 40.1545 -1.6314 0.446 0.5624 0.3711
Car 0 0 -2.3534 1.0 152.2021 176.005 367.3563 1.743 1.7122 4.3271 -6.1319 1.579 5.8564 3.1215 0.4118 0.125 0.2443
Car 0 0 -2.3322 1.0 179.4807 142.0893 370.0065 1.5845 1.6326 4.1334 -6.7786 1.6454 6.295 3.1286 0.3917 0.0762 0.6231
Car 0 0 0.7679 319.0956 181.2442 466.6402 232.621 1.4448 1.6444 4.4099 -6.8017 1.7159 22.4331 0.4736 0.378 0.0844 0.4319
Car 0 0 0.6682 358.1171 182.4657 466.0512 229.8917 1.4619 1.5793 3.5443 -6.6362 1.7913 24.0934 0.3994 0.3275 0.125 0.1598
Car 0 0 -2.5083 442.9493 178.2122 503.8132 207.9289 1.4763 1.5612 3.4753 -7.2415 1.7695 37.9748 -2.6968 0.3192 0.125 0.4499
Car 0 0 -2.8255 427.2678 180.5472 502.3966 210.3202 1.4365 1.5869 3.6954 -7.3805 1.8267 36.5966 -3.0245 0.2575 0.125 0.2802