Pedestrian 0 0 -2.3305 733.8789 171.6276 785.7148 259.7949 1.6547 0.5833 0.928 3.0083 1.4622 13.8991 -2.1174 0.7352 0.3373 0.0
Pedestrian 0 0 -1.3611 167.6828 172.6129 277.9132 371.3698 1.6335 0.6231 0.8552 -3.3492 1.5733 6.3226 -1.8482 0.693 0.3511 0.4804
Car 0 0 1.6542 506.6516 171.38 568.1268 222.4788 1.5694 1.6536 3.8553 -2.0824 1.2443 23.907 1.5673 0.6079 0.1872 0.0
Cyclist 0 0 2.8635 304.8022 173.7921 386.757 277.3165 1.6315 0.5723 1.8075 -4.2876 1.5213 12.0166 2.5207 0.5186 0.0965 0.0
Pedestrian 0 0 -1.6812 851.217 168.1321 962.3398 376.0866 1.6267 0.6064 0.7629 2.2921 1.5407 5.589 -1.292 0.4893 0.1823 0.4151
Pedestrian 0 0 2.1305 1156.0738 153.7978 1201.9796 246.1461 1.7538 0.6075 0.7033 11.2086 1.2224 13.9867 2.8061 0.4737 0.0146 0.2364
Pedestrian 0 0 1.7191 760.9392 159.558 848.5563 372.7864 1.6482 0.573 0.6453 1.5698 1.4783 5.7826 1.9842 0.4273 0.0499 0.4612
Pedestrian 0 0 0.1855 849.3887 159.292 877.7665 216.6808 1.8541 0.5957 0.7556 8.519 1.1487 23.4091 0.5345 0.4132 0.125 0.0
Car 0 0 -1.5218 574.854 174.0245 608.5066 206.8427 1.7068 1.6711 4.3258 -0.5278 1.2934 39.6349 -1.5351 0.3994 0.125 0.0
Pedestrian 0 0 2.0025 1141.9736 151.3684 1199.1323 248.7016 1.811 0.6107 0.6892 10.9068 1.2435 13.8052 2.6712 0.3961 0.0216 0.3893
Pedestrian 0 0 1.8955 772.7096 176.8797 827.0436 314.7846 1.5121 0.5217 0.5787 2.2042 1.4607 8.1972 2.1582 0.3816 0.125 0.0
Pedestrian 0 0 -1.1999 1093.4469 148.5495 1186.3428 352.3514 1.7124 0.6306 0.8238 4.8384 1.4441 6.4417 -0.5557 0.3054 0.125 0.5691