Car 0 0 1.8138 223.5358 181.885 401.1033 300.0558 1.5235 1.6535 3.9916 -4.4815 1.5644 11.623 1.4458 0.8809 0.8729 0.8419
Cyclist 0 0 -1.6472 427.699 162.0877 475.3057 265.5171 1.7955 0.5751 1.7732 -2.8285 1.4481 13.2869 -1.857 0.6049 0.1927 0.4291
Pedestrian 0 0 -2.3873 185.8752 171.3562 300.2887 356.1928 1.6566 0.589 0.9119 -3.443 1.5653 6.7972 -2.8562 0.6 0.4398 0.5976
Pedestrian 0 0 1.1173 80.9863 158.1195 180.5231 337.8444 1.7345 0.6894 0.7835 -4.8812 1.5042 7.3831 0.5331 0.5742 0.3793 0.0
Pedestrian 0 0 1.4175 649.617 164.268 677.6746 227.3706 1.7556 0.6291 0.7431 1.724 1.2806 20.4585 1.5015 0.5467 0.2904 0.0
Pedestrian 0 0 -1.3374 500.3532 166.7348 520.6864 215.0756 1.7071 0.6187 0.78 -3.3189 1.1695 26.0659 -1.464 0.3163 0.0697 0.0006
Cyclist 0 0 -1.6481 433.0548 159.583 468.23 258.254 1.8126 0.5962 1.9246 -3.0189 1.4118 14.2144 -1.8574 0.3145 0.0582 0.4827
Pedestrian 0 0 2.0177 383.8858 176.9973 404.7539 220.7044 1.6818 0.5602 0.7247 -8.0976 1.4958 28.0507 1.7367 0.2838 0.125 0.0
Pedestrian 0 0 0.4064 382.2412 165.856 405.3982 218.1338 1.7503 0.6183 0.7448 -7.0403 1.2103 24.2568 0.1239 0.2679 0.0217 0.4709
Cyclist 0 0 -1.411 499.0234 167.6788 521.1442 214.5253 1.7361 0.5824 1.932 -3.4821 1.2042 27.2527 -1.538 0.2659 0.125 0.0
Pedestrian 0 0 -2.3943 155.3694 159.9206 264.7829 358.3457 1.6825 0.5932 0.9094 -3.5259 1.499 6.3889 -2.8986 0.2594 0.0227 0.1548