Car 0 0 -1.8467 760.8454 180.8563 910.2977 282.2802 1.4992 1.5567 3.5267 3.7822 1.662 12.8603 -1.5607 0.9063 0.8703 0.9231
Car 0 0 1.8985 224.6444 188.7428 415.702 301.807 1.5193 1.6493 4.1804 -4.7459 1.8419 12.3992 1.533 0.9009 0.8938 0.8036
Car 0 0 -2.0493 849.2149 188.5561 1221.3324 373.5101 1.4323 1.5494 3.5795 3.6996 1.6189 7.162 -1.5725 0.8809 0.8651 0.8538
Car 0 0 1.8017 373.463 185.9999 473.1617 254.5512 1.5226 1.5914 3.7652 -4.7477 1.8887 18.6667 1.5526 0.8422 0.7811 0.4884
Car 0 0 -1.794 715.8294 179.7567 815.4973 245.4927 1.4469 1.6161 4.0858 3.7508 1.6291 18.1736 -1.5905 0.8238 0.8258 0.8797
Car 0 0 1.7808 428.6912 184.3835 505.5427 235.2464 1.4869 1.6328 4.0708 -4.6667 1.8921 23.8084 1.5873 0.7627 0.7151 0.5874
Car 0 0 -1.7017 698.1818 176.7434 764.9715 228.541 1.522 1.5913 3.6827 3.7974 1.6599 23.3214 -1.5403 0.6476 0.7265 0.7568
Car 0 0 1.7094 519.1686 178.3414 560.152 209.1432 1.574 1.6899 4.0997 -3.8527 1.8902 39.7869 1.6129 0.572 0.7159 0.5971
Car 0 0 -1.7226 685.3319 176.3657 734.5677 215.329 1.5676 1.6129 3.6134 4.2302 1.7247 31.3202 -1.5884 0.516 0.4185 0.118
Car 0 0 -1.7187 693.0506 177.408 742.9844 219.3488 1.572 1.5857 3.5598 4.2579 1.7738 29.2159 -1.574 0.498 0.081 0.61
Car 0 0 -2.5715 897.9951 174.0472 963.709 203.4984 1.5807 1.5922 3.2804 17.8214 1.6659 40.2532 -2.1547 0.3495 0.125 0.0
Car 0 0 -2.3834 1031.5377 173.1876 1117.7395 204.8061 1.5491 1.6088 3.7798 24.0938 1.5944 37.6414 -1.814 0.2824 0.125 0.0