Car 0 0 -1.8797 717.5326 176.8445 896.5814 291.149 1.5168 1.6056 3.9447 2.9226 1.5941 11.7491 -1.6359 0.9021 0.8771 0.7673
Car 0 0 1.998 200.1587 195.6831 383.7485 290.5754 1.3974 1.602 4.0994 -5.839 1.902 13.6969 1.5951 0.8784 0.708 0.65
Car 0 0 1.8062 370.8476 179.0383 461.6074 241.4477 1.603 1.6437 4.0427 -5.5602 1.7914 21.0099 1.5475 0.8075 0.6937 0.3148
Car 0 0 2.1219 0.0 206.776 255.429 370.7653 1.4024 1.6135 3.9043 -6.1198 1.8812 8.5342 1.4998 0.7788 0.8605 0.7954
Car 0 0 1.7741 428.7837 179.2192 489.8346 226.1092 1.6324 1.6257 3.9409 -5.7244 1.8914 27.5617 1.5693 0.7635 0.8452 0.3095
Car 0 0 1.6676 554.4978 178.8752 581.9556 200.4208 1.5197 1.6432 4.0404 -3.1081 1.9772 53.7798 1.6098 0.4331 0.6271 0.6376
Car 0 0 1.783 473.7844 181.6839 519.7026 212.8609 1.5744 1.604 3.6606 -6.1055 2.0711 39.0858 1.6281 0.3833 0.0339 0.6151
Car 0 0 1.5285 637.5036 176.7221 661.2644 194.0074 1.4258 1.6277 4.1321 3.3794 1.7668 62.4643 1.5825 0.3523 0.125 0.5049
Car 0 0 1.7985 520.5459 180.5592 550.1456 201.523 1.5412 1.554 3.7456 -5.7955 2.1555 56.0489 1.6955 0.2918 0.2115 0.0
Car 0 0 1.7342 482.1076 182.83 518.6344 209.4045 1.4736 1.5584 3.6405 -6.5786 2.098 43.3168 1.5835 0.2788 0.0093 0.0054
Car 0 0 0.0885 850.6783 171.8656 1043.494 247.9832 1.5481 1.6359 3.9732 7.1852 1.552 15.9786 0.511 0.2554 0.125 0.0