Car 0 0 -1.8665 513.2312 184.2445 648.323 268.7746 1.4107 1.5974 3.9371 -0.8134 1.6791 14.6644 -1.9219 0.8806 0.8216 0.8074
Car 0 0 -1.7 414.5445 180.6646 468.0995 222.1293 1.4917 1.6171 3.7364 -6.7515 1.8114 28.4029 -1.9334 0.735 0.7471 0.6305
Car 0 0 -1.6994 399.0294 179.4293 442.3063 214.0494 1.4904 1.5571 3.6847 -8.8594 1.8094 33.4098 -1.9586 0.6617 0.6925 0.0
Car 0 0 -2.1167 711.3086 137.8199 1095.5125 372.5444 1.8543 1.736 4.3244 2.4597 1.5591 7.2449 -1.7894 0.594 0.125 0.0
Car 0 0 1.8663 221.4222 183.7936 272.2596 214.6625 1.4772 1.6722 3.275 -18.8701 2.074 37.5584 1.4007 0.5678 0.5862 0.0351
Car 0 0 1.9659 1.0 205.9381 146.913 369.7435 1.4573 1.6256 3.8064 -6.6647 1.852 7.3314 1.2281 0.4709 0.4477 0.0
Car 0 0 1.1815 1116.4952 155.2283 1245.2254 241.6216 1.5293 1.5936 3.7292 11.4682 1.2063 14.0632 1.8656 0.4405 0.067 0.2204
Car 0 0 1.8921 0.0 204.6952 159.926 306.1112 1.3924 1.5227 3.331 -8.9857 1.9743 12.1888 1.2569 0.4104 0.0732 0.717
Car 0 0 -3.1219 593.1316 164.8968 681.0094 204.1792 1.763 1.7125 3.897 1.2417 1.4132 34.205 -3.0857 0.3765 0.1342 0.0
Car 0 0 -2.2288 692.8369 135.7324 1020.8252 335.8176 1.9477 1.654 4.3587 2.6072 1.6042 8.2056 -1.9212 0.3441 0.125 0.0
Car 0 0 -1.6127 382.0666 176.46 407.0996 197.7757 1.4968 1.6363 3.744 -15.9266 1.7757 53.1791 -1.9037 0.2876 0.024 0.0