Pedestrian 0 0 1.8169 479.984 156.8231 531.3714 269.2121 1.7976 0.6548 0.7562 -1.6148 1.4022 11.9003 1.682 0.8142 0.5439 0.7688
Pedestrian 0 0 1.7688 452.3996 166.9113 497.1767 274.1928 1.6615 0.6137 0.606 -2.0666 1.4357 11.4782 1.5907 0.7824 0.5609 0.6249
Pedestrian 0 0 1.2816 591.0407 162.0472 624.6056 235.89 1.7515 0.6551 0.8701 0.1194 1.2841 17.6366 1.2884 0.5896 0.2573 0.2886
Car 0 0 1.6343 554.8099 171.1037 584.3773 193.9387 1.4425 1.6386 4.1897 -2.0568 0.7626 47.4467 1.591 0.5142 0.6181 0.4513
Pedestrian 0 0 1.4637 644.0938 161.0937 673.9622 232.165 1.6648 0.5878 0.7001 1.3344 1.193 17.1651 1.5413 0.4852 0.2655 0.3847
Pedestrian 0 0 1.8175 72.46 214.2663 185.9682 376.6154 1.4329 0.6533 0.6839 -3.2125 1.5954 4.7029 1.2182 0.4337 0.125 0.0
Pedestrian 0 0 0.0463 680.9696 165.365 702.6925 224.3134 1.6972 0.5955 0.6356 2.6004 1.2328 20.9805 0.1696 0.4328 0.2791 0.0
Pedestrian 0 0 -2.158 1037.8048 131.0346 1221.8774 372.0951 1.7511 0.5755 0.7402 3.2122 1.4633 4.5012 -1.5382 0.4039 0.0801 0.1636
Pedestrian 0 0 -1.3301 707.5788 154.2565 737.2223 219.2279 1.8418 0.6611 0.7636 3.4492 1.0591 20.6289 -1.1644 0.3322 0.0 0.3164
Pedestrian 0 0 -0.1314 1069.821 120.7928 1183.3993 383.0 1.868 0.6206 0.6443 3.1569 1.494 4.2903 0.5029 0.3213 0.0111 0.3218
Pedestrian 0 0 1.9932 148.298 206.6504 329.2604 371.2037 1.4486 0.5898 0.7323 -2.3738 1.5943 4.6491 1.5211 0.2875 0.125 0.0
Pedestrian 0 0 -1.0141 701.5538 155.2247 741.8494 227.6425 1.7789 0.6448 0.7745 2.9747 1.1195 17.8502 -0.8489 0.2821 0.125 0.0
Pedestrian 0 0 0.2471 989.2775 146.0379 1024.6964 235.5847 1.7259 0.5765 0.5659 7.9839 1.0347 14.2115 0.7589 0.275 0.125 0.0