Pedestrian 0 0 -1.7397 865.156 169.2566 917.7888 290.1946 1.6028 0.589 0.6489 3.965 1.4421 9.9566 -1.3607 0.6668 0.6149 0.2067
Pedestrian 0 0 1.2739 448.9184 174.6577 485.1538 250.9446 1.6063 0.6028 0.6551 -2.9441 1.4753 15.5467 1.0868 0.5125 0.2008 0.0
Pedestrian 0 0 0.7714 294.6311 153.9857 367.7382 263.6966 1.8272 0.6447 0.8753 -4.702 1.3582 12.388 0.4086 0.466 0.125 0.0
Pedestrian 0 0 -1.5607 506.8453 182.3149 529.553 232.2974 1.6516 0.6154 0.8239 -2.8225 1.6685 24.1038 -1.6773 0.4343 0.1599 0.0
Car 0 0 -1.7016 693.2268 190.4396 787.487 265.0867 1.4113 1.615 3.6756 2.9787 1.644 16.2118 -1.5199 0.3909 0.3497 0.0
Pedestrian 0 0 1.8706 426.6996 171.5975 465.749 251.7574 1.6674 0.5939 0.7562 -3.3482 1.4593 15.3807 1.6563 0.3813 0.0 0.0
Pedestrian 0 0 1.5359 222.548 184.4412 261.8929 271.8742 1.5755 0.5617 0.5381 -6.6913 1.6327 13.3156 1.0702 0.335 0.0 0.0
Pedestrian 0 0 2.4148 417.5629 166.1459 467.966 265.7677 1.7095 0.5642 0.6626 -2.856 1.4549 12.7997 2.1952 0.3276 0.125 0.0
Pedestrian 0 0 1.547 359.4757 165.1648 418.3874 285.7676 1.6964 0.6596 0.8798 -3.2248 1.4695 10.8229 1.2574 0.2977 0.125 0.0
Pedestrian 0 0 1.2137 213.0632 181.1878 271.7794 294.3232 1.5533 0.5559 0.6524 -5.2209 1.5592 10.3786 0.7477 0.2847 0.0062 0.0827
Pedestrian 0 0 2.8774 422.952 171.3242 478.6819 259.4087 1.6606 0.5939 0.7714 -2.9675 1.4712 13.9979 2.6685 0.2763 0.125 0.0
Cyclist 0 0 1.7246 609.7304 178.5809 627.8875 218.4634 1.6105 0.5533 1.6872 0.7057 1.495 29.8305 1.7482 0.2574 0.125 0.0