Pedestrian 0 0 1.7928 206.7114 156.5257 333.5573 382.1853 1.7167 0.6808 0.8048 -2.5026 1.5568 5.3828 1.3576 0.7733 0.4575 0.7171
Pedestrian 0 0 -1.3039 633.9264 168.1829 698.4049 316.091 1.6533 0.622 0.8478 0.7217 1.5031 8.4741 -1.2189 0.764 0.5705 0.3554
Cyclist 0 0 2.0035 336.102 172.0703 462.7203 372.2933 1.7035 0.5503 1.7448 -1.8938 1.6424 6.6698 1.7269 0.7242 0.6973 0.3709
Pedestrian 0 0 1.7346 485.8988 171.0212 512.4541 229.9863 1.7278 0.6207 0.8476 -3.0664 1.4164 21.3183 1.5917 0.6544 0.4238 0.0648
Pedestrian 0 0 2.8394 899.0012 141.0572 963.1774 258.6491 1.8125 0.5785 0.7636 5.1563 1.1895 11.342 -3.0171 0.6192 0.3194 0.4248
Pedestrian 0 0 1.4358 552.2654 169.8312 580.8458 235.125 1.75 0.6413 0.7627 -0.9999 1.4292 19.7967 1.3853 0.6034 0.4236 0.0
Pedestrian 0 0 1.6496 465.5396 170.396 490.9442 235.2463 1.6731 0.58 0.6933 -3.2933 1.384 19.0253 1.4782 0.5247 0.1408 0.0
Pedestrian 0 0 -0.0598 576.4702 173.5366 606.0589 232.226 1.7088 0.6035 0.7776 -0.3247 1.4707 21.2963 -0.075 0.4702 0.1129 0.1224
Pedestrian 0 0 1.062 1022.2169 129.7018 1183.3795 370.5597 1.8028 0.6894 0.8094 3.1356 1.4831 4.4995 1.6706 0.452 0.2807 0.2965
Pedestrian 0 0 1.331 600.4406 169.952 628.1814 228.4346 1.6837 0.6061 0.689 0.3485 1.3528 21.0597 1.3476 0.4252 0.125 0.16
Cyclist 0 0 -1.498 506.9714 175.3268 537.4924 231.5258 1.6684 0.6056 1.6485 -2.4925 1.4646 22.2636 -1.6094 0.3405 0.125 0.0
Pedestrian 0 0 2.0654 505.3436 171.1981 533.9766 230.4561 1.8041 0.6506 0.8692 -2.5875 1.4966 22.5767 1.9513 0.3167 0.125 0.6571
Pedestrian 0 0 2.0152 617.7354 169.8457 644.4624 229.2684 1.7388 0.6492 0.8639 0.8615 1.3925 21.3547 2.0556 0.2963 0.125 0.0
Car 0 0 1.6282 518.6446 179.8953 544.8644 200.6407 1.483 1.5974 4.0173 -5.2884 1.3772 54.968 1.5322 0.2869 0.0094 0.0
Pedestrian 0 0 2.2067 142.8962 206.757 217.771 337.5344 1.3145 0.4982 0.5374 -4.5645 1.5895 7.7528 1.6746 0.2861 0.125 0.0
Cyclist 0 0 1.1728 1007.1299 117.0201 1235.5949 371.9988 1.8416 0.6096 1.5349 2.536 1.5316 3.7428 1.7683 0.259 1.0 0.0
Pedestrian 0 0 2.9162 879.2068 155.0574 935.5862 259.4428 1.7745 0.5464 0.7978 5.3539 1.333 12.6746 -2.9673 0.2551 0.125 0.0
Pedestrian 0 0 1.8721 352.2788 174.3195 462.1529 366.12 1.6741 0.611 0.7751 -1.8473 1.6036 6.7654 1.6055 0.2503 0.125 0.0