Car 0 0 1.9305 207.1326 196.3973 384.5167 290.1982 1.4605 1.6537 4.3596 -6.1306 2.0122 14.5605 1.532 0.8891 0.9061 0.6791
Car 0 0 1.857 363.8018 189.418 462.1404 247.9564 1.4773 1.6465 4.1439 -5.7861 2.0166 21.54 1.5946 0.8396 0.8205 0.8175
Car 0 0 -1.7833 709.5672 176.034 817.8926 251.3067 1.4973 1.6182 3.895 3.3095 1.5764 16.4366 -1.5846 0.8287 0.866 0.6738
Car 0 0 -1.7019 688.3856 174.7133 758.6157 232.8196 1.6073 1.6229 3.6567 3.3155 1.6734 21.8948 -1.5516 0.7829 0.703 0.6601
Car 0 0 2.1353 0.1218 207.8992 264.2601 374.4113 1.4816 1.5832 3.8368 -6.0732 1.9747 8.5982 1.5203 0.7326 0.8024 0.6704
Car 0 0 1.8041 424.3993 186.4507 491.9464 231.273 1.5206 1.6002 3.7597 -5.792 2.0837 27.6974 1.598 0.6995 0.7105 0.0
Car 0 0 1.8268 476.7211 185.4965 525.1382 215.4508 1.4636 1.5665 3.8474 -5.8015 2.1674 38.5908 1.6776 0.6353 0.546 0.0
Car 0 0 -1.6773 665.726 177.839 712.8159 216.0986 1.4605 1.5832 3.6185 3.1764 1.6822 29.8382 -1.5712 0.5298 0.6263 0.0
Car 0 0 2.5456 938.5916 148.132 1122.7385 223.4322 1.7254 1.6054 3.5784 10.1514 1.1531 17.5602 3.0698 0.482 0.2263 0.2633
Car 0 0 2.8576 868.1219 154.4042 1025.9344 214.3586 1.7081 1.6647 3.7742 9.8395 1.1854 21.2907 -2.9926 0.4622 0.1406 0.0
Car 0 0 -1.6841 646.2021 177.8343 678.3708 202.3189 1.4798 1.6067 3.6763 3.235 1.7992 45.7244 -1.6134 0.405 0.125 0.0
Car 0 0 1.8034 515.9538 181.1083 548.6941 201.8393 1.479 1.6034 4.0895 -5.826 2.1127 54.253 1.6964 0.3196 0.2123 0.0
Car 0 0 2.1804 1033.3838 135.168 1231.0796 230.6814 1.6671 1.5292 3.4093 9.8829 0.9767 13.7132 2.8049 0.3 0.3401 0.1477
Car 0 0 -0.4335 893.0911 154.3281 1106.5749 222.1777 1.5723 1.6884 4.4058 9.3228 1.1361 17.6833 0.0516 0.2858 0.125 0.5674