Car 0 0 -0.2229 738.6764 182.8478 901.8197 242.5426 1.4769 1.6548 3.9234 5.4987 1.7623 19.3073 0.0545 0.7912 0.7059 0.7879
Car 0 0 -0.614 921.1785 181.9179 1248.7665 316.5932 1.7024 1.6537 3.4622 6.5453 1.8608 10.2814 -0.0471 0.7463 0.5865 0.4053
Car 0 0 0.7061 24.6581 185.6147 340.518 325.5039 1.4802 1.6538 3.8722 -5.7443 1.652 8.8304 0.1294 0.7009 0.6683 0.5704
Car 0 0 -1.6286 638.0599 180.5565 678.218 214.6552 1.4323 1.5675 4.084 2.1329 1.8058 33.1899 -1.5644 0.6663 0.7226 0.5604
Car 0 0 -2.369 295.3751 184.4442 443.9315 245.5513 1.4609 1.6093 3.8659 -6.6062 1.8063 19.6157 -2.6939 0.6289 0.4516 0.4655
Car 0 0 -2.7657 143.9239 175.5135 394.7375 271.4767 1.6709 1.676 3.94 -6.3366 1.7189 13.6108 3.0818 0.5638 0.4327 0.4546
Car 0 0 0.2329 381.8822 183.667 491.3414 224.0444 1.4322 1.605 3.9739 -6.5537 1.8447 27.0877 -0.0045 0.5587 0.4279 0.5624
Car 0 0 -2.5786 243.7427 183.6781 424.8802 253.0796 1.5023 1.617 3.8588 -6.6138 1.7762 17.3351 -2.9431 0.4161 0.0787 0.0075
Car 0 0 -0.6494 1015.4382 199.9608 1249.1673 356.4932 1.3916 1.585 4.0156 6.7484 1.7322 7.6667 0.0723 0.3989 0.461 0.5343
Car 0 0 -2.912 440.3479 179.9261 526.8736 211.7462 1.5095 1.6373 3.7951 -6.1763 1.8532 35.4626 -3.0845 0.3438 0.125 0.0
Car 0 0 1.5869 552.9745 177.1974 578.6465 198.7826 1.5242 1.6571 3.7027 -3.2909 1.8539 53.3482 1.5253 0.3167 0.1884 0.0
Car 0 0 -2.3083 1.0 173.1508 224.7998 383.0 1.7147 1.6631 4.1762 -5.427 1.7271 5.5316 -3.0841 0.3007 0.125 0.0352
Car 0 0 -2.7466 94.7345 184.0913 371.6543 286.6897 1.5242 1.632 3.9532 -6.1652 1.7445 11.9454 3.0601 0.2664 0.125 0.5582