Car 0 0 2.7018 809.656 184.3882 1074.4633 279.895 1.5085 1.7248 4.0348 5.7442 1.7224 12.7917 3.1238 0.7957 0.4464 0.7846
Car 0 0 -2.7202 0.0 170.606 337.3634 293.5282 1.647 1.7179 4.2044 -6.5621 1.6163 10.4503 3.0023 0.7513 0.6535 0.2215
Car 0 0 -1.6575 633.7971 178.7602 682.1268 217.9254 1.4312 1.5863 3.9611 1.8098 1.6907 29.0289 -1.5953 0.7148 0.8275 0.2927
Car 0 0 -0.2807 750.1836 182.8791 971.6458 263.8008 1.5327 1.7003 4.2679 5.2045 1.773 15.3571 0.0461 0.6141 0.5293 0.663
Car 0 0 -0.6858 952.7982 186.3498 1253.9768 352.0172 1.4984 1.5971 3.9361 5.8567 1.6626 7.5297 -0.0248 0.5866 0.5739 0.7784
Car 0 0 2.8362 317.8778 179.8692 469.4635 231.1017 1.4638 1.6632 4.3799 -6.5252 1.681 21.9615 2.5474 0.4968 0.0448 0.0
Cyclist 0 0 1.5478 491.6729 171.8768 517.4812 231.722 1.7138 0.546 1.4837 -3.1718 1.6823 21.3532 1.4003 0.4954 0.1058 0.0549
Car 0 0 -0.5533 912.3402 192.0766 1225.2201 307.137 1.4588 1.6161 3.7069 6.5642 1.7586 10.4002 0.0098 0.471 0.4756 0.4497
Cyclist 0 0 1.1392 486.4025 172.2519 522.4872 233.1277 1.7496 0.5663 1.618 -3.1858 1.729 21.4999 0.992 0.4568 0.0755 0.0682
Car 0 0 0.7778 155.7459 159.2979 381.565 263.952 1.7259 1.6337 3.789 -6.2453 1.4999 13.1061 0.3332 0.4412 0.1419 0.2179
Car 0 0 -2.3114 1.0 183.1368 214.3909 373.6397 1.5857 1.6574 4.054 -6.6122 1.6837 6.7487 -3.0866 0.4231 0.2902 0.6907
Car 0 0 0.45 373.5838 180.7059 500.786 221.4058 1.3875 1.6345 4.4108 -6.5202 1.6965 26.9488 0.2126 0.4231 0.0485 0.2867
Car 0 0 -2.8055 330.3407 180.7938 462.0936 221.4783 1.4186 1.6126 4.2238 -7.7357 1.7162 26.1146 -3.0935 0.4218 0.0107 0.179
Car 0 0 -1.6353 618.3296 176.3978 650.0316 202.9697 1.5248 1.5878 3.6877 1.4104 1.7565 43.9207 -1.6032 0.4036 0.6657 0.2195
Car 0 0 0.5284 359.1716 179.2122 511.8116 231.1428 1.5328 1.6431 4.3825 -5.5375 1.7269 22.903 0.2912 0.3369 0.125 0.0001
Car 0 0 -2.3409 1.0 183.7583 155.6308 365.3006 1.5687 1.614 3.976 -6.8426 1.6846 6.9118 -3.1212 0.3353 0.0265 0.8149
Car 0 0 -0.5654 790.2184 175.888 904.4977 226.0293 1.763 1.6761 3.7638 8.5032 1.8542 26.2089 -0.2516 0.3194 0.125 0.0
Car 0 0 1.8532 472.799 177.8111 517.6535 205.1825 1.5745 1.6511 4.1234 -6.9866 1.8882 44.0765 1.696 0.2839 0.125 0.0
Car 0 0 -0.7807 754.836 170.1542 913.0464 252.176 1.8589 1.6309 3.8315 5.7955 1.8331 18.5452 -0.4778 0.2667 0.0298 0.4146