Car 0 0 -1.8565 709.481 188.4482 879.2855 302.408 1.443 1.6136 3.9241 2.6691 1.7222 11.5199 -1.6288 0.8762 0.867 0.8487
Car 0 0 -1.2997 307.5544 196.9358 487.7146 310.4653 1.4084 1.6146 3.9068 -3.1851 1.828 11.4736 -1.5705 0.8726 0.7784 0.8065
Car 0 0 1.9374 57.9844 207.2112 423.3327 374.9259 1.4024 1.6008 3.7203 -2.9342 1.7564 6.386 1.5067 0.8409 0.8196 0.7077
Car 0 0 -1.4743 491.4575 188.2112 551.8171 237.4677 1.4673 1.6316 3.9684 -2.9252 2.0074 24.1768 -1.5947 0.7574 0.7948 0.7493
Car 0 0 -1.7721 687.6534 191.2072 780.4933 262.7989 1.4249 1.5326 3.6275 2.7967 1.9148 17.2454 -1.6114 0.7552 0.8319 0.7147
Car 0 0 -1.6873 665.8956 183.0073 734.7674 239.9436 1.4875 1.586 3.6436 2.5272 1.8087 21.1777 -1.5686 0.6739 0.6568 0.5153
Car 0 0 1.6739 532.874 184.8948 570.6838 217.2739 1.4807 1.5778 3.6294 -2.9435 2.125 36.4643 1.5933 0.5791 0.728 0.4904
Car 0 0 -1.684 654.8436 175.6328 721.1322 236.2437 1.7094 1.6506 4.1106 2.2937 1.8029 22.5219 -1.5825 0.5681 0.3583 0.4213
Car 0 0 -1.6857 656.2759 173.2294 708.143 228.5719 1.7665 1.5204 3.4006 2.4077 1.8032 24.8782 -1.5892 0.4901 0.028 0.0741
Car 0 0 -1.6176 634.7176 182.7925 663.2152 208.3642 1.5059 1.6294 3.8595 2.4095 2.1564 45.8399 -1.5651 0.4011 0.5251 0.5991
Car 0 0 1.6315 566.7918 181.6856 586.6844 200.0942 1.5139 1.5603 3.9879 -2.9336 2.318 63.5512 1.5854 0.2653 0.125 0.0