Car 0 0 -2.002700090408325 794.37939453125 182.17999267578125 1108.7532958984375 355.3677978515625 1.4356000423431396 1.6283999681472778 4.076200008392334 3.370300054550171 1.5664000511169434 8.171199798583984 -1.6115000247955322 0.9021000266075134 0.8504999876022339 0.7835000157356262
Car 0 0 -1.8335000276565552 723.5689697265625 178.45559692382812 866.3125 274.9971923828125 1.5231000185012817 1.6222000122070312 4.031199932098389 3.2281999588012695 1.6404000520706177 13.527000427246094 -1.5992000102996826 0.8953999876976013 0.8579000234603882 0.9103999733924866
Car 0 0 1.9643000364303589 199.52830505371094 195.2808074951172 388.7119140625 294.1431884765625 1.4470000267028809 1.6406999826431274 4.249100208282471 -5.7316999435424805 1.929800033569336 13.640899658203125 1.56659996509552 0.8862000107765198 0.8810999989509583 0.8388000130653381
Car 0 0 1.8345999717712402 346.0679016113281 188.61300659179688 447.3048095703125 252.64010620117188 1.523800015449524 1.6294000148773193 3.8822999000549316 -5.852700233459473 2.0 20.10540008544922 1.551300048828125 0.8337000012397766 0.7416999936103821 0.6244999766349792
Car 0 0 1.8633999824523926 437.9767150878906 186.21449279785156 503.1405029296875 226.2451934814453 1.4752000570297241 1.5787999629974365 3.797100067138672 -5.745800018310547 2.0655999183654785 29.904499053955078 1.6735999584197998 0.7631000280380249 0.6288999915122986 0.42649999260902405
Car 0 0 1.37909996509552 684.9053955078125 181.15289306640625 751.8250122070312 231.41200256347656 1.4661999940872192 1.5733000040054321 3.599100112915039 3.383699893951416 1.7524000406265259 23.266399383544922 1.5235999822616577 0.6881999969482422 0.6600000262260437 0.8436999917030334
Car 0 0 -1.7272000312805176 666.9307861328125 181.40939331054688 717.375 219.2528076171875 1.455299973487854 1.5441999435424805 3.482599973678589 3.3117001056671143 1.8214000463485718 30.073400497436523 -1.6174999475479126 0.5703999996185303 0.6044999957084656 0.5360999703407288
Car 0 0 -1.6276999711990356 656.1828002929688 180.2180938720703 690.305908203125 210.14599609375 1.4797999858856201 1.562999963760376 3.3940999507904053 3.265399932861328 1.8747999668121338 38.120201110839844 -1.5422999858856201 0.499099999666214 0.6841999888420105 0.6162999868392944
Car 0 0 2.286799907684326 1.0 210.97120666503906 226.1259002685547 376.2840881347656 1.4490000009536743 1.618299961090088 4.126699924468994 -6.137400150299072 1.8518999814987183 6.611999988555908 1.538599967956543 0.4453999996185303 0.4325999915599823 0.6265000104904175
Car 0 0 2.4702999591827393 1081.3460693359375 145.0240936279297 1256.3759765625 265.9336853027344 1.6094000339508057 1.621899962425232 4.3404998779296875 9.226499557495117 1.21589994430542 10.89490032196045 -3.1101999282836914 0.3614000082015991 0.22349999845027924 0.09610000252723694
Car 0 0 1.7862000465393066 501.55859375 181.41000366210938 538.3007202148438 206.57859802246094 1.454800009727478 1.5534000396728516 3.6308999061584473 -5.58459997177124 2.00819993019104 44.86370086669922 1.6624000072479248 0.3515999913215637 0.21879999339580536 0.4887999892234802