Car 0 0 2.5707 796.1504 183.7612 1036.1211 273.2912 1.516 1.6035 3.925 5.84 1.7421 13.8527 2.9697 0.7534 0.5264 0.6914
Car 0 0 -2.8199 14.8858 164.7046 356.3 284.2938 1.7034 1.7312 4.298 -6.4851 1.5911 11.1189 2.9352 0.7439 0.6692 0.1101
Car 0 0 -0.6045 926.6552 189.415 1279.0 330.9805 1.5074 1.6318 3.9792 5.9983 1.733 8.8939 -0.0111 0.735 0.6279 0.4544
Car 0 0 -1.6622 631.9218 179.6541 678.0302 217.1162 1.4677 1.6067 3.7181 1.8005 1.7694 30.5781 -1.6034 0.6997 0.8068 0.3926
Car 0 0 -0.487 753.974 187.8221 957.4225 257.0136 1.3988 1.6375 4.2752 5.4693 1.7666 16.4304 -0.1656 0.6263 0.479 0.7655
Car 0 0 3.1245 324.1192 179.7427 481.0544 231.2906 1.4752 1.6678 4.3364 -6.2524 1.6911 21.8632 2.846 0.5541 0.0825 0.0
Cyclist 0 0 -1.4697 499.2608 172.3852 525.5598 228.8756 1.7211 0.5352 1.6419 -3.1768 1.7133 23.2268 -1.6056 0.5317 0.4165 0.2332
Car 0 0 -2.7773 343.5032 180.223 471.6983 220.7633 1.4194 1.6102 4.1879 -7.3862 1.7008 26.3366 -3.0508 0.4996 0.0119 0.5831
Car 0 0 0.7296 177.9578 160.2796 401.7471 254.2586 1.6867 1.6487 3.9198 -6.3352 1.4572 14.1348 0.3082 0.4448 0.0015 0.2453
Car 0 0 -0.4546 885.1023 193.1171 1197.2871 296.2952 1.4523 1.6632 4.0912 6.6304 1.7926 11.3981 0.0722 0.4262 0.5405 0.3862
Car 0 0 -1.8441 745.2118 172.0037 853.2946 250.4466 1.7849 1.6724 4.2276 4.7103 1.7912 18.7998 -1.5986 0.4122 0.125 0.2578
Car 0 0 -1.6514 617.9945 176.3397 648.3166 203.1334 1.5764 1.6197 4.0268 1.3564 1.8018 44.9693 -1.6212 0.4019 0.4047 0.2289
Car 0 0 -2.422 1.0 181.6258 251.4754 356.9588 1.5378 1.6767 4.3516 -6.6419 1.6708 7.3168 3.1241 0.3333 0.3262 0.4435
Car 0 0 0.5097 364.48 179.5099 513.6022 229.663 1.5192 1.6433 4.3513 -5.5126 1.7271 23.3543 0.2779 0.3315 0.125 0.0
Car 0 0 -0.7279 747.2132 172.5553 898.9889 250.3551 1.7722 1.6072 3.6884 5.5001 1.7975 18.5801 -0.4401 0.3128 0.0343 0.5557
Car 0 0 0.4711 385.4115 181.4661 502.4898 218.8967 1.4189 1.6648 4.254 -6.5937 1.7652 28.6132 0.2447 0.2994 0.125 0.6571
Car 0 0 -0.9766 1075.887 188.7474 1241.0 374.2258 1.5218 1.6145 3.9133 6.004 1.6309 5.7028 -0.1655 0.2937 0.0301 0.6856