Car 0 0 -1.985 790.3272 192.3892 1134.9937 377.9513 1.4849 1.5584 3.476 2.826 1.7124 6.7879 -1.5905 0.8175 0.8349 0.8476
Car 0 0 -2.7207 170.2438 177.1744 405.0634 261.1534 1.5602 1.6475 4.0663 -6.4231 1.6354 14.3084 3.1406 0.623 0.6288 0.5356
Car 0 0 -0.4672 768.4012 178.3754 943.2291 242.0864 1.4847 1.6328 3.9294 6.0564 1.6303 18.1608 -0.1453 0.609 0.1754 0.1716
Car 0 0 -1.648 635.513 172.772 670.6102 203.4601 1.5656 1.6197 3.5939 2.2111 1.5569 38.4259 -1.5905 0.5955 0.6305 0.2161
Car 0 0 -2.9202 276.5594 167.7273 453.6422 233.4163 1.7771 1.7096 4.226 -6.8987 1.6404 20.5037 3.0384 0.5761 0.5265 0.4549
Car 0 0 -0.3472 709.4096 177.0776 846.7529 223.2344 1.4644 1.6304 4.1643 5.5708 1.6252 24.3242 -0.122 0.52 0.0965 0.3255
Car 0 0 -0.6195 825.6945 171.4538 1157.8041 289.884 1.524 1.6432 4.0335 5.4954 1.5239 10.6809 -0.1443 0.5116 0.3971 0.1368
Car 0 0 -2.7817 224.7336 173.7867 411.6488 246.3267 1.5363 1.6169 3.7215 -6.652 1.5634 16.4861 3.1179 0.4928 0.334 0.7628
Car 0 0 2.8604 735.6184 179.1137 883.6418 229.5321 1.481 1.6435 3.9988 6.1752 1.6832 22.5746 3.1274 0.395 0.1389 0.5304
Car 0 0 -2.6329 79.811 176.1161 310.3899 269.094 1.4897 1.5295 3.3491 -7.0671 1.5432 12.3656 3.1311 0.3804 0.047 0.3444
Car 0 0 -2.0476 770.1928 176.5805 885.7698 244.284 1.5404 1.5002 3.3118 5.3697 1.6431 18.2602 -1.7616 0.3735 0.125 0.2196
Car 0 0 0.8241 1.0 156.4042 252.0512 357.0583 1.7114 1.7529 4.4914 -6.1295 1.5756 6.7508 0.0869 0.3613 0.0491 0.5318
Car 0 0 -0.2928 717.2844 167.9593 836.9228 217.6458 1.7167 1.691 4.0496 5.9375 1.56 25.9689 -0.068 0.353 0.0155 0.2515
Car 0 0 -2.8877 401.4899 172.9752 523.1176 212.1233 1.4787 1.6737 4.2123 -5.6243 1.4756 27.7731 -3.0875 0.3002 0.0727 0.0
Car 0 0 -1.6323 626.3398 173.185 648.9782 192.8822 1.5586 1.5857 3.7852 2.1955 1.5736 58.513 -1.5948 0.2918 0.125 0.0