Pedestrian 0 0 -1.9598 849.5849 139.1027 947.5091 369.6937 1.8029 0.592 0.6805 2.3525 1.472 5.884 -1.5795 0.7477 0.4305 0.3723
Pedestrian 0 0 1.8528 496.981 160.9755 537.9914 247.483 1.8336 0.6603 0.8882 -1.8518 1.3936 15.6109 1.7347 0.6914 0.6276 0.6517
Pedestrian 0 0 1.5927 477.9884 164.7709 512.9928 250.2542 1.7261 0.6233 0.663 -2.2439 1.3878 14.9417 1.4436 0.6744 0.4842 0.139
Pedestrian 0 0 2.9 968.0559 117.7455 1082.7738 306.1026 1.9297 0.57 1.0469 4.4871 1.283 7.7348 -2.8575 0.5534 0.3076 0.4822
Pedestrian 0 0 -1.7989 621.7542 166.6276 648.083 229.716 1.7149 0.5872 0.8155 0.8977 1.3078 20.1161 -1.7544 0.4944 0.0591 0.0
Pedestrian 0 0 -1.2413 570.5624 162.9562 601.6228 234.1966 1.7986 0.6316 0.8722 -0.4369 1.3228 18.8684 -1.2644 0.4937 0.5045 0.3649
Car 0 0 1.6215 543.9411 171.4602 571.582 193.7114 1.4663 1.6938 4.3078 -2.9653 0.7803 49.3955 1.5616 0.4802 0.6367 0.6992
Pedestrian 0 0 0.8005 221.29 195.045 338.94 377.7394 1.5042 0.6631 0.8261 -2.676 1.6087 5.7758 0.3666 0.4368 0.0354 0.0
Cyclist 0 0 -1.49 570.8276 164.8993 601.522 235.2644 1.7437 0.5816 1.7982 -0.4384 1.3201 18.724 -1.5134 0.4332 0.125 0.0
Pedestrian 0 0 3.1222 654.1174 166.1209 677.9686 223.9318 1.6901 0.6182 0.7626 1.899 1.2391 21.4978 -3.0729 0.425 0.068 0.0
Pedestrian 0 0 0.8851 161.8203 198.6904 293.5623 374.562 1.5028 0.5801 0.7311 -3.1281 1.6416 5.8395 0.3933 0.4145 0.125 0.0
Pedestrian 0 0 1.5349 628.7232 162.3971 657.2884 230.2071 1.7704 0.6246 0.8439 1.0722 1.2688 19.2252 1.5907 0.3748 0.1195 0.0
Pedestrian 0 0 -1.7771 599.2716 161.4065 625.1488 215.4412 1.7806 0.6395 0.8371 0.3272 1.1211 24.2652 -1.7637 0.2747 0.0085 0.0