Cyclist 0 0 0.9406 704.5147 143.9953 837.9312 312.2452 1.8785 0.5859 1.9629 1.9885 1.4463 8.8623 1.1613 0.7404 0.3607 0.0
Pedestrian 0 0 1.7177 461.6666 160.5246 502.288 262.6949 1.7971 0.623 0.7656 -2.2076 1.4242 13.0978 1.5508 0.7395 0.4081 0.6845
Pedestrian 0 0 -1.9103 565.4867 166.3389 609.5882 264.461 1.6562 0.6066 0.8048 -0.3002 1.3997 12.5932 -1.9341 0.5941 0.4231 0.5019
Cyclist 0 0 1.4141 726.1567 140.7984 808.3814 297.225 1.8837 0.5928 1.8428 2.1446 1.3872 9.5107 1.6359 0.5534 0.0129 0.0
Pedestrian 0 0 -1.7871 865.3685 149.4172 920.303 292.2112 1.754 0.6165 0.7889 3.7215 1.3578 9.3498 -1.4083 0.4923 0.1775 0.2357
Pedestrian 0 0 0.9518 375.2634 179.9083 430.2446 264.2033 1.72 0.6697 0.826 -4.3002 1.6861 15.3994 0.6795 0.4874 0.125 0.0
Pedestrian 0 0 0.9415 716.648 137.8083 819.9024 299.1408 1.9468 0.6674 0.9751 2.0901 1.4147 9.2859 1.1629 0.4461 0.125 0.0
Cyclist 0 0 1.655 507.6388 168.002 543.8626 246.8246 1.7241 0.5825 1.809 -1.7669 1.4179 16.4809 1.5482 0.4438 0.5651 0.6772
Pedestrian 0 0 -1.6027 557.9049 161.5477 592.0866 245.9909 1.7361 0.6396 0.795 -0.5991 1.3237 15.2175 -1.642 0.3559 0.125 0.0
Pedestrian 0 0 1.4545 353.7022 184.028 387.0786 264.5271 1.5622 0.5945 0.6682 -4.6989 1.6113 14.4736 1.1406 0.341 0.0173 0.0
Pedestrian 0 0 -1.5543 533.5446 163.4552 558.7134 216.8435 1.7908 0.6876 0.7559 -1.9168 1.1741 24.5531 -1.6322 0.3402 0.125 0.0
Pedestrian 0 0 -1.5871 557.8746 164.9066 582.637 225.0189 1.7125 0.6288 0.8389 -0.9466 1.2343 21.0148 -1.6321 0.3035 0.0 0.0
Pedestrian 0 0 1.7464 411.8442 184.5284 450.4662 262.5518 1.573 0.6141 0.7468 -3.6281 1.6457 15.1775 1.5118 0.2983 0.0071 0.0
Cyclist 0 0 1.634 408.916 181.2552 452.2223 260.9101 1.7099 0.6237 1.713 -3.9409 1.7093 16.4276 1.3986 0.2971 0.125 0.0
Pedestrian 0 0 1.421 380.177 184.2998 417.7854 263.8085 1.5997 0.6282 0.783 -4.2938 1.6664 15.0813 1.1436 0.2626 0.125 0.0
Pedestrian 0 0 1.29 344.4223 178.3297 382.7476 263.9644 1.5695 0.5595 0.5762 -4.5795 1.5095 13.7251 0.9679 0.2565 0.023 0.0
Pedestrian 0 0 1.4363 505.1052 162.9971 541.6213 246.3554 1.8082 0.6428 0.8437 -1.7996 1.4036 16.2211 1.3258 0.2511 0.125 0.0